#SUBENT      M0643002
#AUTHORS     B.S.Ishkhanov, I.M.Kapitonov, E.V.Lazutin, I.M.Piskarev, 
#+           O.P.Shevchenko
#REFERENCE   Yadernaya Fizika Vol.20, p.433
#YEAR        1974
#TITLE       Photoneutron cross sections for 64Zn and 68Zn in  the
#+           Giant Dipole Resonance region.
#REACTION    30-ZN-64(G,X)0-NN-1,,SIG,,BRS
#QUANTITY    Cross section
#SUBP       M0643002 
:Yadernaya Fizika Vol.20, p.433
#Ene,MeV     Sig,mb      dSig,mb
 12.05       5.7         2.17
 12.1        16.22       2.65
 12.15       23.57       2.21
 12.2        33.94       2.37
 12.25       43.41       2.29
 12.3        28.07       2.13
 12.35       26.51       2.33
 12.4        20          2.09
 12.45       16.55       2.33
 12.5        18.76       2.13
 12.55       16.79       2.09
 12.6        19.72       2.37
 12.65       18.92       2.05
 12.7        15.66       2.49
 12.75       11          2.49
 12.8        8.31        2.61
 12.85       9.52        2.53
 12.9        17.55       2.53
 12.95       28.19       2.41
 13          37.99       2.41
 13.05       40.32       2.73
 13.1        39.96       2.65
 13.15       29.07       2.69
 13.2        18.22       2.69
 13.25       9.47        2.65
 13.3        8.51        2.5
 13.35       14.42       2.61
 13.4        20.2        2.77
 13.45       27.17       2.77
 13.5        34.42       2.73
 13.55       35.45       2.89
 13.6        35.49       2.69
 13.65       33.9        2.77
 13.7        27.45       2.26
 13.75       27.25       2.69
 13.8        29.03       2.73
 13.85       27.05       2.34
 13.9        31.8        2.5
 13.95       30.14       2.42
 14          31.68       2.61
 14.05       36.61       2.7
 14.1        40.62       3.35
 14.15       46.49       2.89
 14.2        46.68       2.89
 14.25       42.76       2.89
 14.3        41.09       2.7
 14.35       35.12       2.7
 14.4        30.75       3.17
 14.45       34.38       2.52
 14.5        31.12       2.61
 14.55       29.63       3.35
 14.6        35.5        2.7
 14.65       32.8        2.61
 14.7        42.76       3.63
 14.75       48.63       3.35
 14.8        52.2        3.73
 14.85       67.95       3.63
 14.9        72.24       3.45
 14.95       66.38       4.01
 15          64.39       5.31
 15.05       53.15       5.11
 15.1        49.23       5.14
 15.15       50.88       6.53
 15.2        48.11       6
 15.25       50.62       5.74
 15.3        54.84       5.47
 15.35       60.18       5.14
 15.4        65.45       4.62
 15.45       71.71       4.81
 15.5        78.31       4.15
 15.55       80.29       4.42
 15.6        84.23       4.13
 15.65       86.15       4.75
 15.7        90.97       5.08
 15.75       92.13       4.01
 15.8        90.07       4.28
 15.85       85.88       5.02
 15.9        82.95       4.82
 15.95       80.09       4.68
 16          77.26       4.95
 16.05       81.87       4.62
 16.1        85.86       4.85
 16.15       84.32       4.85
 16.2        86.19       4.25
 16.25       87.59       4.45
 16.3        85.93       4.05
 16.35       88.08       4.05
 16.4        83.96       4.65
 16.45       81.97       5.04
 16.5        80.39       4.25
 16.55       76.67       4.31
 16.6        71.95       4.38
 16.65       69.61       4.38
 16.7        66.69       5.51
 16.75       66.06       4.91
 16.8        64.16       5.04
 16.85       65.85       4.71
 16.9        65.23       4.71
 16.95       65.22       5.11
 17          68.96       5.11
 17.05       72.08       4.71
 17.1        78.07       4.1
 17.15       80          5.42
 17.2        79.05       4.96
 17.25       79.85       5.48
 17.3        79.89       5.14
 17.35       82.16       5.02
 17.4        80.84       5.55
 17.45       82.09       5.35
 17.5        86.85       4.96
 17.55       89.82       5.29
 17.6        90.75       5.81
 17.65       86.39       4.89
 17.7        88.11       4.89
 17.75       83.08       5.68
 17.8        87.18       5.15
 17.85       92.4        5.35
 17.9        93.66       5.68
 17.95       84.01       5.68
 18          78.33       5.48
 18.05       73.91       5.2
 18.1        71.32       5.92
 18.15       73.8        5.72
 18.2        77.28       6.12
 18.25       85.59       6.51
 18.3        80.13       6.05
 18.35       79.68       6.05
 18.4        79.58       4.87
 18.45       85.13       6.18
 18.5        82.11       5.13
 18.55       90.62       5.59
 18.6        85.11       5.59
 18.65       80.37       5.43
 18.7        81.31       5.99
 18.75       79.55       5.53
 18.8        72.67       5.79
 18.85       71.68       6.05
 18.9        72.74       7.76
 18.95       68.63       9.08
 19          67.47       10.13
 19.05       63.33       9.28
 19.1        61.09       9.8
 19.15       59.24       9.61
 19.2        60.38       8.36
 19.25       61.97       6.45
 19.3        65.13       6.58
 19.35       70.68       6.97
 19.4        70.79       6.58
 19.45       70.51       5.99
 19.5        68.63       6.97
 19.55       71.32       7.5
 19.6        71.81       6.12
 19.65       72.12       5.99
 19.7        71.86       5.99
 19.75       71.88       6.18
 19.8        72.85       5.66
 19.85       73.84       6.51
 19.9        74.12       6.58
 19.95       74.18       5.79
 20          74.16       6.32
 20.05       76.83       5.99
 20.1        79.82       5.92
 20.15       82.41       6.38
 20.2        80.07       6.45
 20.25       77.7        6.38
 20.3        77.24       6.58
 20.35       76.99       6.91
 20.4        76.68       6.45
 20.45       75.87       7.57
 20.5        71.97       6.32
 20.55       68.93       6.51
 20.6        66.16       6.84
 20.65       63.99       6.78
 20.7        60.59       6.64
 20.75       59.89       6.84
 20.8        59.66       6.84
 20.85       59.69       6.64
 20.9        60          5.99
 20.95       59.69       6.13
 21          54.89       5.75
 21.05       53.93       6.07
 21.1        50.54       6.13
 21.15       49.06       5.43
 21.2        47.34       6.26
 21.25       44.71       6.71
 21.3        44.79       5.69
 21.35       42.6        5.62
 21.4        43.24       5.37
 21.45       43.56       6.2
 21.5        44.45       6.2
 21.55       44          6.13
 21.6        46.55       7.03
 21.65       49.17       7.35
 21.7        50.9        6.01
 21.75       49.81       6.2
 21.8        47.82       6.39
 21.85       47.05       6.65
 21.9        46.54       6.01
 21.95       46.03       6.65
 22          50.56       6.45
 22.05       49.86       6.01
 22.1        50.56       6.01
 22.15       47.68       6.52
 22.2        48.57       6.26
 22.25       52.02       6.9
 22.3        53.3        7.03
 22.35       56.88       6.26
 22.4        54.25       6.07
 22.45       50.86       6.9
 22.5        50.03       6.58
 22.55       49.33       6.52
 22.6        48.17       7.03
 22.65       45.62       6.9
 22.7        46.32       6.07
 22.75       45.42       6.45
 22.8        45.8        6.97
 22.85       45.03       6.71
 22.9        46.63       6.52
 22.95       46.11       7.16
 23          44.58       7.16
 23.05       43.81       7.28
 23.1        46.75       7.16
 23.15       43.68       6.77
 23.2        42.85       7.22
 23.25       40.93       6.97
 23.3        38.88       7.09
 23.35       35.87       7.03
 23.4        36.96       7.09
 23.45       38.81       7.28
 23.5        44.17       6.52
 23.55       45.51       6.71
 23.6        48.07       6.97
 23.65       46.09       6.65
 23.7        47.3        6.07
 23.75       47.55       6.2
 23.8        47.48       7.03
 23.85       47.55       6.97
 23.9        47.74       6.77
 23.95       46.39       6.58
 24          44.03       6.84
 24.05       46.91       8.45
 24.1        51.09       8.81
 24.15       56.07       8.8
 24.2        58.65       8.38
 24.25       56.11       9.5
 24.3        56.1        9.71
 24.35       57.66       8.94
 24.4        59.75       8.94
 24.45       57.45       9.78
 24.5        57.25       8.24
 24.55       58.65       7.69
 24.6        57.45       8.52
 24.65       57.23       8.66
 24.7        59.51       9.36
 24.75       57.45       8.94
 24.8        57.31       8.73
 24.85       56.4        8.8
 24.9        57.51       9.78
 24.95       53.38       9.29
 25          51.1        9.29
 25.05       46.51       9.57
 25.1        46.23       8.38
 25.15       47.44       7.6
 25.2        47.91       7.9
 25.25       46.53       7.7
 25.3        38.8        7.7
 25.35       40.67       7.2
 25.4        35.71       6.81
 25.45       32.64       6.91
 25.5        30.48       6.71
 25.55       26.92       6.51
 25.6        24.15       6.71
 25.65       21.77       8.29
 25.7        19.18       7.11
 25.75       20.94       6.71
 25.8        28.75       8
 25.85       29.52       8
 25.9        23.48       6.61
 25.95       22.58       7.01
 26          23.85       7.7
 26.05       25.71       7.2
 26.1        29.36       6.91
 26.15       26.38       6.71
 26.2        25.29       6.42
 26.25       27.75       6.91
 26.3        29.02       7.21
 26.35       21.21       6.91
 26.4        25.74       6.91
 26.45       30.08       7.3
 26.5        34.31       7.4
 26.55       33.8        7.3
 26.6        34.19       8.09
 26.65       37.04       7.21
 26.7        40.75       7.2
 26.75       40.68       6.71
 26.8        32.37       7.5
 26.85       29.31       8.39
 26.9        30.2        8.88
 26.95       31.46       8.59
 27          29.97       6.51
 27.15       26.21       7.11
 27.2        23.83       8.29
#END
