0.9 130 82
82
0.9 0
1 6.84842e-28
1.5 1.88788e-27
2 4.00788e-27
2.5 7.34911e-27
3 1.22708e-26
3.5 1.92073e-26
4 2.86954e-26
4.5 4.14131e-26
5 5.82363e-26
5.5 8.03177e-26
6 1.09191e-25
6.5 1.46883e-25
7 1.95964e-25
7.5 2.59277e-25
8 3.38867e-25
8.5 4.33943e-25
9 5.4068e-25
9.5 6.58681e-25
10 7.98322e-25
10.5 9.77996e-25
11 1.21863e-24
11.5 1.54475e-24
12 1.99076e-24
12.5 2.61403e-24
13 3.53656e-24
13.5 5.06004e-24
14 6.62136e-24
14.5 8.09484e-24
15 1.05715e-23
15.5 1.38566e-23
16 1.74316e-23
16.5 2.01742e-23
17 2.08932e-23
17.5 1.94844e-23
18 1.69415e-23
18.5 1.42869e-23
19 1.20366e-23
19.5 1.0322e-23
20 9.10302e-24
21 7.60003e-24
22 6.19761e-24
23 4.73522e-24
24 3.66335e-24
25 2.94467e-24
26 2.4486e-24
27 2.09031e-24
28 1.8213e-24
29 1.61313e-24
30 1.44827e-24
32 1.20685e-24
34 1.04271e-24
36 9.27935e-25
38 8.46488e-25
40 7.88348e-25
42 7.46853e-25
44 7.1738e-25
46 6.96623e-25
48 6.82175e-25
50 6.72262e-25
52 6.65566e-25
54 6.61105e-25
56 6.58145e-25
58 6.56137e-25
60 6.54675e-25
62 6.53454e-25
64 6.52252e-25
66 6.50906e-25
68 6.49301e-25
70 6.47354e-25
72 6.45013e-25
74 6.42245e-25
76 6.39033e-25
78 6.35371e-25
80 6.31265e-25
85 6.19142e-25
90 6.04631e-25
95 5.88145e-25
100 5.70147e-25
110 5.31516e-25
120 4.92462e-25
130 4.56463e-25
