0.9 130 82
82
0.9 0
1 2.44616e-27
1.5 6.99459e-27
2 1.52779e-26
2.5 2.87124e-26
3 4.90619e-26
3.5 7.8593e-26
4 1.203e-25
4.5 1.78242e-25
5 2.58037e-25
5.5 3.67579e-25
6 5.17914e-25
6.5 7.23958e-25
7 1.0041e-24
7.5 1.37818e-24
8 1.86634e-24
8.5 2.48133e-24
9 3.17077e-24
9.5 3.78878e-24
10 4.32862e-24
10.5 5.00962e-24
11 6.03887e-24
11.5 7.54898e-24
12 9.65167e-24
12.5 1.24498e-23
13 1.59828e-23
13.5 2.00844e-23
14 2.41886e-23
14.5 2.73238e-23
15 2.85807e-23
15.5 2.77676e-23
16 2.54801e-23
16.5 2.25564e-23
17 1.96149e-23
17.5 1.69634e-23
18 1.46965e-23
18.5 1.28044e-23
19 1.1238e-23
19.5 9.94121e-24
20 8.86264e-24
21 7.17714e-24
22 5.95483e-24
23 5.04003e-24
24 4.33571e-24
25 3.78012e-24
26 3.33288e-24
27 2.96681e-24
28 2.66314e-24
29 2.40856e-24
30 2.19338e-24
32 1.85407e-24
34 1.60511e-24
36 1.42123e-24
38 1.28525e-24
40 1.1849e-24
42 1.11115e-24
44 1.05724e-24
46 1.01807e-24
48 9.89796e-25
50 9.69514e-25
52 9.55029e-25
54 9.44687e-25
56 9.37242e-25
58 9.31756e-25
60 9.27528e-25
62 9.2403e-25
64 9.20872e-25
66 9.17763e-25
68 9.14494e-25
70 9.10914e-25
72 9.06916e-25
74 9.02431e-25
76 8.97417e-25
78 8.91849e-25
80 8.85723e-25
85 8.68024e-25
90 8.47205e-25
95 8.23772e-25
100 7.98325e-25
110 7.43937e-25
120 6.89109e-25
130 6.38636e-25
