0.9 130 82
82
0.9 0
1 1.51944e-28
1.5 3.19171e-27
2 1.16459e-26
2.5 2.71155e-26
3 5.37716e-26
3.5 1.04347e-25
4 1.91518e-25
4.5 3.16132e-25
5 4.7544e-25
5.5 6.69896e-25
6 9.04664e-25
6.5 1.18569e-24
7 1.51277e-24
7.5 1.87597e-24
8 2.27349e-24
8.5 2.73898e-24
9 3.29176e-24
9.5 3.98117e-24
10 4.87264e-24
10.5 6.02503e-24
11 7.51941e-24
11.5 9.45535e-24
12 1.19474e-23
12.5 1.50989e-23
13 1.89323e-23
13.5 2.32536e-23
14 2.74856e-23
14.5 3.06628e-23
15 3.18469e-23
15.5 3.07775e-23
16 2.80389e-23
16.5 2.45553e-23
17 2.10551e-23
17.5 1.79166e-23
18 1.5259e-23
18.5 1.3069e-23
19 1.12832e-23
19.5 9.829e-24
20 8.64058e-24
21 6.83121e-24
22 5.56818e-24
23 4.65958e-24
24 3.98792e-24
25 3.47954e-24
26 3.0869e-24
27 2.7784e-24
28 2.53242e-24
29 2.33383e-24
30 2.17176e-24
32 1.92738e-24
34 1.7566e-24
36 1.63436e-24
38 1.54513e-24
40 1.47891e-24
42 1.429e-24
44 1.39082e-24
46 1.36111e-24
48 1.33757e-24
50 1.3185e-24
52 1.30264e-24
54 1.28907e-24
56 1.27709e-24
58 1.26617e-24
60 1.25589e-24
62 1.24597e-24
64 1.23617e-24
66 1.22632e-24
68 1.21628e-24
70 1.20598e-24
72 1.19534e-24
74 1.18432e-24
76 1.1729e-24
78 1.16106e-24
80 1.14881e-24
85 1.11642e-24
90 1.0818e-24
95 1.0454e-24
100 1.00778e-24
110 9.31268e-25
120 8.57155e-25
130 7.9027e-25
