4.9463 130 77
77
4.9463 0
5 1.88649e-26
5.4 2.22487e-26
6 2.70865e-26
6.5 3.17175e-26
7 3.70174e-26
7.5 4.31868e-26
8 5.05052e-26
8.5 5.9332e-26
9 7.01661e-26
10 1.09989e-25
10.5 1.40194e-25
11 2.50947e-25
11.5 2.0092e-25
12 2.8093e-25
12.5 3.00068e-25
13 3.40884e-25
13.7 4.00527e-25
14 3.60536e-25
14.5 2.70598e-25
14.7 2.51309e-25
15 4.50326e-25
15.5 2.50623e-25
16 2.1068e-25
16.5 3.09988e-25
17 2.50395e-25
17.5 2.30673e-25
18 2.00615e-25
18.5 2.30246e-25
19 3.00146e-25
19.5 3.90447e-25
20 4.999e-25
20.5 5.69909e-25
21 7.00175e-25
21.5 5.23476e-25
22 5.46797e-25
22.5 7.17614e-25
23 8.46903e-25
23.5 9.67749e-25
24 1.0591e-24
24.5 1.10431e-24
25 1.10003e-24
26 9.86285e-25
27 8.26919e-25
28 6.84757e-25
29 5.73383e-25
30 4.88842e-25
31 4.24394e-25
32 3.74423e-25
33 3.3489e-25
34 3.02965e-25
35 2.76689e-25
36 2.54682e-25
37 2.35965e-25
38 2.19838e-25
39 2.0577e-25
40 1.93361e-25
42 1.72435e-25
44 1.55367e-25
46 1.46319e-25
48 1.4069e-25
50 1.37261e-25
54 1.32253e-25
58 1.28264e-25
60 1.26514e-25
65 1.22546e-25
70 1.18886e-25
75 1.15307e-25
80 1.11707e-25
85 1.08028e-25
90 1.04258e-25
95 1.00418e-25
100 9.65386e-26
105 9.26588e-26
110 8.88389e-26
120 8.15202e-26
130 7.49804e-26
