7.8237 130 70
70
7.8237 0
7.9237 3.129e-27
9 2.1797e-26
10 5.7495e-26
11 1.14864e-25
12 2.75188e-25
13 4.87134e-25
14 9.05183e-25
15 1.74019e-24
16 3.1177e-24
16.5 3.76403e-24
17 4.08219e-24
17.5 4.01494e-24
18 3.73456e-24
18.5 3.45409e-24
19 3.31227e-24
19.5 3.39258e-24
20 3.76816e-24
20.5 4.50267e-24
21 5.54201e-24
21.5 6.4783e-24
22 6.65282e-24
22.5 5.96109e-24
23 4.93599e-24
24 3.26978e-24
25 2.32052e-24
26 1.77864e-24
27 1.34811e-24
28 1.09615e-24
29 9.21007e-25
30 7.94862e-25
31 7.01159e-25
32 6.29787e-25
33 5.74271e-25
34 5.30324e-25
35 4.95016e-25
36 4.66307e-25
37 4.42707e-25
38 4.23138e-25
39 4.06758e-25
40 3.92968e-25
42 3.71279e-25
44 3.55319e-25
46 3.43329e-25
48 3.34119e-25
50 3.26899e-25
52 3.2111e-25
54 3.1633e-25
56 3.1229e-25
58 3.0875e-25
60 3.0557e-25
62 3.0263e-25
64 2.9982e-25
66 2.971e-25
68 2.944e-25
70 2.9169e-25
72 2.8895e-25
74 2.8615e-25
76 2.8327e-25
78 2.8033e-25
80 2.773e-25
85 2.6936e-25
90 2.6093e-25
95 2.5212e-25
100 2.4302e-25
105 2.3379e-25
110 2.2456e-25
115 2.1548e-25
120 2.067e-25
130 1.9058e-25
