0.9 130 82
82
0.9 0
1 1.53568e-27
1.5 4.39015e-27
2 9.57091e-27
2.5 1.79262e-26
3 3.0483e-26
3.5 4.85198e-26
4 7.36673e-26
4.5 1.08051e-25
5 1.54492e-25
5.5 2.16761e-25
6 2.9983e-25
6.5 4.09846e-25
7 5.53255e-25
7.5 7.34851e-25
8 9.58011e-25
8.5 1.23268e-24
9 1.58039e-24
9.5 2.01417e-24
10 2.52715e-24
10.5 3.15382e-24
11 3.99386e-24
11.5 5.1592e-24
12 6.76586e-24
12.5 8.94946e-24
13 1.18545e-23
13.5 1.55486e-23
14 1.98088e-23
14.5 2.38568e-23
15 2.64559e-23
15.5 2.67235e-23
16 2.48888e-23
16.5 2.19443e-23
17 1.88057e-23
17.5 1.5962e-23
18 1.35679e-23
18.5 1.16141e-23
19 1.00354e-23
19.5 8.75857e-24
20 7.71925e-24
21 6.13863e-24
22 5.02812e-24
23 4.21824e-24
24 3.60802e-24
25 3.13543e-24
26 2.76103e-24
27 2.45888e-24
28 2.21137e-24
29 2.00622e-24
30 1.83462e-24
32 1.56774e-24
34 1.3753e-24
36 1.2355e-24
38 1.13386e-24
40 1.06026e-24
42 1.00736e-24
44 9.69734e-25
46 9.43322e-25
48 9.25082e-25
50 9.12728e-25
52 9.04541e-25
54 8.99233e-25
56 8.95838e-25
58 8.93635e-25
60 8.92085e-25
62 8.90792e-25
64 8.89463e-25
66 8.87887e-25
68 8.85914e-25
70 8.83442e-25
72 8.80402e-25
74 8.76754e-25
76 8.72479e-25
78 8.67573e-25
80 8.62046e-25
85 8.45643e-25
90 8.25927e-25
95 8.03481e-25
100 7.78945e-25
110 7.2623e-25
120 6.72904e-25
130 6.23737e-25
