0.9 130 82
82
0.9 0
1 7.35576e-28
1.5 1.98288e-27
2 4.14058e-27
2.5 7.49438e-27
3 1.23789e-26
3.5 1.91942e-26
4 2.84285e-26
4.5 4.06893e-26
5 5.67487e-26
5.5 7.76084e-26
6 1.04591e-25
6.5 1.39465e-25
7 1.8461e-25
7.5 2.43186e-25
8 3.19161e-25
8.5 4.16697e-25
9 5.37811e-25
9.5 6.77746e-25
10 8.23297e-25
10.5 9.65167e-25
11 1.11452e-24
11.5 1.29739e-24
12 1.53903e-24
12.5 1.8603e-24
13 2.28155e-24
13.5 2.82574e-24
14 3.51846e-24
14.5 4.38418e-24
15 5.43709e-24
15.5 6.66489e-24
16 8.00576e-24
16.5 9.3271e-24
17 1.04308e-23
17.5 1.11131e-23
18 1.12602e-23
18.5 1.09047e-23
19 1.01916e-23
19.5 9.29439e-24
20 8.3529e-24
21 6.62803e-24
22 5.27884e-24
23 4.27386e-24
24 3.52706e-24
25 2.96402e-24
26 2.53118e-24
27 2.19177e-24
28 1.92077e-24
29 1.7009e-24
30 1.52011e-24
32 1.24363e-24
34 1.04633e-24
36 9.02562e-25
38 7.96522e-25
40 7.17793e-25
42 6.5916e-25
44 6.15442e-25
46 5.82836e-25
48 5.58512e-25
50 5.4035e-25
52 5.26753e-25
54 5.16516e-25
56 5.0873e-25
58 5.02704e-25
60 4.97919e-25
62 4.9398e-25
64 4.90589e-25
66 4.87523e-25
68 4.84614e-25
70 4.81739e-25
72 4.78806e-25
74 4.75751e-25
76 4.72527e-25
78 4.69104e-25
80 4.65464e-25
85 4.55372e-25
90 4.43908e-25
95 4.31252e-25
100 4.17661e-25
110 3.88876e-25
120 3.6003e-25
130 3.33548e-25
