0.9 130 82
82
0.9 0
1 7.59075e-27
1.5 2.06604e-26
2 4.32697e-26
2.5 8.13864e-26
3 1.47705e-25
3.5 2.45391e-25
4 3.69725e-25
4.5 5.21459e-25
5 7.07726e-25
5.5 9.37941e-25
6 1.2198e-24
6.5 1.55438e-24
7 1.9381e-24
7.5 2.38171e-24
8 2.92712e-24
8.5 3.64482e-24
9 4.6115e-24
9.5 5.94553e-24
10 7.82069e-24
10.5 1.05051e-23
11 1.44014e-23
11.5 2.00249e-23
12 2.76671e-23
12.5 3.63066e-23
13 4.2776e-23
13.5 4.49192e-23
14 4.46363e-23
14.5 4.37494e-23
15 4.14486e-23
15.5 3.68539e-23
16 3.09039e-23
16.5 2.51133e-23
17 2.02736e-23
17.5 1.64951e-23
18 1.36114e-23
18.5 1.1412e-23
19 9.71908e-24
19.5 8.39871e-24
20 7.35432e-24
21 5.80704e-24
22 4.75854e-24
23 4.01853e-24
24 3.47891e-24
25 3.07496e-24
26 2.76613e-24
27 2.52595e-24
28 2.33655e-24
29 2.18548e-24
30 2.06388e-24
32 1.88476e-24
34 1.76444e-24
36 1.68251e-24
38 1.62631e-24
40 1.58768e-24
42 1.56116e-24
44 1.54301e-24
46 1.5306e-24
48 1.52207e-24
50 1.51606e-24
52 1.51159e-24
54 1.50794e-24
56 1.50457e-24
58 1.5011e-24
60 1.49724e-24
62 1.49279e-24
64 1.48762e-24
66 1.48161e-24
68 1.47471e-24
70 1.46689e-24
72 1.45814e-24
74 1.44847e-24
76 1.43788e-24
78 1.42642e-24
80 1.41412e-24
85 1.37999e-24
90 1.34169e-24
95 1.30009e-24
100 1.25611e-24
110 1.16473e-24
120 1.0747e-24
130 9.92773e-25
