0.999 130 97
97
0.999 0
1 1.99324e-29
2 3.23977e-28
3 1.68417e-27
4 5.52872e-27
5 1.41982e-26
6 3.14308e-26
7 6.32067e-26
8 1.19e-25
9 2.14e-25
11 1.28786e-24
11.3 1.56147e-24
11.6 1.83507e-24
12 2.19986e-24
12.4 2.82944e-24
12.8 3.45902e-24
13.2 4.32379e-24
13.6 5.42375e-24
14 6.52372e-24
14.4 8.35166e-24
14.8 1.01796e-23
15.2 1.22711e-23
15.6 1.46415e-23
16 1.70574e-23
16.4 1.9139e-23
16.8 2.07537e-23
17.2 2.19081e-23
17.6 2.26546e-23
18 2.31128e-23
18.4 2.34344e-23
18.8 2.37699e-23
19.2 2.41132e-23
19.6 2.44193e-23
20 2.46071e-23
20.4 2.45616e-23
21.2 2.39504e-23
21.4 2.36967e-23
21.6 2.34091e-23
22 2.27443e-23
22.4 2.20123e-23
22.8 2.12372e-23
23.2 2.04463e-23
23.6 1.96543e-23
24 1.88753e-23
24.4 1.81459e-23
24.8 1.74477e-23
25.2 1.67813e-23
25.6 1.61482e-23
26 1.55492e-23
26.4 1.49998e-23
26.8 1.44795e-23
27.2 1.39876e-23
27.6 1.35223e-23
28 1.30813e-23
28.4 1.26755e-23
28.9 1.21953e-23
29.2 1.19259e-23
29.6 1.15817e-23
30 1.12568e-23
30.5 1.08909e-23
31 1.05698e-23
32 1.00702e-23
33 9.73925e-24
34 9.47503e-24
35 9.27537e-24
36 9.0827e-24
37 8.9028e-24
38 8.69621e-24
39 8.48874e-24
40 8.27847e-24
41 8.07829e-24
42 7.88065e-24
43 7.68727e-24
44 7.51156e-24
45 7.34945e-24
46 7.20423e-24
47.2 7.05359e-24
48.2 6.94787e-24
49 6.87039e-24
50 6.77707e-24
51 6.69616e-24
52 6.61762e-24
53 6.53969e-24
54 6.46327e-24
55.2 6.3778e-24
56 6.32256e-24
57 6.25128e-24
58.2 6.16947e-24
59 6.11698e-24
60 6.05083e-24
70 5.51262e-24
80 5.04151e-24
90 4.62741e-24
100 4.25728e-24
110 3.9011e-24
120 3.57261e-24
130 3.30504e-24
