0.5 130 260
260
0.5 0
1 1.43749e-27
1.5 5.85025e-27
2 1.57078e-26
2.5 3.44285e-26
3 6.72626e-26
3.5 1.20697e-25
4 1.99788e-25
4.5 3.07888e-25
5 4.49208e-25
5.5 6.29521e-25
6 8.57642e-25
6.5 1.14352e-24
7 1.48369e-24
7.5 1.86749e-24
8 2.2817e-24
8.5 2.75579e-24
9 3.33916e-24
9.5 4.09064e-24
10 5.11483e-24
10.5 6.42583e-24
11 8.1583e-24
11.5 1.04158e-23
12 1.32275e-23
12.5 1.65384e-23
13 2.03436e-23
13.5 2.45811e-23
14 2.87482e-23
14.5 3.18051e-23
15 3.27103e-23
15.5 3.12399e-23
16 2.81178e-23
16.5 2.43556e-23
17 2.06881e-23
17.5 1.74673e-23
18 1.47836e-23
18.5 1.26004e-23
19 1.08388e-23
19.5 9.41649e-24
20 8.26202e-24
20.5 7.38931e-24
21 6.51661e-24
21.5 5.91177e-24
22 5.30693e-24
22.5 4.87391e-24
23 4.4409e-24
23.5 4.12189e-24
24 3.80288e-24
24.5 3.56204e-24
25 3.32121e-24
25.5 3.13559e-24
26 2.94998e-24
26.5 2.8044e-24
27 2.65883e-24
27.5 2.54296e-24
28 2.42709e-24
28.5 2.33369e-24
29 2.2403e-24
29.5 2.16421e-24
30 2.08812e-24
30.5 2.03091e-24
31 1.9737e-24
31.5 1.91649e-24
32 1.85927e-24
32.5 1.81946e-24
33 1.77964e-24
33.5 1.73982e-24
34 1.7e-24
34.5 1.67164e-24
35 1.64327e-24
35.5 1.6149e-24
36 1.58653e-24
36.5 1.56594e-24
37 1.54535e-24
37.5 1.52476e-24
38 1.50417e-24
38.5 1.48898e-24
39 1.47379e-24
39.5 1.45861e-24
40 1.44342e-24
40.5 1.43205e-24
41 1.42069e-24
41.5 1.40932e-24
42 1.39796e-24
42.5 1.38933e-24
43 1.3807e-24
43.5 1.37207e-24
44 1.36344e-24
44.5 1.35678e-24
45 1.35012e-24
45.5 1.34345e-24
46 1.33679e-24
46.5 1.33155e-24
47 1.32631e-24
47.5 1.32107e-24
48 1.31583e-24
48.5 1.31162e-24
49 1.3074e-24
49.5 1.30318e-24
50 1.29896e-24
50.5 1.29548e-24
51 1.29199e-24
51.5 1.2885e-24
52 1.28501e-24
52.5 1.28203e-24
53 1.27904e-24
53.5 1.27606e-24
54 1.27308e-24
54.5 1.27045e-24
55 1.26781e-24
55.5 1.26517e-24
56 1.26254e-24
56.5 1.26012e-24
57 1.2577e-24
57.5 1.25529e-24
58 1.25287e-24
58.5 1.25058e-24
59 1.24829e-24
59.5 1.246e-24
60 1.24371e-24
60.5 1.24148e-24
61 1.23925e-24
61.5 1.23701e-24
62 1.23478e-24
62.5 1.23255e-24
63 1.23032e-24
63.5 1.22809e-24
64 1.22586e-24
64.5 1.2236e-24
65 1.22133e-24
65.5 1.21907e-24
66 1.2168e-24
66.5 1.21447e-24
67 1.21214e-24
67.5 1.20981e-24
68 1.20748e-24
68.5 1.20506e-24
69 1.20265e-24
69.5 1.20023e-24
70 1.19781e-24
70.5 1.1953e-24
71 1.19278e-24
71.5 1.19027e-24
72 1.18775e-24
72.5 1.18513e-24
73 1.18251e-24
73.5 1.17988e-24
74 1.17726e-24
74.5 1.17452e-24
75 1.17179e-24
75.5 1.16905e-24
76 1.16632e-24
76.5 1.16347e-24
77 1.16061e-24
77.5 1.15776e-24
78 1.15491e-24
78.5 1.15195e-24
79 1.14899e-24
79.5 1.14602e-24
80 1.14306e-24
80.5 1.13991e-24
81 1.13675e-24
81.5 1.1336e-24
82 1.13045e-24
82.5 1.12729e-24
83 1.12414e-24
83.5 1.12099e-24
84 1.11783e-24
84.5 1.11468e-24
85 1.11153e-24
85.5 1.10813e-24
86 1.10474e-24
86.5 1.10135e-24
87 1.09796e-24
87.5 1.09456e-24
88 1.09117e-24
88.5 1.08778e-24
89 1.08439e-24
89.5 1.081e-24
90 1.0776e-24
90.5 1.07402e-24
91 1.07044e-24
91.5 1.06685e-24
92 1.06327e-24
92.5 1.05969e-24
93 1.05611e-24
93.5 1.05252e-24
94 1.04894e-24
94.5 1.04536e-24
95 1.04177e-24
95.5 1.03806e-24
96 1.03435e-24
96.5 1.03063e-24
97 1.02692e-24
97.5 1.0232e-24
98 1.01949e-24
98.5 1.01577e-24
99 1.01206e-24
99.5 1.00834e-24
100 1.00463e-24
100.5 1.00084e-24
101 9.97048e-25
101.5 9.93258e-25
102 9.89469e-25
102.5 9.85679e-25
103 9.81889e-25
103.5 9.781e-25
104 9.7431e-25
104.5 9.70521e-25
105 9.66731e-25
105.5 9.62941e-25
106 9.59152e-25
106.5 9.55362e-25
107 9.51573e-25
107.5 9.47783e-25
108 9.43993e-25
108.5 9.40204e-25
109 9.36414e-25
109.5 9.32625e-25
110 9.28835e-25
110.5 9.25155e-25
111 9.21475e-25
111.5 9.17796e-25
112 9.14116e-25
112.5 9.10436e-25
113 9.06756e-25
113.5 9.03076e-25
114 8.99397e-25
114.5 8.95717e-25
115 8.92037e-25
115.5 8.88357e-25
116 8.84677e-25
116.5 8.80997e-25
117 8.77318e-25
117.5 8.73638e-25
118 8.69958e-25
118.5 8.66278e-25
119 8.62598e-25
119.5 8.58919e-25
120 8.55239e-25
120.5 8.51914e-25
121 8.48589e-25
121.5 8.45264e-25
122 8.41939e-25
122.5 8.38613e-25
123 8.35288e-25
123.5 8.31963e-25
124 8.28638e-25
124.5 8.25313e-25
125 8.21988e-25
125.5 8.18663e-25
126 8.15338e-25
126.5 8.12013e-25
127 8.08688e-25
127.5 8.05363e-25
128 8.02038e-25
128.5 7.98713e-25
129 7.95388e-25
129.5 7.92063e-25
130 7.88737e-25
