0.5 130 260
260
0.5 0
1 2.1756e-30
1.5 7.39774e-28
2 7.2591e-27
2.5 2.67655e-26
3 6.25178e-26
3.5 1.15591e-25
4 1.87582e-25
4.5 2.80939e-25
5 3.97449e-25
5.5 5.39037e-25
6 7.09902e-25
6.5 9.16856e-25
7 1.16644e-24
7.5 1.45827e-24
8 1.77908e-24
8.5 2.11377e-24
9 2.47301e-24
9.5 2.89778e-24
10 3.43557e-24
10.5 4.12925e-24
11 5.02628e-24
11.5 6.18284e-24
12 7.66773e-24
12.5 9.55935e-24
13 1.19292e-23
13.5 1.47994e-23
14 1.80611e-23
14.5 2.1368e-23
15 2.40989e-23
15.5 2.55524e-23
16 2.53573e-23
16.5 2.37241e-23
17 2.12497e-23
17.5 1.85312e-23
18 1.59539e-23
18.5 1.36903e-23
19 1.17789e-23
19.5 1.01945e-23
20 8.88991e-24
20.5 7.89974e-24
21 6.90957e-24
21.5 6.22418e-24
22 5.53879e-24
22.5 5.05155e-24
23 4.56431e-24
23.5 4.20841e-24
24 3.85251e-24
24.5 3.58603e-24
25 3.31955e-24
25.5 3.11565e-24
26 2.91175e-24
26.5 2.75278e-24
27 2.59381e-24
27.5 2.46785e-24
28 2.3419e-24
28.5 2.2407e-24
29 2.1395e-24
29.5 2.05722e-24
30 1.97493e-24
30.5 1.91309e-24
31 1.85126e-24
31.5 1.78943e-24
32 1.72759e-24
32.5 1.68444e-24
33 1.64128e-24
33.5 1.59813e-24
34 1.55497e-24
34.5 1.52401e-24
35 1.49306e-24
35.5 1.46211e-24
36 1.43115e-24
36.5 1.40845e-24
37 1.38575e-24
37.5 1.36305e-24
38 1.34035e-24
38.5 1.32338e-24
39 1.30641e-24
39.5 1.28944e-24
40 1.27247e-24
40.5 1.25957e-24
41 1.24667e-24
41.5 1.23376e-24
42 1.22086e-24
42.5 1.21089e-24
43 1.20091e-24
43.5 1.19094e-24
44 1.18096e-24
44.5 1.17312e-24
45 1.16527e-24
45.5 1.15743e-24
46 1.14959e-24
46.5 1.14331e-24
47 1.13703e-24
47.5 1.13076e-24
48 1.12448e-24
48.5 1.11935e-24
49 1.11422e-24
49.5 1.1091e-24
50 1.10397e-24
50.5 1.09969e-24
51 1.09541e-24
51.5 1.09113e-24
52 1.08685e-24
52.5 1.08319e-24
53 1.07953e-24
53.5 1.07587e-24
54 1.07221e-24
54.5 1.069e-24
55 1.06578e-24
55.5 1.06257e-24
56 1.05936e-24
56.5 1.05646e-24
57 1.05357e-24
57.5 1.05067e-24
58 1.04778e-24
58.5 1.0451e-24
59 1.04243e-24
59.5 1.03976e-24
60 1.03708e-24
60.5 1.03455e-24
61 1.03202e-24
61.5 1.02949e-24
62 1.02696e-24
62.5 1.02451e-24
63 1.02207e-24
63.5 1.01962e-24
64 1.01718e-24
64.5 1.01478e-24
65 1.01237e-24
65.5 1.00997e-24
66 1.00757e-24
66.5 1.00518e-24
67 1.00278e-24
67.5 1.00039e-24
68 9.97993e-25
68.5 9.95584e-25
69 9.93174e-25
69.5 9.90765e-25
70 9.88355e-25
70.5 9.85911e-25
71 9.83467e-25
71.5 9.81024e-25
72 9.7858e-25
72.5 9.76089e-25
73 9.73598e-25
73.5 9.71108e-25
74 9.68617e-25
74.5 9.66071e-25
75 9.63524e-25
75.5 9.60977e-25
76 9.58431e-25
76.5 9.55824e-25
77 9.53216e-25
77.5 9.50609e-25
78 9.48001e-25
78.5 9.4533e-25
79 9.42658e-25
79.5 9.39987e-25
80 9.37315e-25
80.5 9.34532e-25
81 9.31749e-25
81.5 9.28965e-25
82 9.26182e-25
82.5 9.23399e-25
83 9.20616e-25
83.5 9.17833e-25
84 9.15049e-25
84.5 9.12266e-25
85 9.09483e-25
85.5 9.06554e-25
86 9.03624e-25
86.5 9.00694e-25
87 8.97765e-25
87.5 8.94836e-25
88 8.91906e-25
88.5 8.88977e-25
89 8.86047e-25
89.5 8.83118e-25
90 8.80188e-25
90.5 8.77141e-25
91 8.74094e-25
91.5 8.71048e-25
92 8.68001e-25
92.5 8.64954e-25
93 8.61907e-25
93.5 8.5886e-25
94 8.55814e-25
94.5 8.52767e-25
95 8.4972e-25
95.5 8.46595e-25
96 8.43469e-25
96.5 8.40344e-25
97 8.37218e-25
97.5 8.34093e-25
98 8.30968e-25
98.5 8.27842e-25
99 8.24717e-25
99.5 8.21591e-25
100 8.18466e-25
100.5 8.15311e-25
101 8.12157e-25
101.5 8.09002e-25
102 8.05847e-25
102.5 8.02692e-25
103 7.99538e-25
103.5 7.96383e-25
104 7.93228e-25
104.5 7.90074e-25
105 7.86919e-25
105.5 7.83764e-25
106 7.8061e-25
106.5 7.77455e-25
107 7.743e-25
107.5 7.71146e-25
108 7.67991e-25
108.5 7.64836e-25
109 7.61681e-25
109.5 7.58527e-25
110 7.55372e-25
110.5 7.52335e-25
111 7.49297e-25
111.5 7.4626e-25
112 7.43222e-25
112.5 7.40185e-25
113 7.37148e-25
113.5 7.3411e-25
114 7.31073e-25
114.5 7.28035e-25
115 7.24998e-25
115.5 7.21961e-25
116 7.18923e-25
116.5 7.15886e-25
117 7.12848e-25
117.5 7.09811e-25
118 7.06774e-25
118.5 7.03736e-25
119 7.00699e-25
119.5 6.97661e-25
120 6.94624e-25
120.5 6.91891e-25
121 6.89158e-25
121.5 6.86425e-25
122 6.83693e-25
122.5 6.8096e-25
123 6.78227e-25
123.5 6.75494e-25
124 6.72761e-25
124.5 6.70028e-25
125 6.67296e-25
125.5 6.64563e-25
126 6.6183e-25
126.5 6.59097e-25
127 6.56364e-25
127.5 6.53631e-25
128 6.50898e-25
128.5 6.48166e-25
129 6.45433e-25
129.5 6.427e-25
130 6.39967e-25
