0.9 130 82
82
0.9 0
1 3.2108e-27
1.5 9.21392e-27
2 2.02136e-26
2.5 3.81883e-26
3 6.56602e-26
3.5 1.0594e-25
4 1.63469e-25
4.5 2.44288e-25
5 3.56559e-25
5.5 5.10875e-25
6 7.19656e-25
6.5 9.95583e-25
7 1.35415e-24
7.5 1.83062e-24
8 2.50673e-24
8.5 3.53507e-24
9 5.16904e-24
9.5 7.65595e-24
10 1.05883e-23
10.5 1.3778e-23
11 1.86047e-23
11.5 2.55741e-23
12 3.29654e-23
12.5 3.68168e-23
13 3.54334e-23
13.5 3.18546e-23
14 2.93809e-23
14.5 2.93385e-23
15 3.15406e-23
15.5 3.41152e-23
16 3.39975e-23
16.5 3.02584e-23
17 2.49927e-23
17.5 2.015e-23
18 1.63351e-23
18.5 1.34685e-23
19 1.13213e-23
19.5 9.69067e-24
20 8.42854e-24
21 6.6028e-24
22 5.37989e-24
23 4.51337e-24
24 3.87226e-24
25 3.38203e-24
26 2.9976e-24
27 2.69029e-24
28 2.44102e-24
29 2.23662e-24
30 2.06765e-24
32 1.80995e-24
34 1.6298e-24
36 1.50364e-24
38 1.41588e-24
40 1.35573e-24
42 1.31548e-24
44 1.28953e-24
46 1.27376e-24
48 1.26513e-24
50 1.26136e-24
52 1.26078e-24
54 1.26214e-24
56 1.26453e-24
58 1.26727e-24
60 1.26987e-24
62 1.27197e-24
64 1.27332e-24
66 1.27375e-24
68 1.27316e-24
70 1.27146e-24
72 1.26865e-24
74 1.2647e-24
76 1.25964e-24
78 1.25349e-24
80 1.2463e-24
85 1.22409e-24
90 1.19658e-24
95 1.16478e-24
100 1.12972e-24
110 1.0539e-24
120 9.76863e-25
130 9.05694e-25
