0.5 130 260
260
0.5 0
1 1.51504e-27
1.5 4.29762e-27
2 9.32257e-27
2.5 1.74033e-26
3 2.95295e-26
3.5 4.69393e-26
4 7.12215e-26
4.5 1.04463e-25
5 1.4946e-25
5.5 2.10014e-25
6 2.91283e-25
6.5 4.00046e-25
7 5.44382e-25
7.5 7.32172e-25
8 9.69933e-25
8.5 1.26899e-24
9 1.65837e-24
9.5 2.1737e-24
10 2.79533e-24
10.5 3.42866e-24
11 4.08861e-24
11.5 4.96335e-24
12 6.23941e-24
12.5 8.05472e-24
13 1.05042e-23
13.5 1.35477e-23
14 1.68253e-23
14.5 1.96447e-23
15 2.14308e-23
15.5 2.21055e-23
16 2.18365e-23
16.5 2.07627e-23
17 1.9064e-23
17.5 1.70261e-23
18 1.49426e-23
18.5 1.30124e-23
19 1.13242e-23
19.5 9.89253e-24
20 8.69523e-24
20.5 7.77146e-24
21 6.8477e-24
21.5 6.19655e-24
22 5.5454e-24
22.5 5.07383e-24
23 4.60226e-24
23.5 4.25057e-24
24 3.89888e-24
24.5 3.62939e-24
25 3.3599e-24
25.5 3.14848e-24
26 2.93705e-24
26.5 2.76786e-24
27 2.59867e-24
27.5 2.46103e-24
28 2.3234e-24
28.5 2.20993e-24
29 2.09646e-24
29.5 2.00191e-24
30 1.90737e-24
30.5 1.83405e-24
31 1.76074e-24
31.5 1.68742e-24
32 1.6141e-24
32.5 1.56121e-24
33 1.50831e-24
33.5 1.45542e-24
34 1.40252e-24
34.5 1.36389e-24
35 1.32525e-24
35.5 1.28662e-24
36 1.24799e-24
36.5 1.21963e-24
37 1.19127e-24
37.5 1.16291e-24
38 1.13456e-24
38.5 1.11374e-24
39 1.09292e-24
39.5 1.07211e-24
40 1.05129e-24
40.5 1.03606e-24
41 1.02082e-24
41.5 1.00559e-24
42 9.90356e-25
42.5 9.79268e-25
43 9.68181e-25
43.5 9.57093e-25
44 9.46005e-25
44.5 9.37991e-25
45 9.29977e-25
45.5 9.21962e-25
46 9.13948e-25
46.5 9.08201e-25
47 9.02454e-25
47.5 8.96707e-25
48 8.9096e-25
48.5 8.86873e-25
49 8.82785e-25
49.5 8.78698e-25
50 8.7461e-25
50.5 8.71723e-25
51 8.68836e-25
51.5 8.65949e-25
52 8.63062e-25
52.5 8.61028e-25
53 8.58995e-25
53.5 8.56961e-25
54 8.54927e-25
54.5 8.53486e-25
55 8.52044e-25
55.5 8.50602e-25
56 8.4916e-25
56.5 8.48113e-25
57 8.47066e-25
57.5 8.46019e-25
58 8.44972e-25
58.5 8.44171e-25
59 8.43371e-25
59.5 8.4257e-25
60 8.41769e-25
60.5 8.41104e-25
61 8.40439e-25
61.5 8.39774e-25
62 8.39109e-25
62.5 8.38497e-25
63 8.37885e-25
63.5 8.37273e-25
64 8.36662e-25
64.5 8.36042e-25
65 8.35423e-25
65.5 8.34803e-25
66 8.34184e-25
66.5 8.33513e-25
67 8.32842e-25
67.5 8.3217e-25
68 8.31499e-25
68.5 8.30745e-25
69 8.29991e-25
69.5 8.29236e-25
70 8.28482e-25
70.5 8.27623e-25
71 8.26764e-25
71.5 8.25905e-25
72 8.25046e-25
72.5 8.24068e-25
73 8.2309e-25
73.5 8.22112e-25
74 8.21134e-25
74.5 8.20028e-25
75 8.18923e-25
75.5 8.17818e-25
76 8.16712e-25
76.5 8.15476e-25
77 8.14239e-25
77.5 8.13002e-25
78 8.11766e-25
78.5 8.10397e-25
79 8.09029e-25
79.5 8.0766e-25
80 8.06292e-25
80.5 8.047e-25
81 8.03108e-25
81.5 8.01517e-25
82 7.99925e-25
82.5 7.98333e-25
83 7.96742e-25
83.5 7.9515e-25
84 7.93559e-25
84.5 7.91967e-25
85 7.90375e-25
85.5 7.88493e-25
86 7.86611e-25
86.5 7.84729e-25
87 7.82847e-25
87.5 7.80964e-25
88 7.79082e-25
88.5 7.772e-25
89 7.75318e-25
89.5 7.73436e-25
90 7.71553e-25
90.5 7.69429e-25
91 7.67304e-25
91.5 7.6518e-25
92 7.63055e-25
92.5 7.60931e-25
93 7.58806e-25
93.5 7.56682e-25
94 7.54557e-25
94.5 7.52433e-25
95 7.50308e-25
95.5 7.47997e-25
96 7.45686e-25
96.5 7.43375e-25
97 7.41065e-25
97.5 7.38754e-25
98 7.36443e-25
98.5 7.34132e-25
99 7.31821e-25
99.5 7.2951e-25
100 7.27199e-25
100.5 7.24726e-25
101 7.22253e-25
101.5 7.19781e-25
102 7.17308e-25
102.5 7.14835e-25
103 7.12362e-25
103.5 7.09889e-25
104 7.07417e-25
104.5 7.04944e-25
105 7.02471e-25
105.5 6.99998e-25
106 6.97525e-25
106.5 6.95053e-25
107 6.9258e-25
107.5 6.90107e-25
108 6.87634e-25
108.5 6.85161e-25
109 6.82689e-25
109.5 6.80216e-25
110 6.77743e-25
110.5 6.75248e-25
111 6.72753e-25
111.5 6.70258e-25
112 6.67763e-25
112.5 6.65268e-25
113 6.62773e-25
113.5 6.60278e-25
114 6.57782e-25
114.5 6.55287e-25
115 6.52792e-25
115.5 6.50297e-25
116 6.47802e-25
116.5 6.45307e-25
117 6.42812e-25
117.5 6.40317e-25
118 6.37822e-25
118.5 6.35327e-25
119 6.32832e-25
119.5 6.30337e-25
120 6.27842e-25
120.5 6.25544e-25
121 6.23246e-25
121.5 6.20948e-25
122 6.18651e-25
122.5 6.16353e-25
123 6.14055e-25
123.5 6.11757e-25
124 6.09459e-25
124.5 6.07162e-25
125 6.04864e-25
125.5 6.02566e-25
126 6.00268e-25
126.5 5.97971e-25
127 5.95673e-25
127.5 5.93375e-25
128 5.91077e-25
128.5 5.88779e-25
129 5.86482e-25
129.5 5.84184e-25
130 5.81886e-25
