0.9 130 82
82
0.9 0
1 1.77206e-27
1.5 5.02052e-27
2 1.09072e-26
2.5 2.04374e-26
3 3.48754e-26
3.5 5.58574e-26
4 8.55503e-26
4.5 1.26873e-25
5 1.8378e-25
5.5 2.6154e-25
6 3.66739e-25
6.5 5.0655e-25
7 6.87751e-25
7.5 9.19753e-25
8 1.2257e-24
8.5 1.65337e-24
9 2.28106e-24
9.5 3.23359e-24
10 4.72271e-24
10.5 7.1194e-24
11 1.10332e-23
11.5 1.71067e-23
12 2.43859e-23
12.5 2.81662e-23
13 2.63795e-23
13.5 2.37826e-23
14 2.38295e-23
14.5 2.68903e-23
15 3.06084e-23
15.5 3.04537e-23
16 2.56937e-23
16.5 1.99041e-23
17 1.52327e-23
17.5 1.18889e-23
18 9.53843e-24
18.5 7.85913e-24
19 6.62785e-24
19.5 5.7006e-24
20 4.98486e-24
21 3.94144e-24
22 3.24169e-24
23 2.74652e-24
24 2.38179e-24
25 2.10493e-24
26 1.88995e-24
27 1.72018e-24
28 1.58446e-24
29 1.47502e-24
30 1.38628e-24
32 1.25538e-24
34 1.16904e-24
36 1.11322e-24
38 1.07862e-24
40 1.05886e-24
42 1.04943e-24
44 1.04705e-24
46 1.04937e-24
48 1.05466e-24
50 1.06165e-24
52 1.06942e-24
54 1.07732e-24
56 1.08487e-24
58 1.09172e-24
60 1.09765e-24
62 1.1025e-24
64 1.10619e-24
66 1.10864e-24
68 1.10986e-24
70 1.10983e-24
72 1.10858e-24
74 1.10615e-24
76 1.10259e-24
78 1.09794e-24
80 1.09226e-24
85 1.07397e-24
90 1.05065e-24
95 1.02329e-24
100 9.92892e-25
110 9.26743e-25
120 8.59275e-25
130 7.96837e-25
