0.5 130 260
260
0.5 0
1 8.59565e-28
1.5 2.38931e-27
2 5.10323e-27
2.5 9.40222e-27
3 1.57613e-26
3.5 2.47571e-26
4 3.71053e-26
4.5 5.37139e-26
5 7.57587e-26
5.5 1.04789e-25
6 1.42863e-25
6.5 1.92676e-25
7 2.57559e-25
7.5 3.40952e-25
8 4.44747e-25
8.5 5.6708e-25
9 7.04369e-25
9.5 8.60806e-25
10 1.05347e-24
10.5 1.30627e-24
11 1.64561e-24
11.5 2.10301e-24
12 2.72036e-24
12.5 3.55534e-24
13 4.68693e-24
13.5 6.22018e-24
14 8.28189e-24
14.5 1.09764e-23
15 1.42457e-23
15.5 1.76282e-23
16 2.01792e-23
16.5 2.10262e-23
17 2.01998e-23
17.5 1.8525e-23
18 1.67181e-23
18.5 1.49049e-23
19 1.30847e-23
19.5 1.1526e-23
20 1.03773e-23
20.5 9.50058e-24
21 8.62385e-24
21.5 7.65348e-24
22 6.68311e-24
22.5 5.86861e-24
23 5.05412e-24
23.5 4.50344e-24
24 3.95277e-24
24.5 3.58295e-24
25 3.21313e-24
25.5 2.95332e-24
26 2.69351e-24
26.5 2.50261e-24
27 2.31171e-24
27.5 2.1663e-24
28 2.02089e-24
28.5 1.90702e-24
29 1.79315e-24
29.5 1.70208e-24
30 1.61101e-24
30.5 1.54353e-24
31 1.47605e-24
31.5 1.40857e-24
32 1.34109e-24
32.5 1.29461e-24
33 1.24813e-24
33.5 1.20165e-24
34 1.15516e-24
34.5 1.12231e-24
35 1.08946e-24
35.5 1.05661e-24
36 1.02376e-24
36.5 1.00023e-24
37 9.76703e-25
37.5 9.53173e-25
38 9.29643e-25
38.5 9.12693e-25
39 8.95744e-25
39.5 8.78794e-25
40 8.61845e-25
40.5 8.49631e-25
41 8.37418e-25
41.5 8.25204e-25
42 8.12991e-25
42.5 8.0422e-25
43 7.95449e-25
43.5 7.86678e-25
44 7.77907e-25
44.5 7.71647e-25
45 7.65387e-25
45.5 7.59127e-25
46 7.52867e-25
46.5 7.48436e-25
47 7.44005e-25
47.5 7.39575e-25
48 7.35144e-25
48.5 7.32037e-25
49 7.2893e-25
49.5 7.25823e-25
50 7.22717e-25
50.5 7.20558e-25
51 7.184e-25
51.5 7.16241e-25
52 7.14082e-25
52.5 7.12591e-25
53 7.111e-25
53.5 7.09608e-25
54 7.08117e-25
54.5 7.07082e-25
55 7.06048e-25
55.5 7.05013e-25
56 7.03978e-25
56.5 7.03243e-25
57 7.02507e-25
57.5 7.01771e-25
58 7.01036e-25
58.5 7.00481e-25
59 6.99927e-25
59.5 6.99373e-25
60 6.98818e-25
60.5 6.98357e-25
61 6.97896e-25
61.5 6.97435e-25
62 6.96974e-25
62.5 6.96542e-25
63 6.96109e-25
63.5 6.95677e-25
64 6.95244e-25
64.5 6.94793e-25
65 6.94341e-25
65.5 6.93889e-25
66 6.93438e-25
66.5 6.92932e-25
67 6.92427e-25
67.5 6.91922e-25
68 6.91417e-25
68.5 6.90834e-25
69 6.90251e-25
69.5 6.89668e-25
70 6.89085e-25
70.5 6.88407e-25
71 6.8773e-25
71.5 6.87052e-25
72 6.86375e-25
72.5 6.85593e-25
73 6.8481e-25
73.5 6.84028e-25
74 6.83246e-25
74.5 6.82352e-25
75 6.81459e-25
75.5 6.80566e-25
76 6.79673e-25
76.5 6.78666e-25
77 6.7766e-25
77.5 6.76653e-25
78 6.75646e-25
78.5 6.74527e-25
79 6.73407e-25
79.5 6.72287e-25
80 6.71167e-25
80.5 6.69857e-25
81 6.68547e-25
81.5 6.67236e-25
82 6.65926e-25
82.5 6.64616e-25
83 6.63306e-25
83.5 6.61995e-25
84 6.60685e-25
84.5 6.59375e-25
85 6.58065e-25
85.5 6.56508e-25
86 6.54951e-25
86.5 6.53394e-25
87 6.51837e-25
87.5 6.5028e-25
88 6.48722e-25
88.5 6.47165e-25
89 6.45608e-25
89.5 6.44051e-25
90 6.42494e-25
90.5 6.40732e-25
91 6.3897e-25
91.5 6.37208e-25
92 6.35446e-25
92.5 6.33684e-25
93 6.31922e-25
93.5 6.3016e-25
94 6.28398e-25
94.5 6.26636e-25
95 6.24874e-25
95.5 6.22954e-25
96 6.21035e-25
96.5 6.19115e-25
97 6.17196e-25
97.5 6.15276e-25
98 6.13356e-25
98.5 6.11437e-25
99 6.09517e-25
99.5 6.07598e-25
100 6.05678e-25
100.5 6.03622e-25
101 6.01565e-25
101.5 5.99509e-25
102 5.97452e-25
102.5 5.95396e-25
103 5.9334e-25
103.5 5.91283e-25
104 5.89227e-25
104.5 5.8717e-25
105 5.85114e-25
105.5 5.83057e-25
106 5.81001e-25
106.5 5.78944e-25
107 5.76888e-25
107.5 5.74831e-25
108 5.72775e-25
108.5 5.70718e-25
109 5.68662e-25
109.5 5.66606e-25
110 5.64549e-25
110.5 5.62472e-25
111 5.60396e-25
111.5 5.58319e-25
112 5.56243e-25
112.5 5.54166e-25
113 5.52089e-25
113.5 5.50013e-25
114 5.47936e-25
114.5 5.4586e-25
115 5.43783e-25
115.5 5.41706e-25
116 5.3963e-25
116.5 5.37553e-25
117 5.35477e-25
117.5 5.334e-25
118 5.31323e-25
118.5 5.29247e-25
119 5.2717e-25
119.5 5.25094e-25
120 5.23017e-25
120.5 5.21104e-25
121 5.19191e-25
121.5 5.17278e-25
122 5.15364e-25
122.5 5.13451e-25
123 5.11538e-25
123.5 5.09625e-25
124 5.07712e-25
124.5 5.05799e-25
125 5.03886e-25
125.5 5.01973e-25
126 5.00059e-25
126.5 4.98146e-25
127 4.96233e-25
127.5 4.9432e-25
128 4.92407e-25
128.5 4.90494e-25
129 4.88581e-25
129.5 4.86668e-25
130 4.84754e-25
