0.5 130 260
260
0.5 0
1 2.16939e-27
1.5 6.18895e-27
2 1.35152e-26
2.5 2.5432e-26
3 4.35635e-26
3.5 7.00253e-26
4 1.07637e-25
4.5 1.60224e-25
5 2.32996e-25
5.5 3.32934e-25
6 4.6882e-25
6.5 6.50394e-25
7 8.87583e-25
7.5 1.19588e-24
8 1.61202e-24
8.5 2.20107e-24
9 3.03212e-24
9.5 4.23256e-24
10 6.09357e-24
10.5 9.03941e-24
11 1.36198e-23
11.5 2.00665e-23
12 2.6595e-23
12.5 2.89303e-23
13 2.66075e-23
13.5 2.3797e-23
14 2.30776e-23
14.5 2.47638e-23
15 2.73524e-23
15.5 2.77308e-23
16 2.47864e-23
16.5 2.08042e-23
17 1.73052e-23
17.5 1.42895e-23
18 1.16974e-23
18.5 9.618e-24
19 8.02947e-24
19.5 6.82847e-24
20 5.91045e-24
20.5 5.25669e-24
21 4.60293e-24
21.5 4.174e-24
22 3.74507e-24
22.5 3.44577e-24
23 3.14647e-24
23.5 2.92776e-24
24 2.70905e-24
24.5 2.54364e-24
25 2.37824e-24
25.5 2.24993e-24
26 2.12162e-24
26.5 2.02018e-24
27 1.91874e-24
27.5 1.83742e-24
28 1.75611e-24
28.5 1.69028e-24
29 1.62445e-24
29.5 1.57078e-24
30 1.51712e-24
30.5 1.47714e-24
31 1.43716e-24
31.5 1.39718e-24
32 1.3572e-24
32.5 1.33031e-24
33 1.30342e-24
33.5 1.27653e-24
34 1.24964e-24
34.5 1.23173e-24
35 1.21383e-24
35.5 1.19592e-24
36 1.17801e-24
36.5 1.16638e-24
37 1.15474e-24
37.5 1.14311e-24
38 1.13148e-24
38.5 1.12427e-24
39 1.11705e-24
39.5 1.10984e-24
40 1.10263e-24
40.5 1.09852e-24
41 1.09441e-24
41.5 1.0903e-24
42 1.08619e-24
42.5 1.08424e-24
43 1.0823e-24
43.5 1.08035e-24
44 1.0784e-24
44.5 1.07792e-24
45 1.07744e-24
45.5 1.07696e-24
46 1.07649e-24
46.5 1.07698e-24
47 1.07747e-24
47.5 1.07796e-24
48 1.07845e-24
48.5 1.07954e-24
49 1.08063e-24
49.5 1.08173e-24
50 1.08282e-24
50.5 1.08424e-24
51 1.08566e-24
51.5 1.08709e-24
52 1.08851e-24
52.5 1.09007e-24
53 1.09162e-24
53.5 1.09318e-24
54 1.09474e-24
54.5 1.09629e-24
55 1.09784e-24
55.5 1.09939e-24
56 1.10094e-24
56.5 1.10238e-24
57 1.10382e-24
57.5 1.10526e-24
58 1.1067e-24
58.5 1.10796e-24
59 1.10922e-24
59.5 1.11048e-24
60 1.11174e-24
60.5 1.11277e-24
61 1.1138e-24
61.5 1.11483e-24
62 1.11586e-24
62.5 1.11663e-24
63 1.11739e-24
63.5 1.11816e-24
64 1.11893e-24
64.5 1.11941e-24
65 1.1199e-24
65.5 1.12038e-24
66 1.12087e-24
66.5 1.12106e-24
67 1.12126e-24
67.5 1.12145e-24
68 1.12164e-24
68.5 1.12154e-24
69 1.12144e-24
69.5 1.12134e-24
70 1.12124e-24
70.5 1.12085e-24
71 1.12045e-24
71.5 1.12006e-24
72 1.11966e-24
72.5 1.11899e-24
73 1.11831e-24
73.5 1.11763e-24
74 1.11695e-24
74.5 1.11599e-24
75 1.11503e-24
75.5 1.11408e-24
76 1.11312e-24
76.5 1.1119e-24
77 1.11068e-24
77.5 1.10946e-24
78 1.10824e-24
78.5 1.10677e-24
79 1.10529e-24
79.5 1.10382e-24
80 1.10235e-24
80.5 1.10047e-24
81 1.09859e-24
81.5 1.09672e-24
82 1.09484e-24
82.5 1.09297e-24
83 1.09109e-24
83.5 1.08922e-24
84 1.08734e-24
84.5 1.08546e-24
85 1.08359e-24
85.5 1.08121e-24
86 1.07884e-24
86.5 1.07646e-24
87 1.07409e-24
87.5 1.07171e-24
88 1.06934e-24
88.5 1.06697e-24
89 1.06459e-24
89.5 1.06222e-24
90 1.05984e-24
90.5 1.05707e-24
91 1.05429e-24
91.5 1.05152e-24
92 1.04874e-24
92.5 1.04597e-24
93 1.0432e-24
93.5 1.04042e-24
94 1.03765e-24
94.5 1.03487e-24
95 1.0321e-24
95.5 1.02902e-24
96 1.02595e-24
96.5 1.02287e-24
97 1.01979e-24
97.5 1.01672e-24
98 1.01364e-24
98.5 1.01056e-24
99 1.00749e-24
99.5 1.00441e-24
100 1.00133e-24
100.5 9.97993e-25
101 9.94651e-25
101.5 9.91309e-25
102 9.87967e-25
102.5 9.84625e-25
103 9.81283e-25
103.5 9.77941e-25
104 9.74599e-25
104.5 9.71257e-25
105 9.67915e-25
105.5 9.64573e-25
106 9.61231e-25
106.5 9.57889e-25
107 9.54547e-25
107.5 9.51205e-25
108 9.47863e-25
108.5 9.44521e-25
109 9.41179e-25
109.5 9.37837e-25
110 9.34495e-25
110.5 9.3109e-25
111 9.27684e-25
111.5 9.24279e-25
112 9.20874e-25
112.5 9.17469e-25
113 9.14064e-25
113.5 9.10659e-25
114 9.07253e-25
114.5 9.03848e-25
115 9.00443e-25
115.5 8.97038e-25
116 8.93633e-25
116.5 8.90227e-25
117 8.86822e-25
117.5 8.83417e-25
118 8.80012e-25
118.5 8.76607e-25
119 8.73201e-25
119.5 8.69796e-25
120 8.66391e-25
120.5 8.63241e-25
121 8.60091e-25
121.5 8.56941e-25
122 8.53791e-25
122.5 8.50641e-25
123 8.47492e-25
123.5 8.44342e-25
124 8.41192e-25
124.5 8.38042e-25
125 8.34892e-25
125.5 8.31742e-25
126 8.28592e-25
126.5 8.25442e-25
127 8.22292e-25
127.5 8.19142e-25
128 8.15992e-25
128.5 8.12842e-25
129 8.09692e-25
129.5 8.06543e-25
130 8.03393e-25
