0.9 130 82
82
0.9 0
1 8.35351e-28
1.5 2.31614e-27
2 4.93685e-27
2.5 9.07898e-27
3 1.51923e-26
3.5 2.38197e-26
4 3.5631e-26
4.5 5.14708e-26
5 7.24267e-26
5.5 9.99265e-26
6 1.35864e-25
6.5 1.82742e-25
7 2.43733e-25
7.5 3.22376e-25
8 4.21254e-25
8.5 5.39371e-25
9 6.71424e-25
9.5 8.15459e-25
10 9.82748e-25
10.5 1.1948e-24
11 1.47523e-24
11.5 1.84902e-24
12 2.34652e-24
12.5 3.00767e-24
13 3.88548e-24
13.5 5.04881e-24
14 6.58289e-24
14.5 8.5782e-24
15 1.10829e-23
15.5 1.39883e-23
16 1.68755e-23
16.5 1.90054e-23
17 1.96985e-23
17.5 1.88633e-23
18 1.70161e-23
18.5 1.48085e-23
19 1.2679e-23
19.5 1.08183e-23
20 9.26617e-24
21 6.94704e-24
22 5.39542e-24
23 4.32811e-24
24 3.56755e-24
25 3.00704e-24
26 2.58158e-24
27 2.25048e-24
28 1.98739e-24
29 1.77475e-24
30 1.60047e-24
32 1.33527e-24
34 1.14757e-24
36 1.01217e-24
38 9.13551e-25
40 8.41435e-25
42 7.88708e-25
44 7.50261e-25
46 7.22352e-25
48 7.022e-25
50 6.87729e-25
52 6.77377e-25
54 6.69972e-25
56 6.64629e-25
58 6.60686e-25
60 6.57642e-25
62 6.55124e-25
64 6.52854e-25
66 6.50625e-25
68 6.48288e-25
70 6.45733e-25
72 6.42887e-25
74 6.39698e-25
76 6.36135e-25
78 6.32183e-25
80 6.27836e-25
85 6.15284e-25
90 6.00523e-25
95 5.83913e-25
100 5.65875e-25
110 5.27326e-25
120 4.88463e-25
130 4.52688e-25
