0.9 130 82
82
0.9 0
1 2.14902e-28
1.5 1.83245e-27
2 5.91894e-27
2.5 1.33066e-26
3 2.48559e-26
3.5 4.16127e-26
4 6.49511e-26
4.5 9.63008e-26
5 1.37018e-25
5.5 1.88736e-25
6 2.53742e-25
6.5 3.35342e-25
7 4.38191e-25
7.5 5.6831e-25
8 7.31829e-25
8.5 9.30493e-25
9 1.15349e-24
9.5 1.37654e-24
10 1.58628e-24
10.5 1.8064e-24
11 2.08437e-24
11.5 2.48421e-24
12 3.02201e-24
12.5 3.76092e-24
13 4.76186e-24
13.5 6.07232e-24
14 7.65486e-24
14.5 9.26756e-24
15 1.04585e-23
15.5 1.09203e-23
16 1.08402e-23
16.5 1.06496e-23
17 1.0611e-23
17.5 1.07318e-23
18 1.08616e-23
18.5 1.08105e-23
19 1.04548e-23
19.5 9.79309e-24
20 8.92341e-24
21 7.03319e-24
22 5.43345e-24
23 4.24951e-24
24 3.40388e-24
25 2.79785e-24
26 2.35605e-24
27 2.0273e-24
28 1.77768e-24
29 1.58462e-24
30 1.43285e-24
32 1.21411e-24
34 1.06862e-24
36 9.68268e-25
38 8.97043e-25
40 8.45296e-25
42 8.0694e-25
44 7.77983e-25
46 7.55725e-25
48 7.38291e-25
50 7.24351e-25
52 7.12944e-25
54 7.03368e-25
56 6.95099e-25
58 6.87748e-25
60 6.81022e-25
62 6.74699e-25
64 6.68612e-25
66 6.62634e-25
68 6.5667e-25
70 6.5065e-25
72 6.44524e-25
74 6.38255e-25
76 6.31821e-25
78 6.25205e-25
80 6.18401e-25
85 6.00573e-25
90 5.81672e-25
95 5.61903e-25
100 5.41538e-25
110 5.00238e-25
120 4.60321e-25
130 4.24336e-25
