0.9 130 82
82
0.9 0
1 1.60053e-27
1.5 4.57484e-27
2 9.96214e-27
2.5 1.86214e-26
3 3.15746e-26
3.5 5.00693e-26
4 7.56628e-26
4.5 1.1034e-25
5 1.56676e-25
5.5 2.18048e-25
6 2.98856e-25
6.5 4.04572e-25
7 5.41094e-25
7.5 7.12489e-25
8 9.17767e-25
8.5 1.15328e-24
9 1.42605e-24
9.5 1.76186e-24
10 2.19668e-24
10.5 2.76895e-24
11 3.52096e-24
11.5 4.50175e-24
12 5.76626e-24
12.5 7.36782e-24
13 9.34139e-24
13.5 1.16714e-23
14 1.42358e-23
14.5 1.67478e-23
15 1.87742e-23
15.5 1.9901e-23
16 1.99602e-23
16.5 1.91091e-23
17 1.76947e-23
17.5 1.6062e-23
18 1.44522e-23
18.5 1.29962e-23
19 1.17466e-23
19.5 1.07096e-23
20 9.86491e-24
21 8.56549e-24
22 7.46549e-24
23 6.36775e-24
24 5.37305e-24
25 4.56381e-24
26 3.92878e-24
27 3.42863e-24
28 3.02829e-24
29 2.70217e-24
30 2.43244e-24
32 2.01563e-24
34 1.71375e-24
36 1.49082e-24
38 1.32455e-24
40 1.19995e-24
42 1.10646e-24
44 1.03629e-24
46 9.8367e-25
48 9.44215e-25
50 9.14618e-25
52 8.92361e-25
54 8.75532e-25
56 8.62674e-25
58 8.52679e-25
60 8.44702e-25
62 8.38105e-25
64 8.32402e-25
66 8.27225e-25
68 8.22301e-25
70 8.17423e-25
72 8.12442e-25
74 8.0725e-25
76 8.0177e-25
78 7.95953e-25
80 7.89768e-25
85 7.72626e-25
90 7.53163e-25
95 7.31682e-25
100 7.08619e-25
110 6.59779e-25
120 6.10842e-25
130 5.65918e-25
