0.5 130 260
260
0.5 0
1 3.87977e-28
1.5 9.87765e-28
2 1.97339e-27
2.5 3.44784e-27
3 5.53228e-27
3.5 8.37164e-27
4 1.21421e-26
4.5 1.70613e-26
5 2.34038e-26
5.5 3.15215e-26
6 4.18733e-26
6.5 5.5065e-26
7 7.19037e-26
7.5 9.34777e-26
8 1.2127e-25
8.5 1.57319e-25
9 2.04417e-25
9.5 2.66256e-25
10 3.47171e-25
10.5 4.50528e-25
11 5.74316e-25
11.5 7.05665e-25
12 8.26155e-25
12.5 9.34242e-25
13 1.05467e-24
13.5 1.22004e-24
14 1.45596e-24
14.5 1.77908e-24
15 2.19349e-24
15.5 2.67654e-24
16 3.16029e-24
16.5 3.5371e-24
17 3.71787e-24
17.5 3.70054e-24
18 3.56315e-24
18.5 3.39706e-24
19 3.2616e-24
19.5 3.17984e-24
20 3.14978e-24
20.5 3.15681e-24
21 3.16385e-24
21.5 3.14559e-24
22 3.12733e-24
22.5 3.02708e-24
23 2.92683e-24
23.5 2.76076e-24
24 2.59469e-24
24.5 2.41013e-24
25 2.22556e-24
25.5 2.05587e-24
26 1.88617e-24
26.5 1.7435e-24
27 1.60083e-24
27.5 1.48534e-24
28 1.36986e-24
28.5 1.2775e-24
29 1.18514e-24
29.5 1.11123e-24
30 1.03732e-24
30.5 9.83404e-25
31 9.29484e-25
31.5 8.75564e-25
32 8.21644e-25
32.5 7.85485e-25
33 7.49326e-25
33.5 7.13166e-25
34 6.77007e-25
34.5 6.51961e-25
35 6.26915e-25
35.5 6.01868e-25
36 5.76822e-25
36.5 5.59027e-25
37 5.41231e-25
37.5 5.23436e-25
38 5.05641e-25
38.5 4.92764e-25
39 4.79887e-25
39.5 4.67011e-25
40 4.54134e-25
40.5 4.447e-25
41 4.35266e-25
41.5 4.25832e-25
42 4.16398e-25
42.5 4.0943e-25
43 4.02463e-25
43.5 3.95495e-25
44 3.88527e-25
44.5 3.83354e-25
45 3.78181e-25
45.5 3.73008e-25
46 3.67835e-25
46.5 3.63981e-25
47 3.60127e-25
47.5 3.56273e-25
48 3.52418e-25
48.5 3.49538e-25
49 3.46657e-25
49.5 3.43776e-25
50 3.40895e-25
50.5 3.38733e-25
51 3.36571e-25
51.5 3.34409e-25
52 3.32247e-25
52.5 3.30613e-25
53 3.2898e-25
53.5 3.27347e-25
54 3.25713e-25
54.5 3.24466e-25
55 3.23219e-25
55.5 3.21971e-25
56 3.20724e-25
56.5 3.19755e-25
57 3.18786e-25
57.5 3.17817e-25
58 3.16848e-25
58.5 3.16075e-25
59 3.15303e-25
59.5 3.1453e-25
60 3.13758e-25
60.5 3.13121e-25
61 3.12483e-25
61.5 3.11846e-25
62 3.11208e-25
62.5 3.10659e-25
63 3.1011e-25
63.5 3.0956e-25
64 3.09011e-25
64.5 3.08515e-25
65 3.08018e-25
65.5 3.07522e-25
66 3.07026e-25
66.5 3.06556e-25
67 3.06086e-25
67.5 3.05616e-25
68 3.05146e-25
68.5 3.04683e-25
69 3.0422e-25
69.5 3.03757e-25
70 3.03294e-25
70.5 3.02823e-25
71 3.02353e-25
71.5 3.01882e-25
72 3.01411e-25
72.5 3.00922e-25
73 3.00433e-25
73.5 2.99944e-25
74 2.99455e-25
74.5 2.98941e-25
75 2.98427e-25
75.5 2.97912e-25
76 2.97398e-25
76.5 2.96853e-25
77 2.96309e-25
77.5 2.95764e-25
78 2.95219e-25
78.5 2.94641e-25
79 2.94063e-25
79.5 2.93485e-25
80 2.92907e-25
80.5 2.92268e-25
81 2.91628e-25
81.5 2.90989e-25
82 2.9035e-25
82.5 2.8971e-25
83 2.89071e-25
83.5 2.88431e-25
84 2.87792e-25
84.5 2.87153e-25
85 2.86513e-25
85.5 2.85789e-25
86 2.85064e-25
86.5 2.8434e-25
87 2.83616e-25
87.5 2.82891e-25
88 2.82167e-25
88.5 2.81442e-25
89 2.80718e-25
89.5 2.79994e-25
90 2.79269e-25
90.5 2.7847e-25
91 2.77672e-25
91.5 2.76873e-25
92 2.76075e-25
92.5 2.75276e-25
93 2.74477e-25
93.5 2.73679e-25
94 2.7288e-25
94.5 2.72082e-25
95 2.71283e-25
95.5 2.70426e-25
96 2.69569e-25
96.5 2.68713e-25
97 2.67856e-25
97.5 2.66999e-25
98 2.66142e-25
98.5 2.65286e-25
99 2.64429e-25
99.5 2.63572e-25
100 2.62715e-25
100.5 2.61809e-25
101 2.60902e-25
101.5 2.59995e-25
102 2.59089e-25
102.5 2.58182e-25
103 2.57276e-25
103.5 2.56369e-25
104 2.55463e-25
104.5 2.54556e-25
105 2.53649e-25
105.5 2.52743e-25
106 2.51836e-25
106.5 2.5093e-25
107 2.50023e-25
107.5 2.49117e-25
108 2.4821e-25
108.5 2.47303e-25
109 2.46397e-25
109.5 2.4549e-25
110 2.44584e-25
110.5 2.43676e-25
111 2.42768e-25
111.5 2.4186e-25
112 2.40952e-25
112.5 2.40044e-25
113 2.39136e-25
113.5 2.38228e-25
114 2.3732e-25
114.5 2.36412e-25
115 2.35504e-25
115.5 2.34596e-25
116 2.33688e-25
116.5 2.3278e-25
117 2.31872e-25
117.5 2.30964e-25
118 2.30056e-25
118.5 2.29148e-25
119 2.2824e-25
119.5 2.27332e-25
120 2.26424e-25
120.5 2.25591e-25
121 2.24758e-25
121.5 2.23924e-25
122 2.23091e-25
122.5 2.22258e-25
123 2.21424e-25
123.5 2.20591e-25
124 2.19758e-25
124.5 2.18924e-25
125 2.18091e-25
125.5 2.17258e-25
126 2.16424e-25
126.5 2.15591e-25
127 2.14758e-25
127.5 2.13924e-25
128 2.13091e-25
128.5 2.12258e-25
129 2.11425e-25
129.5 2.10591e-25
130 2.09758e-25
