0.5 130 260
260
0.5 0
1 7.92734e-28
1.5 2.24146e-27
2 4.83987e-27
2.5 8.98068e-27
3 1.51233e-26
3.5 2.38178e-26
4 3.57358e-26
4.5 5.17145e-26
5 7.28169e-26
5.5 1.00418e-25
6 1.36325e-25
6.5 1.82935e-25
7 2.43431e-25
7.5 3.21956e-25
8 4.23533e-25
8.5 5.53179e-25
9 7.13768e-25
9.5 9.05205e-25
10 1.13303e-24
10.5 1.42913e-24
11 1.87094e-24
11.5 2.38095e-24
12 2.78977e-24
12.5 3.44128e-24
13 4.36584e-24
13.5 5.55444e-24
14 6.96033e-24
14.5 8.42943e-24
15 9.69201e-24
15.5 1.04893e-23
16 1.07486e-23
16.5 1.05985e-23
17 1.02302e-23
17.5 9.78152e-24
18 9.31295e-24
18.5 8.8357e-24
19 8.34455e-24
19.5 7.83651e-24
20 7.31723e-24
20.5 6.79295e-24
21 6.26867e-24
21.5 5.74774e-24
22 5.22681e-24
22.5 4.75896e-24
23 4.29111e-24
23.5 3.92575e-24
24 3.56039e-24
24.5 3.28374e-24
25 3.00709e-24
25.5 2.79451e-24
26 2.58192e-24
26.5 2.41506e-24
27 2.2482e-24
27.5 2.11467e-24
28 1.98113e-24
28.5 1.8725e-24
29 1.76388e-24
29.5 1.67431e-24
30 1.58474e-24
30.5 1.51602e-24
31 1.44729e-24
31.5 1.37856e-24
32 1.30983e-24
32.5 1.2606e-24
33 1.21136e-24
33.5 1.16213e-24
34 1.1129e-24
34.5 1.07691e-24
35 1.04093e-24
35.5 1.00495e-24
36 9.68969e-25
36.5 9.42365e-25
37 9.15761e-25
37.5 8.89157e-25
38 8.62553e-25
38.5 8.42763e-25
39 8.22972e-25
39.5 8.03182e-25
40 7.83391e-25
40.5 7.6863e-25
41 7.5387e-25
41.5 7.39109e-25
42 7.24348e-25
42.5 7.13333e-25
43 7.02318e-25
43.5 6.91303e-25
44 6.80288e-25
44.5 6.72073e-25
45 6.63858e-25
45.5 6.55643e-25
46 6.47428e-25
46.5 6.41305e-25
47 6.35182e-25
47.5 6.2906e-25
48 6.22937e-25
48.5 6.18375e-25
49 6.13812e-25
49.5 6.0925e-25
50 6.04687e-25
50.5 6.01282e-25
51 5.97876e-25
51.5 5.9447e-25
52 5.91065e-25
52.5 5.8851e-25
53 5.85955e-25
53.5 5.834e-25
54 5.80845e-25
54.5 5.78909e-25
55 5.76973e-25
55.5 5.75036e-25
56 5.731e-25
56.5 5.71606e-25
57 5.70111e-25
57.5 5.68617e-25
58 5.67122e-25
58.5 5.65936e-25
59 5.64749e-25
59.5 5.63563e-25
60 5.62376e-25
60.5 5.61396e-25
61 5.60416e-25
61.5 5.59435e-25
62 5.58455e-25
62.5 5.57604e-25
63 5.56754e-25
63.5 5.55903e-25
64 5.55052e-25
64.5 5.54273e-25
65 5.53494e-25
65.5 5.52715e-25
66 5.51936e-25
66.5 5.51185e-25
67 5.50435e-25
67.5 5.49684e-25
68 5.48934e-25
68.5 5.4818e-25
69 5.47426e-25
69.5 5.46672e-25
70 5.45918e-25
70.5 5.45137e-25
71 5.44356e-25
71.5 5.43575e-25
72 5.42795e-25
72.5 5.41971e-25
73 5.41147e-25
73.5 5.40323e-25
74 5.39499e-25
74.5 5.3862e-25
75 5.37741e-25
75.5 5.36863e-25
76 5.35984e-25
76.5 5.35043e-25
77 5.34103e-25
77.5 5.33162e-25
78 5.32221e-25
78.5 5.31214e-25
79 5.30207e-25
79.5 5.292e-25
80 5.28193e-25
80.5 5.27067e-25
81 5.25941e-25
81.5 5.24816e-25
82 5.2369e-25
82.5 5.22564e-25
83 5.21438e-25
83.5 5.20312e-25
84 5.19186e-25
84.5 5.1806e-25
85 5.16934e-25
85.5 5.15646e-25
86 5.14358e-25
86.5 5.1307e-25
87 5.11782e-25
87.5 5.10494e-25
88 5.09206e-25
88.5 5.07918e-25
89 5.0663e-25
89.5 5.05342e-25
90 5.04054e-25
90.5 5.02626e-25
91 5.01199e-25
91.5 4.99771e-25
92 4.98343e-25
92.5 4.96916e-25
93 4.95488e-25
93.5 4.9406e-25
94 4.92632e-25
94.5 4.91205e-25
95 4.89777e-25
95.5 4.8824e-25
96 4.86703e-25
96.5 4.85167e-25
97 4.8363e-25
97.5 4.82093e-25
98 4.80556e-25
98.5 4.7902e-25
99 4.77483e-25
99.5 4.75946e-25
100 4.74409e-25
100.5 4.72779e-25
101 4.71148e-25
101.5 4.69517e-25
102 4.67887e-25
102.5 4.66256e-25
103 4.64626e-25
103.5 4.62995e-25
104 4.61364e-25
104.5 4.59734e-25
105 4.58103e-25
105.5 4.56473e-25
106 4.54842e-25
106.5 4.53212e-25
107 4.51581e-25
107.5 4.4995e-25
108 4.4832e-25
108.5 4.46689e-25
109 4.45059e-25
109.5 4.43428e-25
110 4.41797e-25
110.5 4.40161e-25
111 4.38525e-25
111.5 4.36889e-25
112 4.35253e-25
112.5 4.33617e-25
113 4.31981e-25
113.5 4.30345e-25
114 4.28708e-25
114.5 4.27072e-25
115 4.25436e-25
115.5 4.238e-25
116 4.22164e-25
116.5 4.20528e-25
117 4.18892e-25
117.5 4.17255e-25
118 4.15619e-25
118.5 4.13983e-25
119 4.12347e-25
119.5 4.10711e-25
120 4.09075e-25
120.5 4.07572e-25
121 4.06069e-25
121.5 4.04566e-25
122 4.03063e-25
122.5 4.0156e-25
123 4.00057e-25
123.5 3.98554e-25
124 3.97051e-25
124.5 3.95548e-25
125 3.94045e-25
125.5 3.92543e-25
126 3.9104e-25
126.5 3.89537e-25
127 3.88034e-25
127.5 3.86531e-25
128 3.85028e-25
128.5 3.83525e-25
129 3.82022e-25
129.5 3.80519e-25
130 3.79016e-25
