0.9 130 82
82
0.9 0
1 6.74614e-28
1.5 1.79197e-27
2 3.70101e-27
2.5 6.64166e-27
3 1.08949e-26
3.5 1.67964e-26
4 2.4755e-26
4.5 3.52784e-26
5 4.90101e-26
5.5 6.67826e-26
6 8.96923e-26
6.5 1.19205e-25
7 1.57299e-25
7.5 2.06655e-25
8 2.70829e-25
8.5 3.54204e-25
9 4.6103e-25
9.5 5.92226e-25
10 7.39938e-25
10.5 8.87771e-25
11 1.02798e-24
11.5 1.17743e-24
12 1.36643e-24
12.5 1.62214e-24
13 1.96621e-24
13.5 2.41766e-24
14 2.99145e-24
14.5 3.68934e-24
15 4.48382e-24
15.5 5.30591e-24
16 6.06107e-24
16.5 6.68063e-24
17 7.16116e-24
17.5 7.5415e-24
18 7.84668e-24
18.5 8.05992e-24
19 8.13753e-24
19.5 8.04327e-24
20 7.77387e-24
21 6.84761e-24
22 5.75231e-24
23 4.75494e-24
24 3.93935e-24
25 3.29761e-24
26 2.79625e-24
27 2.40201e-24
28 2.0883e-24
29 1.83534e-24
30 1.62872e-24
32 1.31547e-24
34 1.09368e-24
36 9.32391e-25
38 8.13023e-25
40 7.2369e-25
42 6.56381e-25
44 6.05452e-25
46 5.66808e-25
48 5.37413e-25
50 5.14988e-25
52 4.9781e-25
54 4.84568e-25
56 4.74263e-25
58 4.66133e-25
60 4.59594e-25
62 4.54203e-25
64 4.49618e-25
66 4.4558e-25
68 4.41893e-25
70 4.38406e-25
72 4.35009e-25
74 4.31617e-25
76 4.28171e-25
78 4.24627e-25
80 4.20955e-25
85 4.11111e-25
90 4.00269e-25
95 3.88513e-25
100 3.76024e-25
110 3.49806e-25
120 3.2369e-25
130 2.99781e-25
