1.5 130 258
258
1.5 0
2 3.31873e-28
2.5 2.86082e-27
3 1.03402e-26
3.5 2.76375e-26
4 6.16575e-26
4.5 1.26555e-25
5 2.32687e-25
5.5 3.78779e-25
6 5.63007e-25
6.5 7.85741e-25
7 1.04595e-24
7.5 1.33613e-24
8 1.64859e-24
8.5 1.99463e-24
9 2.51199e-24
9.5 3.03486e-24
10 3.7134e-24
10.5 4.60603e-24
11 5.78257e-24
11.5 7.34134e-24
12 9.41357e-24
12.5 1.21592e-23
13 1.57311e-23
13.5 2.01612e-23
14 2.51166e-23
14.5 2.96197e-23
15 3.21995e-23
15.5 3.18802e-23
16 2.9066e-23
16.5 2.50563e-23
17 2.09852e-23
17.5 1.74158e-23
18 1.44906e-23
18.5 1.21597e-23
19 1.03173e-23
19.5 8.85778e-24
20 7.69333e-24
20.5 6.83213e-24
21 5.97093e-24
21.5 5.38831e-24
22 4.80569e-24
22.5 4.39653e-24
23 3.98738e-24
23.5 3.69064e-24
24 3.3939e-24
24.5 3.1728e-24
25 2.95169e-24
25.5 2.7832e-24
26 2.61471e-24
26.5 2.48388e-24
27 2.35305e-24
27.5 2.24985e-24
28 2.14666e-24
28.5 2.06419e-24
29 1.98171e-24
29.5 1.91505e-24
30 1.8484e-24
30.5 1.79884e-24
31 1.74928e-24
31.5 1.69973e-24
32 1.65017e-24
32.5 1.61622e-24
33 1.58226e-24
33.5 1.5483e-24
34 1.51435e-24
34.5 1.49055e-24
35 1.46676e-24
35.5 1.44296e-24
36 1.41916e-24
36.5 1.40218e-24
37 1.38521e-24
37.5 1.36824e-24
38 1.35126e-24
38.5 1.33898e-24
39 1.3267e-24
39.5 1.31443e-24
40 1.30215e-24
40.5 1.29316e-24
41 1.28416e-24
41.5 1.27517e-24
42 1.26618e-24
42.5 1.25951e-24
43 1.25284e-24
43.5 1.24617e-24
44 1.2395e-24
44.5 1.23448e-24
45 1.22946e-24
45.5 1.22444e-24
46 1.21942e-24
46.5 1.21557e-24
47 1.21171e-24
47.5 1.20786e-24
48 1.20401e-24
48.5 1.20098e-24
49 1.19795e-24
49.5 1.19492e-24
50 1.19189e-24
50.5 1.18943e-24
51 1.18697e-24
51.5 1.1845e-24
52 1.18204e-24
52.5 1.17996e-24
53 1.17788e-24
53.5 1.1758e-24
54 1.17372e-24
54.5 1.17188e-24
55 1.17004e-24
55.5 1.16819e-24
56 1.16635e-24
56.5 1.16464e-24
57 1.16294e-24
57.5 1.16123e-24
58 1.15953e-24
58.5 1.15788e-24
59 1.15623e-24
59.5 1.15458e-24
60 1.15293e-24
60.5 1.15128e-24
61 1.14963e-24
61.5 1.14798e-24
62 1.14633e-24
62.5 1.14464e-24
63 1.14294e-24
63.5 1.14125e-24
64 1.13956e-24
64.5 1.13779e-24
65 1.13603e-24
65.5 1.13426e-24
66 1.13249e-24
66.5 1.13062e-24
67 1.12875e-24
67.5 1.12689e-24
68 1.12502e-24
68.5 1.12304e-24
69 1.12106e-24
69.5 1.11909e-24
70 1.11711e-24
70.5 1.11501e-24
71 1.11291e-24
71.5 1.11081e-24
72 1.10871e-24
72.5 1.10649e-24
73 1.10426e-24
73.5 1.10203e-24
74 1.09981e-24
74.5 1.09745e-24
75 1.0951e-24
75.5 1.09274e-24
76 1.09039e-24
76.5 1.0879e-24
77 1.08542e-24
77.5 1.08294e-24
78 1.08045e-24
78.5 1.07784e-24
79 1.07523e-24
79.5 1.07263e-24
80 1.07002e-24
80.5 1.06721e-24
81 1.06439e-24
81.5 1.06158e-24
82 1.05876e-24
82.5 1.05595e-24
83 1.05314e-24
83.5 1.05032e-24
84 1.04751e-24
84.5 1.04469e-24
85 1.04188e-24
85.5 1.03881e-24
86 1.03574e-24
86.5 1.03266e-24
87 1.02959e-24
87.5 1.02652e-24
88 1.02345e-24
88.5 1.02038e-24
89 1.0173e-24
89.5 1.01423e-24
90 1.01116e-24
90.5 1.00788e-24
91 1.00461e-24
91.5 1.00133e-24
92 9.98056e-25
92.5 9.9478e-25
93 9.91503e-25
93.5 9.88227e-25
94 9.84951e-25
94.5 9.81675e-25
95 9.78399e-25
95.5 9.74979e-25
96 9.71558e-25
96.5 9.68138e-25
97 9.64717e-25
97.5 9.61297e-25
98 9.57876e-25
98.5 9.54456e-25
99 9.51035e-25
99.5 9.47615e-25
100 9.44194e-25
100.5 9.40681e-25
101 9.37168e-25
101.5 9.33655e-25
102 9.30142e-25
102.5 9.26629e-25
103 9.23116e-25
103.5 9.19603e-25
104 9.1609e-25
104.5 9.12577e-25
105 9.09064e-25
105.5 9.05551e-25
106 9.02037e-25
106.5 8.98524e-25
107 8.95011e-25
107.5 8.91498e-25
108 8.87985e-25
108.5 8.84472e-25
109 8.80959e-25
109.5 8.77446e-25
110 8.73933e-25
110.5 8.70504e-25
111 8.67074e-25
111.5 8.63644e-25
112 8.60215e-25
112.5 8.56785e-25
113 8.53356e-25
113.5 8.49926e-25
114 8.46497e-25
114.5 8.43067e-25
115 8.39638e-25
115.5 8.36208e-25
116 8.32778e-25
116.5 8.29349e-25
117 8.25919e-25
117.5 8.2249e-25
118 8.1906e-25
118.5 8.15631e-25
119 8.12201e-25
119.5 8.08772e-25
120 8.05342e-25
120.5 8.02235e-25
121 7.99128e-25
121.5 7.9602e-25
122 7.92913e-25
122.5 7.89806e-25
123 7.86699e-25
123.5 7.83592e-25
124 7.80484e-25
124.5 7.77377e-25
125 7.7427e-25
125.5 7.71163e-25
126 7.68056e-25
126.5 7.64948e-25
127 7.61841e-25
127.5 7.58734e-25
128 7.55627e-25
128.5 7.5252e-25
129 7.49412e-25
129.5 7.46305e-25
130 7.43198e-25
