10.3993 130 67
67
10.3993 0
11 1.66979e-25
12 2.5503e-25
13 3.95814e-25
14 6.28578e-25
15 1.02752e-24
16 1.73661e-24
16.5 2.28494e-24
17 3.02241e-24
17.5 3.99757e-24
18 5.23362e-24
18.5 6.67095e-24
19 8.0941e-24
19.5 9.14001e-24
20 9.49452e-24
20.5 9.13371e-24
21 8.30704e-24
21.5 7.31264e-24
22 6.34759e-24
22.5 5.49836e-24
23 4.78442e-24
24 3.71214e-24
25 2.98595e-24
26 2.48144e-24
27 2.11902e-24
28 1.85011e-24
29 1.64472e-24
30 1.4837e-24
31 1.35475e-24
32 1.24949e-24
33 1.16201e-24
34 1.08833e-24
35 1.02544e-24
36 9.71e-25
37 9.23497e-25
38 8.81624e-25
39 8.44389e-25
40 8.11002e-25
42 7.53479e-25
44 7.05423e-25
46 6.64406e-25
48 6.28758e-25
50 5.9729e-25
52 5.69232e-25
54 5.43713e-25
56 5.20454e-25
58 4.99145e-25
60 4.79395e-25
62 4.60956e-25
64 4.43746e-25
66 4.27537e-25
68 4.12287e-25
70 3.97847e-25
72 3.84178e-25
74 3.71188e-25
76 3.58838e-25
78 3.47058e-25
80 3.35828e-25
85 3.09879e-25
90 2.86619e-25
95 2.65699e-25
100 2.46739e-25
105 2.29589e-25
110 2.1402e-25
115 1.9985e-25
120 1.8694e-25
130 1.6434e-25
