0.9 130 82
82
0.9 0
1 1.20489e-27
1.5 3.39135e-27
2 7.30918e-27
2.5 1.35622e-26
3 2.28705e-26
3.5 3.61145e-26
4 5.43956e-26
4.5 7.91215e-26
5 1.12126e-25
5.5 1.55833e-25
6 2.13448e-25
6.5 2.89095e-25
7 3.87598e-25
7.5 5.1324e-25
8 6.67146e-25
8.5 8.46599e-25
9 1.05326e-24
9.5 1.30447e-24
10 1.63135e-24
10.5 2.07146e-24
11 2.66954e-24
11.5 3.48378e-24
12 4.59162e-24
12.5 6.09037e-24
13 8.08187e-24
13.5 1.06153e-23
14 1.35529e-23
14.5 1.64164e-23
15 1.85168e-23
15.5 1.94981e-23
16 1.95866e-23
16.5 1.91503e-23
17 1.83265e-23
17.5 1.71147e-23
18 1.5584e-23
18.5 1.39038e-23
19 1.22512e-23
19.5 1.07418e-23
20 9.42371e-24
21 7.3369e-24
22 5.85663e-24
23 4.79474e-24
24 4.0139e-24
25 3.42417e-24
26 2.96764e-24
27 2.60655e-24
28 2.31573e-24
29 2.07797e-24
30 1.88122e-24
32 1.57835e-24
34 1.36126e-24
36 1.20311e-24
38 1.08697e-24
40 1.00142e-24
42 9.38445e-25
44 8.92221e-25
46 8.58435e-25
48 8.33859e-25
50 8.16065e-25
52 8.03219e-25
54 7.93932e-25
56 7.87157e-25
58 7.821e-25
60 7.78164e-25
62 7.749e-25
64 7.71971e-25
66 7.69129e-25
68 7.66189e-25
70 7.6302e-25
72 7.59528e-25
74 7.55651e-25
76 7.51349e-25
78 7.46601e-25
80 7.41398e-25
85 7.26443e-25
90 7.08924e-25
95 6.8925e-25
100 6.67912e-25
110 6.22354e-25
120 5.76456e-25
130 5.34217e-25
