0.9 130 82
82
0.9 0
1 1.2021e-27
1.5 3.37303e-27
2 7.25671e-27
2.5 1.34525e-26
3 2.26794e-26
3.5 3.58223e-26
4 5.39966e-26
4.5 7.86403e-26
5 1.11648e-25
5.5 1.55564e-25
6 2.13837e-25
6.5 2.91117e-25
7 3.93393e-25
7.5 5.27498e-25
8 6.99474e-25
8.5 9.13501e-25
9 1.1717e-24
9.5 1.44788e-24
10 1.70779e-24
10.5 2.04091e-24
11 2.53543e-24
11.5 3.23994e-24
12 4.2102e-24
12.5 5.51218e-24
13 7.1923e-24
13.5 9.2079e-24
14 1.13436e-23
14.5 1.32551e-23
15 1.47286e-23
15.5 1.58201e-23
16 1.6619e-23
16.5 1.70311e-23
17 1.68724e-23
17.5 1.60882e-23
18 1.48268e-23
18.5 1.33338e-23
19 1.18225e-23
19.5 1.04214e-23
20 9.1848e-24
21 7.20253e-24
22 5.7771e-24
23 4.74409e-24
24 3.97884e-24
25 3.3977e-24
26 2.94595e-24
27 2.58745e-24
28 2.29788e-24
29 2.06055e-24
30 1.86367e-24
32 1.55954e-24
34 1.34046e-24
36 1.18004e-24
38 1.06158e-24
40 9.73811e-25
42 9.08787e-25
44 8.6071e-25
46 8.25275e-25
48 7.99246e-25
50 7.80181e-25
52 7.66231e-25
54 7.55993e-25
56 7.48404e-25
58 7.42658e-25
60 7.38147e-25
62 7.34411e-25
64 7.31106e-25
66 7.27974e-25
68 7.24826e-25
70 7.21521e-25
72 7.17963e-25
74 7.14082e-25
76 7.09835e-25
78 7.05194e-25
80 7.00148e-25
85 6.85776e-25
90 6.69068e-25
95 6.50381e-25
100 6.30162e-25
110 5.87075e-25
120 5.43721e-25
130 5.03846e-25
