0.9 130 82
82
0.9 0
1 1.932e-27
1.5 5.56407e-27
2 1.21979e-26
2.5 2.29546e-26
3 3.92046e-26
3.5 6.26707e-26
4 9.55721e-26
4.5 1.40826e-25
5 2.02324e-25
5.5 2.8527e-25
6 3.96438e-25
6.5 5.43922e-25
7 7.3563e-25
7.5 9.77257e-25
8 1.27614e-24
8.5 1.65644e-24
9 2.17161e-24
9.5 2.90346e-24
10 3.95666e-24
10.5 5.4195e-24
11 7.22171e-24
11.5 9.09706e-24
12 1.11004e-23
12.5 1.37485e-23
13 1.74311e-23
13.5 2.207e-23
14 2.68685e-23
14.5 3.03477e-23
15 3.13331e-23
15.5 3.00244e-23
16 2.74908e-23
16.5 2.44935e-23
17 2.13096e-23
17.5 1.81853e-23
18 1.5395e-23
18.5 1.30693e-23
19 1.11945e-23
19.5 9.69602e-24
20 8.49328e-24
21 6.69795e-24
22 5.45867e-24
23 4.56447e-24
24 3.89487e-24
25 3.37812e-24
26 2.96959e-24
27 2.64034e-24
28 2.37092e-24
29 2.14783e-24
30 1.96142e-24
32 1.67198e-24
34 1.46378e-24
36 1.31288e-24
38 1.20342e-24
40 1.12429e-24
42 1.06749e-24
44 1.02712e-24
46 9.98786e-25
48 9.79209e-25
50 9.65932e-25
52 9.57116e-25
54 9.5138e-25
56 9.47693e-25
58 9.45285e-25
60 9.43584e-25
62 9.42165e-25
64 9.40717e-25
66 9.39015e-25
68 9.36899e-25
70 9.3426e-25
72 9.31024e-25
74 9.27148e-25
76 9.22612e-25
78 9.17412e-25
80 9.11556e-25
85 8.94189e-25
90 8.73327e-25
95 8.49582e-25
100 8.2363e-25
110 7.67882e-25
120 7.11493e-25
130 6.59503e-25
