0.9 130 82
82
0.9 0
1 1.09699e-27
1.5 3.07748e-27
2 6.61526e-27
2.5 1.22457e-26
3 2.06031e-26
3.5 3.24568e-26
4 4.87621e-26
4.5 7.07294e-26
5 9.99241e-26
5.5 1.38405e-25
6 1.88898e-25
6.5 2.54968e-25
7 3.41e-25
7.5 4.51486e-25
8 5.8877e-25
8.5 7.5005e-25
9 9.30038e-25
9.5 1.13358e-24
10 1.38233e-24
10.5 1.70614e-24
11 2.13658e-24
11.5 2.70909e-24
12 3.4676e-24
12.5 4.4673e-24
13 5.77383e-24
13.5 7.45559e-24
14 9.56083e-24
14.5 1.20619e-23
15 1.47592e-23
15.5 1.72063e-23
16 1.88105e-23
16.5 1.91644e-23
17 1.83234e-23
17.5 1.67109e-23
18 1.48029e-23
18.5 1.29265e-23
19 1.12407e-23
19.5 9.79313e-24
20 8.57612e-24
21 6.69913e-24
22 5.3806e-24
23 4.43108e-24
24 3.72717e-24
25 3.19078e-24
26 2.77198e-24
27 2.43815e-24
28 2.16742e-24
29 1.94473e-24
30 1.75946e-24
32 1.47242e-24
34 1.26529e-24
36 1.11371e-24
38 1.00207e-24
40 9.19705e-25
42 8.59017e-25
44 8.14435e-25
46 7.81816e-25
48 7.58056e-25
50 7.40817e-25
52 7.28336e-25
54 7.19282e-25
56 7.12652e-25
58 7.07691e-25
60 7.03829e-25
62 7.00639e-25
64 6.97801e-25
66 6.9508e-25
68 6.923e-25
70 6.89337e-25
72 6.86101e-25
74 6.82531e-25
76 6.78589e-25
78 6.74254e-25
80 6.69516e-25
85 6.55938e-25
90 6.4007e-25
95 6.22273e-25
100 6.02985e-25
110 5.61825e-25
120 5.20375e-25
130 4.82235e-25
