1.999 130 97
97
1.999 0
2 1.27364e-26
2.45 2.40378e-26
2.9 4.09492e-26
3.35 6.42314e-26
3.8 9.91703e-26
4.25 1.46747e-25
4.7 2.09295e-25
5.15 2.84546e-25
5.6 3.99355e-25
6.05 5.20315e-25
6.5 1.42205e-24
6.95 1.81252e-24
7.4 2.42779e-24
7.85 3.24949e-24
8.3 4.43573e-24
8.75 5.9972e-24
9.2 8.02611e-24
9.65 1.09505e-23
10.1 1.51045e-23
10.55 2.12479e-23
11 3.00781e-23
11.45 4.24408e-23
11.9 5.658e-23
12.35 6.96064e-23
12.8 7.55244e-23
13.25 7.60481e-23
13.7 7.40337e-23
14.15 7.37996e-23
14.6 7.61103e-23
15.05 8.01166e-23
15.5 8.2455e-23
15.95 8.05214e-23
16.4 7.43857e-23
16.85 6.6483e-23
17.3 5.87061e-23
17.75 5.1405e-23
18.2 4.53017e-23
18.65 4.02215e-23
19.1 3.58322e-23
19.55 3.23183e-23
20 2.92595e-23
20.45 2.67311e-23
20.9 2.45503e-23
21.35 2.27363e-23
21.8 2.1177e-23
22.25 1.99193e-23
22.7 1.89616e-23
23.15 1.82745e-23
23.6 1.77238e-23
24.05 1.73159e-23
24.5 1.6987e-23
24.95 1.66814e-23
25.4 1.64107e-23
25.85 1.61185e-23
26.3 1.5815e-23
26.75 1.55123e-23
27.2 1.52165e-23
27.65 1.49072e-23
28.1 1.45951e-23
28.55 1.43007e-23
29 1.40054e-23
29.45 1.37249e-23
29.9 1.34629e-23
30.35 1.32164e-23
30.8 1.29769e-23
31.25 1.27529e-23
31.7 1.25585e-23
32.15 1.23803e-23
32.6 1.22462e-23
33.05 1.21308e-23
33.5 1.2062e-23
33.95 1.20129e-23
34.4 1.19918e-23
34.85 1.19854e-23
35.3 1.19924e-23
35.75 1.20053e-23
36.2 1.20167e-23
36.65 1.20273e-23
37.1 1.20307e-23
37.55 1.20328e-23
38 1.20232e-23
38.45 1.20112e-23
38.9 1.19891e-23
39.35 1.19637e-23
39.8 1.19356e-23
40.25 1.19064e-23
40.7 1.18804e-23
41.15 1.18523e-23
41.6 1.18346e-23
42.05 1.182e-23
42.5 1.18156e-23
45 1.19051e-23
50 1.20886e-23
70 1.45677e-23
100 1.3941e-23
130 1.21873e-23
