0.5 130 260
260
0.5 0
1 1.27359e-27
1.5 3.60227e-27
2 7.79226e-27
2.5 1.45027e-26
3 2.45238e-26
3.5 3.88281e-26
4 5.86401e-26
4.5 8.55352e-26
5 1.21579e-25
5.5 1.69515e-25
6 2.32976e-25
6.5 3.1661e-25
7 4.25736e-25
7.5 5.64836e-25
8 7.35092e-25
8.5 9.35756e-25
9 1.17509e-24
9.5 1.48036e-24
10 1.89461e-24
10.5 2.46691e-24
11 3.22898e-24
11.5 4.23446e-24
12 5.62601e-24
12.5 7.54313e-24
13 1.00604e-23
13.5 1.30489e-23
14 1.59837e-23
14.5 1.80752e-23
15 1.89277e-23
15.5 1.88924e-23
16 1.8548e-23
16.5 1.81371e-23
17 1.75502e-23
17.5 1.66121e-23
18 1.53055e-23
18.5 1.37765e-23
19 1.22129e-23
19.5 1.07508e-23
20 9.45539e-24
20.5 8.41786e-24
21 7.38034e-24
21.5 6.63901e-24
22 5.89767e-24
22.5 5.36445e-24
23 4.83122e-24
23.5 4.4388e-24
24 4.04638e-24
24.5 3.74999e-24
25 3.45361e-24
25.5 3.22424e-24
26 2.99488e-24
26.5 2.81356e-24
27 2.63224e-24
27.5 2.48629e-24
28 2.34035e-24
28.5 2.22112e-24
29 2.10189e-24
29.5 2.00329e-24
30 1.90469e-24
30.5 1.82888e-24
31 1.75307e-24
31.5 1.67726e-24
32 1.60145e-24
32.5 1.54718e-24
33 1.4929e-24
33.5 1.43863e-24
34 1.38436e-24
34.5 1.34487e-24
35 1.30537e-24
35.5 1.26588e-24
36 1.22639e-24
36.5 1.19741e-24
37 1.16843e-24
37.5 1.13945e-24
38 1.11047e-24
38.5 1.08914e-24
39 1.06781e-24
39.5 1.04649e-24
40 1.02516e-24
40.5 1.00948e-24
41 9.9379e-25
41.5 9.78105e-25
42 9.6242e-25
42.5 9.50919e-25
43 9.39419e-25
43.5 9.27919e-25
44 9.16418e-25
44.5 9.08025e-25
45 8.99631e-25
45.5 8.91238e-25
46 8.82844e-25
46.5 8.76751e-25
47 8.70658e-25
47.5 8.64565e-25
48 8.58472e-25
48.5 8.54073e-25
49 8.49673e-25
49.5 8.45273e-25
50 8.40873e-25
50.5 8.37707e-25
51 8.34541e-25
51.5 8.31375e-25
52 8.28209e-25
52.5 8.25929e-25
53 8.2365e-25
53.5 8.2137e-25
54 8.19091e-25
54.5 8.17435e-25
55 8.15779e-25
55.5 8.14123e-25
56 8.12467e-25
56.5 8.11236e-25
57 8.10004e-25
57.5 8.08773e-25
58 8.07542e-25
58.5 8.06585e-25
59 8.05629e-25
59.5 8.04672e-25
60 8.03716e-25
60.5 8.02921e-25
61 8.02126e-25
61.5 8.01332e-25
62 8.00537e-25
62.5 7.9982e-25
63 7.99103e-25
63.5 7.98386e-25
64 7.97669e-25
64.5 7.96967e-25
65 7.96265e-25
65.5 7.95564e-25
66 7.94862e-25
66.5 7.94129e-25
67 7.93396e-25
67.5 7.92663e-25
68 7.9193e-25
68.5 7.91134e-25
69 7.90337e-25
69.5 7.8954e-25
70 7.88743e-25
70.5 7.8786e-25
71 7.86976e-25
71.5 7.86092e-25
72 7.85208e-25
72.5 7.84222e-25
73 7.83235e-25
73.5 7.82249e-25
74 7.81262e-25
74.5 7.80164e-25
75 7.79065e-25
75.5 7.77966e-25
76 7.76867e-25
76.5 7.75651e-25
77 7.74435e-25
77.5 7.73218e-25
78 7.72002e-25
78.5 7.70667e-25
79 7.69331e-25
79.5 7.67996e-25
80 7.6666e-25
80.5 7.65121e-25
81 7.63582e-25
81.5 7.62042e-25
82 7.60503e-25
82.5 7.58964e-25
83 7.57425e-25
83.5 7.55885e-25
84 7.54346e-25
84.5 7.52807e-25
85 7.51267e-25
85.5 7.49461e-25
86 7.47654e-25
86.5 7.45847e-25
87 7.4404e-25
87.5 7.42234e-25
88 7.40427e-25
88.5 7.3862e-25
89 7.36813e-25
89.5 7.35007e-25
90 7.332e-25
90.5 7.31169e-25
91 7.29137e-25
91.5 7.27106e-25
92 7.25075e-25
92.5 7.23044e-25
93 7.21012e-25
93.5 7.18981e-25
94 7.1695e-25
94.5 7.14919e-25
95 7.12887e-25
95.5 7.10683e-25
96 7.08479e-25
96.5 7.06274e-25
97 7.0407e-25
97.5 7.01865e-25
98 6.99661e-25
98.5 6.97457e-25
99 6.95252e-25
99.5 6.93048e-25
100 6.90843e-25
100.5 6.88489e-25
101 6.86134e-25
101.5 6.8378e-25
102 6.81425e-25
102.5 6.79071e-25
103 6.76716e-25
103.5 6.74362e-25
104 6.72007e-25
104.5 6.69652e-25
105 6.67298e-25
105.5 6.64943e-25
106 6.62589e-25
106.5 6.60234e-25
107 6.5788e-25
107.5 6.55525e-25
108 6.53171e-25
108.5 6.50816e-25
109 6.48462e-25
109.5 6.46107e-25
110 6.43753e-25
110.5 6.4138e-25
111 6.39007e-25
111.5 6.36634e-25
112 6.34261e-25
112.5 6.31888e-25
113 6.29515e-25
113.5 6.27142e-25
114 6.2477e-25
114.5 6.22397e-25
115 6.20024e-25
115.5 6.17651e-25
116 6.15278e-25
116.5 6.12905e-25
117 6.10532e-25
117.5 6.08159e-25
118 6.05787e-25
118.5 6.03414e-25
119 6.01041e-25
119.5 5.98668e-25
120 5.96295e-25
120.5 5.94111e-25
121 5.91927e-25
121.5 5.89743e-25
122 5.87559e-25
122.5 5.85375e-25
123 5.83191e-25
123.5 5.81007e-25
124 5.78822e-25
124.5 5.76638e-25
125 5.74454e-25
125.5 5.7227e-25
126 5.70086e-25
126.5 5.67902e-25
127 5.65718e-25
127.5 5.63534e-25
128 5.6135e-25
128.5 5.59166e-25
129 5.56982e-25
129.5 5.54798e-25
130 5.52614e-25
