0.9 130 82
82
0.9 0
1 6.72679e-28
1.5 1.79725e-27
2 3.73069e-27
2.5 6.72658e-27
3 1.10859e-26
3.5 1.71735e-26
4 2.54405e-26
4.5 3.64557e-26
5 5.09509e-26
5.5 6.98861e-26
6 9.45414e-26
6.5 1.26645e-25
7 1.68542e-25
7.5 2.23387e-25
8 2.95239e-25
8.5 3.88652e-25
9 5.06792e-25
9.5 6.47361e-25
10 8.00402e-25
10.5 9.58707e-25
11 1.135e-24
11.5 1.35989e-24
12 1.66777e-24
12.5 2.09316e-24
13 2.67496e-24
13.5 3.45823e-24
14 4.48597e-24
14.5 5.77113e-24
15 7.23956e-24
15.5 8.66732e-24
16 9.71071e-24
16.5 1.01148e-23
17 9.92847e-24
17.5 9.44719e-24
18 8.97145e-24
18.5 8.63371e-24
19 8.35362e-24
19.5 7.94711e-24
20 7.36351e-24
21 6.23607e-24
22 5.69041e-24
23 5.1916e-24
24 4.27913e-24
25 3.33037e-24
26 2.61164e-24
27 2.10876e-24
28 1.75383e-24
29 1.49555e-24
30 1.30162e-24
32 1.03424e-24
34 8.63136e-25
36 7.48204e-25
38 6.6873e-25
40 6.1284e-25
42 5.73179e-25
44 5.4493e-25
46 5.24812e-25
48 5.10519e-25
50 5.00405e-25
52 4.9327e-25
54 4.88235e-25
56 4.84653e-25
58 4.82039e-25
60 4.80037e-25
62 4.7838e-25
64 4.76871e-25
66 4.75365e-25
68 4.73758e-25
70 4.71974e-25
72 4.69961e-25
74 4.67686e-25
76 4.65128e-25
78 4.62277e-25
80 4.5913e-25
85 4.50008e-25
90 4.39249e-25
95 4.27123e-25
100 4.13944e-25
110 3.85759e-25
120 3.57335e-25
130 3.31164e-25
