1.686 130 226
226
1.686 0
1.69 1.4134e-25
1.7 1.414e-25
1.71 1.3344e-25
1.72 1.2431e-25
1.73 1.1582e-25
1.74 1.0834e-25
1.75 1.0183e-25
1.76 9.6152e-26
1.77 9.1183e-26
1.78 8.6801e-26
1.79 8.291e-26
1.8 7.9432e-26
1.81 7.6302e-26
1.82 7.3471e-26
1.83 7.0896e-26
1.84 6.8544e-26
1.85 6.6387e-26
1.86 6.4401e-26
1.87 6.2547e-26
1.88 6.0808e-26
1.89 5.9188e-26
1.9 5.7677e-26
1.91 5.6262e-26
1.92 5.4936e-26
1.93 5.3691e-26
1.94 5.252e-26
1.95 5.1417e-26
1.96 5.0378e-26
1.97 4.9398e-26
1.98 4.8473e-26
1.99 4.7599e-26
2 4.6774e-26
2.01 4.5995e-26
2.02 4.526e-26
2.03 4.4567e-26
2.04 4.3915e-26
2.05 4.3302e-26
2.06 4.2727e-26
2.07 4.2183e-26
2.08 4.167e-26
2.09 4.1193e-26
2.1 4.0753e-26
2.11 4.0348e-26
2.12 3.998e-26
2.13 3.9651e-26
2.14 3.9361e-26
2.15 3.9112e-26
2.16 3.8908e-26
2.17 3.8751e-26
2.18 3.8645e-26
2.19 3.8596e-26
2.2 3.861e-26
2.21 3.8695e-26
2.22 3.886e-26
2.23 3.9117e-26
2.24 3.9483e-26
2.25 3.9976e-26
2.26 4.062e-26
2.27 4.1438e-26
2.28 4.2468e-26
2.29 4.3769e-26
2.3 4.5409e-26
2.31 4.7478e-26
2.32 5.0094e-26
2.33 5.3418e-26
2.34 5.7662e-26
2.35 6.3105e-26
2.36 7.0107e-26
2.37 7.9093e-26
2.38 9.0478e-26
2.39 1.0445e-25
2.4 1.2048e-25
2.41 1.3661e-25
2.42 1.4908e-25
2.43 1.5368e-25
2.44 1.4874e-25
2.45 1.3651e-25
2.46 1.2117e-25
2.47 1.0604e-25
2.48 9.2792e-26
2.49 8.1895e-26
2.5 7.3166e-26
2.51 6.6245e-26
2.52 6.0761e-26
2.53 5.6402e-26
2.54 5.292e-26
2.55 5.0125e-26
2.56 4.7873e-26
2.57 4.6056e-26
2.58 4.4591e-26
2.59 4.3417e-26
2.6 4.2485e-26
2.65 4.0451e-26
2.7 4.1467e-26
2.75 4.5231e-26
2.8 5.2479e-26
2.85 6.4859e-26
2.9 8.4856e-26
2.95 1.1366e-25
3 1.4292e-25
3.05 1.5033e-25
3.1 1.2954e-25
3.15 1.0089e-25
3.2 7.7892e-26
3.25 6.2022e-26
3.3 5.1364e-26
3.35 4.4115e-26
3.4 3.9074e-26
3.45 3.5494e-26
3.5 3.2914e-26
4 2.8274e-26
4.5 4.3535e-26
5 9.1038e-26
5.5 9.8003e-26
6 1.18e-25
6.5 1.31e-25
7 1.42e-25
7.5 1.49e-25
8 1.53e-25
8.5 1.53e-25
9 1.51e-25
9.5 1.47e-25
10 1.44e-25
10.5 1.39e-25
11 1.33e-25
11.5 1.27e-25
12 1.21e-25
12.5 1.16e-25
13 1.11e-25
13.5 1.06e-25
14 1.01e-25
14.5 9.5658e-26
14.75 9.3014e-26
15 9.037e-26
15.5 8.5559e-26
15.721 8.3029e-26
16 7.8954e-26
16.5 6.824e-26
16.713 7.4649e-26
16.904 7.8639e-26
17 8.0644e-26
17.191 8.3691e-26
17.5 1.0313e-25
17.707 1.1297e-25
17.887 1.2214e-25
18 1.2789e-25
18.5 1.5979e-25
18.941 1.9618e-25
19 2.0114e-25
19.185 2.2079e-25
19.25 2.2769e-25
19.5 2.5424e-25
19.898 3.0609e-25
20 3.1938e-25
20.588 3.7615e-25
21 4.2827e-25
21.203 4.4268e-25
21.278 4.48e-25
21.352 4.5325e-25
21.414 4.5765e-25
22 4.9925e-25
22.189 5.0101e-25
22.5 5.039e-25
23 5.0854e-25
23.004 5.0861e-25
23.077 5.0992e-25
23.37 5.1517e-25
23.408 5.1585e-25
23.979 5.2608e-25
24 5.2645e-25
24.189 5.2652e-25
24.5 5.2663e-25
24.75 5.2672e-25
25 5.2681e-25
25.25 5.2744e-25
25.458 5.2796e-25
25.5 5.2807e-25
25.75 5.287e-25
26 5.2932e-25
26.25 5.2836e-25
26.406 5.2775e-25
26.587 5.2705e-25
26.712 5.2657e-25
27 5.2546e-25
27.5 5.2016e-25
27.69 5.1815e-25
27.981 5.1507e-25
28 5.1487e-25
28.5 5.0662e-25
29 4.9837e-25
29.5 4.8778e-25
30 4.772e-25
31 4.6321e-25
32 4.4921e-25
33 4.3522e-25
34 4.2122e-25
35 4.0722e-25
36 3.9474e-25
37 3.8226e-25
38 3.6978e-25
39 3.573e-25
40 3.4482e-25
41 3.3018e-25
42 3.1554e-25
43 3.009e-25
44 2.8626e-25
45 2.7162e-25
46 2.5698e-25
47 2.4234e-25
48 2.277e-25
49 2.1306e-25
50 1.9843e-25
55 1.6363e-25
60 1.2884e-25
65 1.0798e-25
70 8.7117e-26
75 7.5845e-26
80 6.4572e-26
85 5.8548e-26
90 5.2524e-26
95 5.3031e-26
100 5.3539e-26
110 4.9507e-26
120 4.3317e-26
130 3.7819e-26
