0.9 130 82
82
0.9 0
1 1.25717e-27
1.5 3.5545e-27
2 7.68618e-27
2.5 1.42998e-26
3 2.41706e-26
3.5 3.82505e-26
4 5.77355e-26
4.5 8.41614e-26
5 1.19537e-25
5.5 1.66523e-25
6 2.28637e-25
6.5 3.10369e-25
7 4.16841e-25
7.5 5.5231e-25
8 7.17606e-25
8.5 9.11046e-25
9 1.13872e-24
9.5 1.42387e-24
10 1.80278e-24
10.5 2.3196e-24
11 3.0301e-24
11.5 4.00959e-24
12 5.35857e-24
12.5 7.1968e-24
13 9.62082e-24
13.5 1.25768e-23
14 1.56472e-23
14.5 1.80399e-23
15 1.9182e-23
15.5 1.92894e-23
16 1.89549e-23
16.5 1.8481e-23
17 1.77999e-23
17.5 1.67642e-23
18 1.53769e-23
18.5 1.37932e-23
19 1.21988e-23
19.5 1.07224e-23
20 9.4225e-24
21 7.35051e-24
22 5.87444e-24
23 4.81363e-24
24 4.03293e-24
25 3.44307e-24
26 2.98637e-24
27 2.62516e-24
28 2.33427e-24
29 2.09652e-24
30 1.89983e-24
32 1.59722e-24
34 1.38049e-24
36 1.22273e-24
38 1.10697e-24
40 1.02179e-24
42 9.59151e-25
44 9.13238e-25
46 8.7974e-25
48 8.55433e-25
50 8.37887e-25
52 8.25267e-25
54 8.16186e-25
56 8.09592e-25
58 8.04693e-25
60 8.00888e-25
62 7.97729e-25
64 7.94878e-25
66 7.92087e-25
68 7.89171e-25
70 7.86001e-25
72 7.82482e-25
74 7.78554e-25
76 7.74178e-25
78 7.69332e-25
80 7.64011e-25
85 7.48677e-25
90 7.30675e-25
95 7.10435e-25
100 6.88468e-25
110 6.41541e-25
120 5.94248e-25
130 5.50717e-25
