1 130 169
169
1 0
1.5 4.7616e-29
2 8.1435e-27
2.5 1.6495e-26
3 2.5107e-26
3.5 3.6275e-26
4 4.7892e-26
4.5 6.2901e-26
5 8.1778e-26
5.5 1.0349e-25
6 1.2304e-25
6.5 1.3864e-25
7 1.5017e-25
7.5 1.6012e-25
8 1.6874e-25
8.5 1.7592e-25
9 1.815e-25
9.5 1.8682e-25
10 1.9323e-25
10.5 2.0151e-25
11 2.0996e-25
11.5 2.1537e-25
12 2.1486e-25
12.5 2.0847e-25
13 1.9879e-25
13.5 1.8969e-25
14 1.8464e-25
14.5 1.8582e-25
15 1.9438e-25
15.5 2.0702e-25
16 2.1548e-25
16.5 2.1791e-25
17 2.2314e-25
17.5 2.3889e-25
18 2.661e-25
18.5 2.9961e-25
19 3.2707e-25
19.5 3.3452e-25
20 3.2128e-25
20.5 3.0141e-25
21 2.9098e-25
21.5 3.0245e-25
22 3.4854e-25
22.5 4.3302e-25
23 4.8049e-25
23.5 4.0846e-25
24 3.1835e-25
24.5 2.6386e-25
25 2.3539e-25
25.5 2.2084e-25
26 2.1348e-25
26.5 2.1963e-25
27 2.1747e-25
27.5 2.1577e-25
28 2.1375e-25
28.5 2.1098e-25
29 2.0724e-25
29.5 2.0245e-25
30 1.9674e-25
30.5 1.9029e-25
31 1.8333e-25
31.5 1.761e-25
32 1.6882e-25
32.5 1.6172e-25
33 1.5498e-25
33.5 1.4876e-25
34 1.4315e-25
34.5 1.3822e-25
35 1.3404e-25
35.5 1.3064e-25
36 1.2803e-25
36.5 1.2618e-25
37 1.2498e-25
37.5 1.2436e-25
38 1.2413e-25
38.5 1.2405e-25
39 1.2382e-25
39.5 1.2311e-25
40 1.2163e-25
40.5 1.1919e-25
41 1.1573e-25
41.5 1.1132e-25
42 1.0615e-25
42.5 1.0051e-25
43 9.4675e-26
43.5 8.8877e-26
44 8.3293e-26
44.5 7.8034e-26
45 7.3162e-26
45.5 6.8701e-26
46 6.4645e-26
46.5 6.0976e-26
47 5.7663e-26
47.5 5.4676e-26
48 5.1981e-26
48.5 4.9548e-26
49 4.7346e-26
49.5 4.5351e-26
50 4.3539e-26
50.5 4.1889e-26
51 4.0384e-26
51.5 3.9005e-26
52 3.7723e-26
52.5 3.6544e-26
53 3.5459e-26
53.5 3.4457e-26
54 3.353e-26
54.5 3.267e-26
55 3.1872e-26
55.5 3.1129e-26
56 3.0436e-26
56.5 2.9789e-26
57 2.9183e-26
57.5 2.8615e-26
58 2.8083e-26
58.5 2.7582e-26
59 2.711e-26
59.5 2.6665e-26
60 2.6245e-26
60.5 2.5848e-26
61 2.5472e-26
61.5 2.5115e-26
62 2.477e-26
62.5 2.4442e-26
63 2.413e-26
63.5 2.3833e-26
64 2.355e-26
64.5 2.3279e-26
65 2.3021e-26
65.5 2.2774e-26
66 2.2537e-26
66.5 2.2309e-26
67 2.2091e-26
67.5 2.1882e-26
68 2.168e-26
68.5 2.1486e-26
69 2.1298e-26
69.5 2.1118e-26
70 2.0943e-26
70.5 2.0775e-26
71 2.0611e-26
71.5 2.0453e-26
72 2.0297e-26
72.5 2.0146e-26
73 1.9999e-26
73.5 1.9856e-26
74 1.9718e-26
74.5 1.9583e-26
75 1.9451e-26
75.5 1.9323e-26
76 1.9198e-26
76.5 1.9075e-26
77 1.8956e-26
77.5 1.8839e-26
78 1.8725e-26
78.5 1.8613e-26
79 1.8503e-26
79.5 1.8395e-26
80 1.829e-26
85 1.7315e-26
90 1.6458e-26
95 1.611e-26
100 1.5719e-26
105 1.5296e-26
110 1.4857e-26
115 1.4411e-26
120 1.3971e-26
125 1.3547e-26
130 1.3149e-26
