0.5 130 260
260
0.5 0
1 3.1492e-27
1.5 9.02729e-27
2 1.97745e-26
2.5 3.72861e-26
3 6.3955e-26
3.5 1.02894e-25
4 1.58249e-25
4.5 2.35606e-25
5 3.42433e-25
5.5 4.88228e-25
6 6.83799e-25
6.5 9.40396e-25
7 1.2754e-24
7.5 1.7336e-24
8 2.41041e-24
8.5 3.39804e-24
9 4.5092e-24
9.5 5.64423e-24
10 7.37843e-24
10.5 1.02393e-23
11 1.48086e-23
11.5 2.17971e-23
12 3.09012e-23
12.5 3.82692e-23
13 3.95527e-23
13.5 3.75027e-23
14 3.64211e-23
14.5 3.69422e-23
15 3.75286e-23
15.5 3.65197e-23
16 3.35319e-23
16.5 2.94036e-23
17 2.51478e-23
17.5 2.13437e-23
18 1.81664e-23
18.5 1.55874e-23
19 1.35104e-23
19.5 1.18336e-23
20 1.04695e-23
20.5 9.42937e-24
21 8.38926e-24
21.5 7.65611e-24
22 6.92295e-24
22.5 6.38596e-24
23 5.84896e-24
23.5 5.44252e-24
24 5.03608e-24
24.5 4.71997e-24
25 4.40385e-24
25.5 4.15245e-24
26 3.90106e-24
26.5 3.6975e-24
27 3.49393e-24
27.5 3.32671e-24
28 3.15949e-24
28.5 3.02054e-24
29 2.88159e-24
29.5 2.76511e-24
30 2.64862e-24
30.5 2.55777e-24
31 2.46691e-24
31.5 2.37606e-24
32 2.2852e-24
32.5 2.21942e-24
33 2.15363e-24
33.5 2.08785e-24
34 2.02206e-24
34.5 1.97406e-24
35 1.92606e-24
35.5 1.87806e-24
36 1.83006e-24
36.5 1.79501e-24
37 1.75996e-24
37.5 1.72491e-24
38 1.68986e-24
38.5 1.66437e-24
39 1.63888e-24
39.5 1.61338e-24
40 1.58789e-24
40.5 1.5695e-24
41 1.55111e-24
41.5 1.53272e-24
42 1.51432e-24
42.5 1.5012e-24
43 1.48808e-24
43.5 1.47495e-24
44 1.46183e-24
44.5 1.4526e-24
45 1.44337e-24
45.5 1.43414e-24
46 1.42491e-24
46.5 1.41853e-24
47 1.41215e-24
47.5 1.40577e-24
48 1.39939e-24
48.5 1.39507e-24
49 1.39076e-24
49.5 1.38644e-24
50 1.38212e-24
50.5 1.37927e-24
51 1.37642e-24
51.5 1.37357e-24
52 1.37072e-24
52.5 1.36888e-24
53 1.36704e-24
53.5 1.3652e-24
54 1.36336e-24
54.5 1.36219e-24
55 1.36103e-24
55.5 1.35986e-24
56 1.35869e-24
56.5 1.35794e-24
57 1.35719e-24
57.5 1.35644e-24
58 1.35568e-24
58.5 1.35515e-24
59 1.35462e-24
59.5 1.35409e-24
60 1.35356e-24
60.5 1.35311e-24
61 1.35266e-24
61.5 1.35221e-24
62 1.35176e-24
62.5 1.35128e-24
63 1.35081e-24
63.5 1.35033e-24
64 1.34985e-24
64.5 1.34928e-24
65 1.3487e-24
65.5 1.34812e-24
66 1.34754e-24
66.5 1.34681e-24
67 1.34607e-24
67.5 1.34534e-24
68 1.3446e-24
68.5 1.34367e-24
69 1.34274e-24
69.5 1.34182e-24
70 1.34089e-24
70.5 1.33974e-24
71 1.33859e-24
71.5 1.33745e-24
72 1.3363e-24
72.5 1.33492e-24
73 1.33354e-24
73.5 1.33216e-24
74 1.33078e-24
74.5 1.32916e-24
75 1.32754e-24
75.5 1.32592e-24
76 1.3243e-24
76.5 1.32244e-24
77 1.32059e-24
77.5 1.31873e-24
78 1.31687e-24
78.5 1.31477e-24
79 1.31267e-24
79.5 1.31058e-24
80 1.30848e-24
80.5 1.30599e-24
81 1.3035e-24
81.5 1.30101e-24
82 1.29853e-24
82.5 1.29604e-24
83 1.29355e-24
83.5 1.29106e-24
84 1.28857e-24
84.5 1.28608e-24
85 1.28359e-24
85.5 1.2806e-24
86 1.2776e-24
86.5 1.27461e-24
87 1.27162e-24
87.5 1.26863e-24
88 1.26563e-24
88.5 1.26264e-24
89 1.25965e-24
89.5 1.25665e-24
90 1.25366e-24
90.5 1.25025e-24
91 1.24684e-24
91.5 1.24344e-24
92 1.24003e-24
92.5 1.23662e-24
93 1.23321e-24
93.5 1.2298e-24
94 1.2264e-24
94.5 1.22299e-24
95 1.21958e-24
95.5 1.21585e-24
96 1.21213e-24
96.5 1.2084e-24
97 1.20468e-24
97.5 1.20095e-24
98 1.19723e-24
98.5 1.1935e-24
99 1.18977e-24
99.5 1.18605e-24
100 1.18232e-24
100.5 1.17832e-24
101 1.17432e-24
101.5 1.17031e-24
102 1.16631e-24
102.5 1.16231e-24
103 1.1583e-24
103.5 1.1543e-24
104 1.1503e-24
104.5 1.1463e-24
105 1.14229e-24
105.5 1.13829e-24
106 1.13429e-24
106.5 1.13028e-24
107 1.12628e-24
107.5 1.12228e-24
108 1.11827e-24
108.5 1.11427e-24
109 1.11027e-24
109.5 1.10627e-24
110 1.10226e-24
110.5 1.09821e-24
111 1.09416e-24
111.5 1.09011e-24
112 1.08606e-24
112.5 1.08201e-24
113 1.07796e-24
113.5 1.07391e-24
114 1.06986e-24
114.5 1.06581e-24
115 1.06176e-24
115.5 1.05771e-24
116 1.05366e-24
116.5 1.04961e-24
117 1.04556e-24
117.5 1.04151e-24
118 1.03746e-24
118.5 1.03341e-24
119 1.02935e-24
119.5 1.0253e-24
120 1.02125e-24
120.5 1.01752e-24
121 1.01378e-24
121.5 1.01005e-24
122 1.00631e-24
122.5 1.00257e-24
123 9.98839e-25
123.5 9.95103e-25
124 9.91367e-25
124.5 9.87631e-25
125 9.83895e-25
125.5 9.80159e-25
126 9.76424e-25
126.5 9.72688e-25
127 9.68952e-25
127.5 9.65216e-25
128 9.6148e-25
128.5 9.57744e-25
129 9.54008e-25
129.5 9.50272e-25
130 9.46537e-25
