2 130 167
167
2 0
2.5 1.25e-32
3 8.0429e-28
3.5 1.1011e-26
4 5.9244e-26
4.5 2.2148e-25
5 1.5902e-25
5.5 8.8126e-26
6 7.1447e-26
6.5 8.3326e-26
7 1.151e-25
7.5 1.462e-25
8 1.2958e-25
8.5 1.0277e-25
9 9.0345e-26
9.5 9.6043e-26
10 1.6556e-25
10.5 1.7489e-25
11 1.8764e-25
11.5 2.1518e-25
12 2.4323e-25
12.5 2.6789e-25
13 2.4809e-25
13.5 2.7695e-25
14 3.0257e-25
14.5 3.1351e-25
15 3.1051e-25
15.5 3.0478e-25
16 3.0722e-25
16.5 3.2239e-25
17 3.4917e-25
17.5 3.749e-25
18 3.8488e-25
18.5 3.8424e-25
19 3.7548e-25
19.5 3.5978e-25
20 3.4167e-25
20.5 3.2638e-25
21 3.1819e-25
21.5 3.1866e-25
22 3.2552e-25
22.5 3.3134e-25
23 3.2673e-25
23.5 3.1e-25
24 2.8863e-25
24.5 2.7098e-25
25 2.6121e-25
25.5 2.6024e-25
26 2.6823e-25
26.5 2.843e-25
27 3.052e-25
27.5 3.2339e-25
28 3.2931e-25
28.5 3.2052e-25
29 3.0401e-25
29.5 2.8809e-25
30 2.7666e-25
30.5 2.7014e-25
31 2.6774e-25
31.5 2.6833e-25
32 2.7091e-25
32.5 2.7461e-25
33 2.7868e-25
33.5 2.8259e-25
34 2.8584e-25
34.5 2.8801e-25
35 2.888e-25
35.5 2.8801e-25
36 2.8558e-25
36.5 2.8154e-25
37 2.7604e-25
37.5 2.6928e-25
38 2.615e-25
38.5 2.53e-25
39 2.4405e-25
39.5 2.349e-25
40 2.2576e-25
40.5 2.1681e-25
41 2.0819e-25
41.5 2.0003e-25
42 1.9239e-25
42.5 1.8532e-25
43 1.7882e-25
43.5 1.7296e-25
44 1.6773e-25
44.5 1.6315e-25
45 1.5923e-25
45.5 1.5595e-25
46 1.5332e-25
46.5 1.5134e-25
47 1.5002e-25
47.5 1.4934e-25
48 1.4929e-25
48.5 1.4985e-25
49 1.5093e-25
49.5 1.5245e-25
50 1.5424e-25
50.5 1.5606e-25
51 1.5764e-25
51.5 1.5863e-25
52 1.5875e-25
52.5 1.5775e-25
53 1.5552e-25
53.5 1.5214e-25
54 1.4781e-25
54.5 1.4281e-25
55 1.3744e-25
55.5 1.3197e-25
56 1.2661e-25
56.5 1.2151e-25
57 1.1674e-25
57.5 1.1235e-25
58 1.0835e-25
58.5 1.0473e-25
59 1.0145e-25
59.5 9.8495e-26
60 9.583e-26
60.5 9.3424e-26
61 9.1247e-26
61.5 8.9274e-26
62 8.7482e-26
62.5 8.5847e-26
63 8.4338e-26
63.5 8.2955e-26
64 8.1684e-26
64.5 8.0512e-26
65 7.9429e-26
65.5 7.8424e-26
66 7.749e-26
66.5 7.6619e-26
67 7.5805e-26
67.5 7.5042e-26
68 7.4325e-26
68.5 7.365e-26
69 7.3012e-26
69.5 7.2409e-26
70 7.1837e-26
70.5 7.1292e-26
71 7.0774e-26
71.5 7.0279e-26
72 6.9805e-26
72.5 6.9351e-26
73 6.8909e-26
73.5 6.8484e-26
74 6.8075e-26
74.5 6.768e-26
75 6.7298e-26
75.5 6.6928e-26
76 6.6569e-26
76.5 6.622e-26
77 6.5881e-26
77.5 6.555e-26
78 6.5228e-26
78.5 6.4913e-26
79 6.4605e-26
79.5 6.4303e-26
80 6.4007e-26
85 6.1278e-26
90 5.8812e-26
95 5.7472e-26
100 5.5963e-26
105 5.4335e-26
110 5.2641e-26
115 5.0924e-26
120 4.9228e-26
125 4.7595e-26
130 4.6061e-26
