0.9 130 82
82
0.9 0
1 1.54368e-27
1.5 4.38386e-27
2 9.51835e-27
2.5 1.77834e-26
3 3.01986e-26
3.5 4.80428e-26
4 7.29613e-26
4.5 1.07121e-25
5 1.53432e-25
5.5 2.15862e-25
6 2.99799e-25
6.5 4.12319e-25
7 5.6184e-25
7.5 7.56586e-25
8 1.00379e-24
8.5 1.317e-24
9 1.72922e-24
9.5 2.27884e-24
10 2.94147e-24
10.5 3.60993e-24
11 4.29995e-24
11.5 5.2194e-24
12 6.57314e-24
12.5 8.50835e-24
13 1.11087e-23
13.5 1.42683e-23
14 1.7489e-23
14.5 1.99924e-23
15 2.13606e-23
15.5 2.17752e-23
16 2.14771e-23
16.5 2.05041e-23
17 1.89242e-23
17.5 1.69724e-23
18 1.49383e-23
18.5 1.30322e-23
19 1.13538e-23
19.5 9.92472e-24
20 8.72676e-24
21 6.87471e-24
22 5.56783e-24
23 4.6211e-24
24 3.91507e-24
25 3.37416e-24
26 2.9499e-24
27 2.61047e-24
28 2.33443e-24
29 2.10692e-24
30 1.9174e-24
32 1.62354e-24
34 1.41159e-24
36 1.2568e-24
38 1.14318e-24
40 1.05978e-24
42 9.98735e-25
44 9.54304e-25
46 9.22191e-25
48 8.99166e-25
50 8.82795e-25
52 8.71236e-25
54 8.631e-25
56 8.57335e-25
58 8.53151e-25
60 8.49952e-25
62 8.47294e-25
64 8.44845e-25
66 8.4236e-25
68 8.39664e-25
70 8.36629e-25
72 8.33168e-25
74 8.29226e-25
76 8.24768e-25
78 8.19778e-25
80 8.14255e-25
85 7.98191e-25
90 7.79189e-25
95 7.57738e-25
100 7.34404e-25
110 6.84462e-25
120 6.34069e-25
130 5.87659e-25
