0.5 130 260
260
0.5 0
1 7.47564e-28
1.5 2.00477e-27
2 4.17286e-27
2.5 7.53947e-27
3 1.24456e-26
3.5 1.93041e-26
4 2.86248e-26
4.5 4.10497e-26
5 5.74035e-26
5.5 7.87656e-26
6 1.06573e-25
6.5 1.4276e-25
7 1.89946e-25
7.5 2.51637e-25
8 3.32297e-25
8.5 4.36794e-25
9 5.68112e-25
9.5 7.22729e-25
10 8.8887e-25
10.5 1.05906e-24
11 1.2478e-24
11.5 1.48702e-24
12 1.81046e-24
12.5 2.24983e-24
13 2.83854e-24
13.5 3.61244e-24
14 4.60155e-24
14.5 5.80597e-24
15 7.15109e-24
15.5 8.44267e-24
16 9.39563e-24
16.5 9.79604e-24
17 9.66669e-24
17.5 9.23035e-24
18 8.73029e-24
18.5 8.29511e-24
19 7.89912e-24
19.5 7.43689e-24
20 6.88431e-24
20.5 6.33506e-24
21 5.78581e-24
21.5 5.44687e-24
22 5.10793e-24
22.5 4.83267e-24
23 4.55741e-24
23.5 4.16665e-24
24 3.77589e-24
24.5 3.39012e-24
25 3.00436e-24
25.5 2.71035e-24
26 2.41634e-24
26.5 2.20587e-24
27 1.9954e-24
27.5 1.84278e-24
28 1.69015e-24
28.5 1.57611e-24
29 1.46206e-24
29.5 1.37434e-24
30 1.28661e-24
30.5 1.22431e-24
31 1.162e-24
31.5 1.0997e-24
32 1.0374e-24
32.5 9.96204e-25
33 9.55008e-25
33.5 9.13811e-25
34 8.72614e-25
34.5 8.44266e-25
35 8.15918e-25
35.5 7.8757e-25
36 7.59222e-25
36.5 7.39271e-25
37 7.19319e-25
37.5 6.99368e-25
38 6.79417e-25
38.5 6.65204e-25
39 6.50992e-25
39.5 6.36779e-25
40 6.22566e-25
40.5 6.12385e-25
41 6.02203e-25
41.5 5.92021e-25
42 5.8184e-25
42.5 5.74536e-25
43 5.67233e-25
43.5 5.59929e-25
44 5.52625e-25
44.5 5.47394e-25
45 5.42163e-25
45.5 5.36932e-25
46 5.31701e-25
46.5 5.27967e-25
47 5.24233e-25
47.5 5.20499e-25
48 5.16765e-25
48.5 5.14111e-25
49 5.11457e-25
49.5 5.08802e-25
50 5.06148e-25
50.5 5.04267e-25
51 5.02386e-25
51.5 5.00506e-25
52 4.98625e-25
52.5 4.97292e-25
53 4.95959e-25
53.5 4.94625e-25
54 4.93292e-25
54.5 4.92339e-25
55 4.91386e-25
55.5 4.90433e-25
56 4.89479e-25
56.5 4.88781e-25
57 4.88083e-25
57.5 4.87386e-25
58 4.86688e-25
58.5 4.86152e-25
59 4.85616e-25
59.5 4.85081e-25
60 4.84545e-25
60.5 4.84103e-25
61 4.83661e-25
61.5 4.83219e-25
62 4.82776e-25
62.5 4.82376e-25
63 4.81976e-25
63.5 4.81576e-25
64 4.81176e-25
64.5 4.80781e-25
65 4.80386e-25
65.5 4.7999e-25
66 4.79595e-25
66.5 4.79177e-25
67 4.78759e-25
67.5 4.78341e-25
68 4.77923e-25
68.5 4.77463e-25
69 4.77003e-25
69.5 4.76542e-25
70 4.76082e-25
70.5 4.75566e-25
71 4.7505e-25
71.5 4.74534e-25
72 4.74018e-25
72.5 4.73437e-25
73 4.72857e-25
73.5 4.72276e-25
74 4.71695e-25
74.5 4.71044e-25
75 4.70393e-25
75.5 4.69743e-25
76 4.69092e-25
76.5 4.68368e-25
77 4.67644e-25
77.5 4.6692e-25
78 4.66196e-25
78.5 4.65398e-25
79 4.64601e-25
79.5 4.63803e-25
80 4.63005e-25
80.5 4.62082e-25
81 4.61159e-25
81.5 4.60236e-25
82 4.59313e-25
82.5 4.5839e-25
83 4.57467e-25
83.5 4.56544e-25
84 4.55621e-25
84.5 4.54698e-25
85 4.53775e-25
85.5 4.52688e-25
86 4.516e-25
86.5 4.50513e-25
87 4.49426e-25
87.5 4.48339e-25
88 4.47252e-25
88.5 4.46165e-25
89 4.45078e-25
89.5 4.43991e-25
90 4.42904e-25
90.5 4.41679e-25
91 4.40455e-25
91.5 4.39231e-25
92 4.38006e-25
92.5 4.36782e-25
93 4.35558e-25
93.5 4.34334e-25
94 4.33109e-25
94.5 4.31885e-25
95 4.30661e-25
95.5 4.29331e-25
96 4.28001e-25
96.5 4.26671e-25
97 4.25341e-25
97.5 4.24011e-25
98 4.22681e-25
98.5 4.21351e-25
99 4.20021e-25
99.5 4.18691e-25
100 4.17361e-25
100.5 4.15939e-25
101 4.14518e-25
101.5 4.13096e-25
102 4.11674e-25
102.5 4.10253e-25
103 4.08831e-25
103.5 4.0741e-25
104 4.05988e-25
104.5 4.04566e-25
105 4.03145e-25
105.5 4.01723e-25
106 4.00302e-25
106.5 3.9888e-25
107 3.97458e-25
107.5 3.96037e-25
108 3.94615e-25
108.5 3.93194e-25
109 3.91772e-25
109.5 3.90351e-25
110 3.88929e-25
110.5 3.87496e-25
111 3.86062e-25
111.5 3.84629e-25
112 3.83196e-25
112.5 3.81762e-25
113 3.80329e-25
113.5 3.78896e-25
114 3.77463e-25
114.5 3.76029e-25
115 3.74596e-25
115.5 3.73163e-25
116 3.71729e-25
116.5 3.70296e-25
117 3.68863e-25
117.5 3.67429e-25
118 3.65996e-25
118.5 3.64563e-25
119 3.63129e-25
119.5 3.61696e-25
120 3.60263e-25
120.5 3.58943e-25
121 3.57624e-25
121.5 3.56304e-25
122 3.54985e-25
122.5 3.53665e-25
123 3.52346e-25
123.5 3.51026e-25
124 3.49707e-25
124.5 3.48387e-25
125 3.47067e-25
125.5 3.45748e-25
126 3.44428e-25
126.5 3.43109e-25
127 3.41789e-25
127.5 3.4047e-25
128 3.3915e-25
128.5 3.37831e-25
129 3.36511e-25
129.5 3.35192e-25
130 3.33872e-25
