0.5 130 260
260
0.5 0
1 3.84566e-27
1.5 1.10369e-26
2 2.42162e-26
2.5 4.57541e-26
3 7.86649e-26
3.5 1.26886e-25
4 1.95645e-25
4.5 2.91873e-25
5 4.24416e-25
5.5 6.03398e-25
6 8.38032e-25
6.5 1.13562e-24
7 1.51058e-24
7.5 2.00227e-24
8 2.68222e-24
8.5 3.65414e-24
9 5.0667e-24
9.5 7.1395e-24
10 1.01876e-23
10.5 1.46081e-23
11 2.06962e-23
11.5 2.81959e-23
12 3.64968e-23
12.5 4.55874e-23
13 5.49797e-23
13.5 6.12309e-23
14 5.92905e-23
14.5 4.99528e-23
15 3.92251e-23
15.5 3.0506e-23
16 2.41266e-23
16.5 1.95367e-23
17 1.61894e-23
17.5 1.36932e-23
18 1.17874e-23
18.5 1.02998e-23
19 9.11528e-24
19.5 8.15532e-24
20 7.36511e-24
20.5 6.73924e-24
21 6.11337e-24
21.5 5.65558e-24
22 5.1978e-24
22.5 4.85084e-24
23 4.50389e-24
23.5 4.23356e-24
24 3.96323e-24
24.5 3.74802e-24
25 3.53282e-24
25.5 3.35865e-24
26 3.18448e-24
26.5 3.04175e-24
27 2.89902e-24
27.5 2.78098e-24
28 2.66295e-24
28.5 2.56471e-24
29 2.46646e-24
29.5 2.38436e-24
30 2.30225e-24
30.5 2.23904e-24
31 2.17583e-24
31.5 2.11262e-24
32 2.0494e-24
32.5 2.00508e-24
33 1.96076e-24
33.5 1.91643e-24
34 1.87211e-24
34.5 1.84134e-24
35 1.81056e-24
35.5 1.77978e-24
36 1.74901e-24
36.5 1.72804e-24
37 1.70708e-24
37.5 1.68611e-24
38 1.66515e-24
38.5 1.6513e-24
39 1.63744e-24
39.5 1.62359e-24
40 1.60974e-24
40.5 1.601e-24
41 1.59227e-24
41.5 1.58354e-24
42 1.57481e-24
42.5 1.56973e-24
43 1.56464e-24
43.5 1.55956e-24
44 1.55447e-24
44.5 1.55194e-24
45 1.54941e-24
45.5 1.54688e-24
46 1.54434e-24
46.5 1.54355e-24
47 1.54275e-24
47.5 1.54195e-24
48 1.54116e-24
48.5 1.54149e-24
49 1.54183e-24
49.5 1.54217e-24
50 1.5425e-24
50.5 1.54352e-24
51 1.54455e-24
51.5 1.54557e-24
52 1.54659e-24
52.5 1.54797e-24
53 1.54935e-24
53.5 1.55073e-24
54 1.55211e-24
54.5 1.55361e-24
55 1.55511e-24
55.5 1.55661e-24
56 1.55811e-24
56.5 1.55955e-24
57 1.56099e-24
57.5 1.56243e-24
58 1.56388e-24
58.5 1.56514e-24
59 1.5664e-24
59.5 1.56766e-24
60 1.56892e-24
60.5 1.56992e-24
61 1.57091e-24
61.5 1.57191e-24
62 1.5729e-24
62.5 1.57357e-24
63 1.57424e-24
63.5 1.57491e-24
64 1.57557e-24
64.5 1.57588e-24
65 1.57618e-24
65.5 1.57649e-24
66 1.57679e-24
66.5 1.57671e-24
67 1.57662e-24
67.5 1.57654e-24
68 1.57646e-24
68.5 1.57598e-24
69 1.5755e-24
69.5 1.57502e-24
70 1.57454e-24
70.5 1.57366e-24
71 1.57278e-24
71.5 1.5719e-24
72 1.57102e-24
72.5 1.56975e-24
73 1.56848e-24
73.5 1.56721e-24
74 1.56594e-24
74.5 1.56429e-24
75 1.56263e-24
75.5 1.56098e-24
76 1.55932e-24
76.5 1.5573e-24
77 1.55528e-24
77.5 1.55326e-24
78 1.55123e-24
78.5 1.54886e-24
79 1.54648e-24
79.5 1.54411e-24
80 1.54174e-24
80.5 1.5388e-24
81 1.53586e-24
81.5 1.53292e-24
82 1.52998e-24
82.5 1.52704e-24
83 1.5241e-24
83.5 1.52116e-24
84 1.51822e-24
84.5 1.51528e-24
85 1.51234e-24
85.5 1.5087e-24
86 1.50506e-24
86.5 1.50142e-24
87 1.49778e-24
87.5 1.49414e-24
88 1.49049e-24
88.5 1.48685e-24
89 1.48321e-24
89.5 1.47957e-24
90 1.47593e-24
90.5 1.47172e-24
91 1.46751e-24
91.5 1.46331e-24
92 1.4591e-24
92.5 1.45489e-24
93 1.45069e-24
93.5 1.44648e-24
94 1.44227e-24
94.5 1.43807e-24
95 1.43386e-24
95.5 1.42923e-24
96 1.42459e-24
96.5 1.41996e-24
97 1.41532e-24
97.5 1.41068e-24
98 1.40605e-24
98.5 1.40141e-24
99 1.39678e-24
99.5 1.39214e-24
100 1.38751e-24
100.5 1.38249e-24
101 1.37748e-24
101.5 1.37246e-24
102 1.36745e-24
102.5 1.36243e-24
103 1.35742e-24
103.5 1.3524e-24
104 1.34739e-24
104.5 1.34237e-24
105 1.33736e-24
105.5 1.33234e-24
106 1.32733e-24
106.5 1.32231e-24
107 1.3173e-24
107.5 1.31228e-24
108 1.30727e-24
108.5 1.30225e-24
109 1.29724e-24
109.5 1.29222e-24
110 1.28721e-24
110.5 1.28209e-24
111 1.27698e-24
111.5 1.27187e-24
112 1.26676e-24
112.5 1.26164e-24
113 1.25653e-24
113.5 1.25142e-24
114 1.2463e-24
114.5 1.24119e-24
115 1.23608e-24
115.5 1.23097e-24
116 1.22585e-24
116.5 1.22074e-24
117 1.21563e-24
117.5 1.21051e-24
118 1.2054e-24
118.5 1.20029e-24
119 1.19518e-24
119.5 1.19006e-24
120 1.18495e-24
120.5 1.18018e-24
121 1.17541e-24
121.5 1.17063e-24
122 1.16586e-24
122.5 1.16109e-24
123 1.15632e-24
123.5 1.15155e-24
124 1.14678e-24
124.5 1.142e-24
125 1.13723e-24
125.5 1.13246e-24
126 1.12769e-24
126.5 1.12292e-24
127 1.11814e-24
127.5 1.11337e-24
128 1.1086e-24
128.5 1.10383e-24
129 1.09906e-24
129.5 1.09429e-24
130 1.08951e-24
