0.5 130 260
260
0.5 0
1 2.98976e-28
1.5 7.65918e-28
2 1.53815e-27
2.5 2.69951e-27
3 4.34899e-27
3.5 6.60558e-27
4 9.61473e-27
4.5 1.35576e-26
5 1.86649e-26
5.5 2.52359e-26
6 3.36661e-26
6.5 4.44832e-26
7 5.83977e-26
7.5 7.6374e-26
8 9.97297e-26
8.5 1.30261e-25
9 1.70349e-25
9.5 2.2285e-25
10 2.9024e-25
10.5 3.72123e-25
11 4.61897e-25
11.5 5.49337e-25
12 6.33965e-25
12.5 7.32261e-25
13 8.67885e-25
13.5 1.06334e-24
14 1.34033e-24
14.5 1.71947e-24
15 2.20983e-24
15.5 2.78157e-24
16 3.33517e-24
16.5 3.72948e-24
17 3.90319e-24
17.5 3.94673e-24
18 4.01142e-24
18.5 4.18179e-24
19 4.40568e-24
19.5 4.50731e-24
20 4.35504e-24
20.5 4.00421e-24
21 3.65338e-24
21.5 3.41964e-24
22 3.1859e-24
22.5 3.08056e-24
23 2.97523e-24
23.5 2.85337e-24
24 2.73151e-24
24.5 2.54369e-24
25 2.35586e-24
25.5 2.1507e-24
26 1.94555e-24
26.5 1.76805e-24
27 1.59055e-24
27.5 1.4521e-24
28 1.31365e-24
28.5 1.20921e-24
29 1.10477e-24
29.5 1.02613e-24
30 9.47482e-25
30.5 8.94455e-25
31 8.41427e-25
31.5 7.88399e-25
32 7.35372e-25
32.5 7.02903e-25
33 6.70435e-25
33.5 6.37966e-25
34 6.05498e-25
34.5 5.84595e-25
35 5.63693e-25
35.5 5.4279e-25
36 5.21888e-25
36.5 5.0793e-25
37 4.93972e-25
37.5 4.80014e-25
38 4.66057e-25
38.5 4.56506e-25
39 4.46955e-25
39.5 4.37404e-25
40 4.27853e-25
40.5 4.21219e-25
41 4.14585e-25
41.5 4.07951e-25
42 4.01317e-25
42.5 3.96674e-25
43 3.9203e-25
43.5 3.87386e-25
44 3.82743e-25
44.5 3.79486e-25
45 3.76228e-25
45.5 3.72971e-25
46 3.69714e-25
46.5 3.67433e-25
47 3.65153e-25
47.5 3.62873e-25
48 3.60593e-25
48.5 3.59004e-25
49 3.57415e-25
49.5 3.55826e-25
50 3.54237e-25
50.5 3.53136e-25
51 3.52035e-25
51.5 3.50934e-25
52 3.49833e-25
52.5 3.49071e-25
53 3.4831e-25
53.5 3.47549e-25
54 3.46788e-25
54.5 3.46258e-25
55 3.45728e-25
55.5 3.45198e-25
56 3.44669e-25
56.5 3.4429e-25
57 3.43912e-25
57.5 3.43534e-25
58 3.43156e-25
58.5 3.4287e-25
59 3.42584e-25
59.5 3.42298e-25
60 3.42012e-25
60.5 3.41774e-25
61 3.41537e-25
61.5 3.41299e-25
62 3.41061e-25
62.5 3.4084e-25
63 3.40618e-25
63.5 3.40396e-25
64 3.40174e-25
64.5 3.39945e-25
65 3.39715e-25
65.5 3.39486e-25
66 3.39256e-25
66.5 3.39002e-25
67 3.38748e-25
67.5 3.38493e-25
68 3.38239e-25
68.5 3.37947e-25
69 3.37656e-25
69.5 3.37365e-25
70 3.37073e-25
70.5 3.36737e-25
71 3.364e-25
71.5 3.36063e-25
72 3.35727e-25
72.5 3.35339e-25
73 3.34952e-25
73.5 3.34565e-25
74 3.34178e-25
74.5 3.33737e-25
75 3.33296e-25
75.5 3.32855e-25
76 3.32414e-25
76.5 3.31918e-25
77 3.31423e-25
77.5 3.30927e-25
78 3.30431e-25
78.5 3.2988e-25
79 3.2933e-25
79.5 3.28779e-25
80 3.28228e-25
80.5 3.27585e-25
81 3.26942e-25
81.5 3.26299e-25
82 3.25655e-25
82.5 3.25012e-25
83 3.24369e-25
83.5 3.23726e-25
84 3.23082e-25
84.5 3.22439e-25
85 3.21796e-25
85.5 3.21033e-25
86 3.2027e-25
86.5 3.19506e-25
87 3.18743e-25
87.5 3.1798e-25
88 3.17217e-25
88.5 3.16453e-25
89 3.1569e-25
89.5 3.14927e-25
90 3.14164e-25
90.5 3.13301e-25
91 3.12438e-25
91.5 3.11575e-25
92 3.10712e-25
92.5 3.09849e-25
93 3.08986e-25
93.5 3.08122e-25
94 3.07259e-25
94.5 3.06396e-25
95 3.05533e-25
95.5 3.04594e-25
96 3.03654e-25
96.5 3.02714e-25
97 3.01775e-25
97.5 3.00835e-25
98 2.99895e-25
98.5 2.98956e-25
99 2.98016e-25
99.5 2.97076e-25
100 2.96137e-25
100.5 2.9513e-25
101 2.94124e-25
101.5 2.93118e-25
102 2.92111e-25
102.5 2.91105e-25
103 2.90099e-25
103.5 2.89093e-25
104 2.88086e-25
104.5 2.8708e-25
105 2.86074e-25
105.5 2.85068e-25
106 2.84061e-25
106.5 2.83055e-25
107 2.82049e-25
107.5 2.81042e-25
108 2.80036e-25
108.5 2.7903e-25
109 2.78024e-25
109.5 2.77017e-25
110 2.76011e-25
110.5 2.74995e-25
111 2.73979e-25
111.5 2.72964e-25
112 2.71948e-25
112.5 2.70932e-25
113 2.69916e-25
113.5 2.689e-25
114 2.67884e-25
114.5 2.66869e-25
115 2.65853e-25
115.5 2.64837e-25
116 2.63821e-25
116.5 2.62805e-25
117 2.61789e-25
117.5 2.60774e-25
118 2.59758e-25
118.5 2.58742e-25
119 2.57726e-25
119.5 2.5671e-25
120 2.55695e-25
120.5 2.54759e-25
121 2.53823e-25
121.5 2.52887e-25
122 2.51952e-25
122.5 2.51016e-25
123 2.5008e-25
123.5 2.49144e-25
124 2.48209e-25
124.5 2.47273e-25
125 2.46337e-25
125.5 2.45401e-25
126 2.44466e-25
126.5 2.4353e-25
127 2.42594e-25
127.5 2.41659e-25
128 2.40723e-25
128.5 2.39787e-25
129 2.38851e-25
129.5 2.37916e-25
130 2.3698e-25
