1.999 130 97
97
1.999 0
2 1.2626e-26
2.45 2.57455e-26
2.9 4.14577e-26
3.35 6.46026e-26
3.8 9.97067e-26
4.25 1.44516e-25
4.7 2.09113e-25
5.15 2.81857e-25
5.6 3.9813e-25
6.05 5.22022e-25
6.5 7.08933e-25
6.95 9.3682e-25
7.4 1.24938e-24
7.85 1.6762e-24
8.3 3.26364e-24
8.75 5.4423e-24
9.2 7.60134e-24
9.65 1.06167e-23
10.1 1.47563e-23
10.55 2.08886e-23
11 2.97718e-23
11.45 4.25919e-23
11.9 5.62127e-23
12.35 6.81778e-23
12.8 7.47339e-23
13.25 7.44748e-23
13.7 7.29451e-23
14.15 7.31564e-23
14.6 7.57126e-23
15.05 7.83082e-23
15.5 7.90324e-23
15.95 7.71801e-23
16.4 7.21362e-23
16.85 6.54949e-23
17.3 5.87329e-23
17.75 5.21805e-23
18.2 4.65888e-23
18.65 4.16274e-23
19.1 3.74007e-23
19.55 3.38231e-23
20 3.07586e-23
20.45 2.81547e-23
20.9 2.58548e-23
21.35 2.3922e-23
21.8 2.22437e-23
22.25 2.07938e-23
22.7 1.95389e-23
23.15 1.84275e-23
23.6 1.7462e-23
24.05 1.65852e-23
24.5 1.58623e-23
24.95 1.52645e-23
25.4 1.48049e-23
25.85 1.44689e-23
26.3 1.42372e-23
26.75 1.40806e-23
27.2 1.39741e-23
27.65 1.38959e-23
28.1 1.38064e-23
28.55 1.37205e-23
29 1.36061e-23
29.45 1.3478e-23
29.9 1.33358e-23
30.35 1.31886e-23
30.8 1.30223e-23
31.25 1.28477e-23
31.7 1.26818e-23
32.15 1.25116e-23
32.6 1.2363e-23
33.05 1.22138e-23
33.5 1.21025e-23
33.95 1.2002e-23
34.4 1.19349e-23
34.85 1.18852e-23
35.3 1.18621e-23
35.75 1.186e-23
36.2 1.18696e-23
36.65 1.18899e-23
37.1 1.19105e-23
37.55 1.19359e-23
38 1.1951e-23
38.45 1.19674e-23
38.9 1.19737e-23
39.35 1.19731e-23
39.8 1.19629e-23
40.25 1.19478e-23
40.7 1.19254e-23
41.15 1.18976e-23
41.6 1.18659e-23
42.05 1.18318e-23
42.5 1.18032e-23
45 1.1722e-23
50 1.19794e-23
70 1.34588e-23
100 1.34628e-23
130 1.17651e-23
