6 130 249
249
6 0
6.5 6.21839e-25
7 9.45884e-25
7.5 1.8034e-24
8 2.66091e-24
8.5 4.63403e-24
9 6.60714e-24
9.5 1.04218e-23
10 1.42365e-23
10.5 1.99017e-23
11 2.55669e-23
11.5 3.20114e-23
12 3.84559e-23
12.5 4.67755e-23
13 5.50951e-23
13.5 6.23256e-23
14 6.95561e-23
14.5 6.49513e-23
15 6.03464e-23
15.5 5.17562e-23
16 4.31659e-23
16.5 3.67053e-23
17 3.02447e-23
17.5 2.59741e-23
18 2.17035e-23
18.5 1.8883e-23
19 1.60625e-23
19.5 1.41585e-23
20 1.22545e-23
20.5 1.0938e-23
21 9.62155e-24
21.5 8.69109e-24
22 7.76063e-24
22.5 7.0903e-24
23 6.41997e-24
23.5 5.92898e-24
24 5.43799e-24
24.5 5.0731e-24
25 4.70822e-24
25.5 4.43347e-24
26 4.15872e-24
26.5 3.94924e-24
27 3.73975e-24
27.5 3.57802e-24
28 3.41628e-24
28.5 3.28976e-24
29 3.16325e-24
29.5 3.0629e-24
30 2.96256e-24
30.5 2.88182e-24
31 2.80107e-24
31.5 2.73514e-24
32 2.6692e-24
32.5 2.61457e-24
33 2.55994e-24
33.5 2.51406e-24
34 2.46817e-24
34.5 2.42916e-24
35 2.39014e-24
35.5 2.35659e-24
36 2.32304e-24
36.5 2.29393e-24
37 2.26481e-24
37.5 2.23933e-24
38 2.21386e-24
38.5 2.19141e-24
39 2.16896e-24
39.5 2.14906e-24
40 2.12916e-24
40.5 2.11141e-24
41 2.09367e-24
41.5 2.07776e-24
42 2.06185e-24
42.5 2.04751e-24
43 2.03318e-24
43.5 2.02019e-24
44 2.00719e-24
44.5 1.99535e-24
45 1.98351e-24
45.5 1.97266e-24
46 1.9618e-24
46.5 1.95179e-24
47 1.94177e-24
47.5 1.93247e-24
48 1.92317e-24
48.5 1.91447e-24
49 1.90578e-24
49.5 1.89759e-24
50 1.88941e-24
50.5 1.88165e-24
51 1.87389e-24
51.5 1.86649e-24
52 1.85909e-24
52.5 1.85198e-24
53 1.84487e-24
53.5 1.83801e-24
54 1.83114e-24
54.5 1.82448e-24
55 1.81781e-24
55.5 1.8113e-24
56 1.80479e-24
56.5 1.79841e-24
57 1.79202e-24
57.5 1.78574e-24
58 1.77945e-24
58.5 1.77325e-24
59 1.76704e-24
59.5 1.76089e-24
60 1.75474e-24
60.5 1.74863e-24
61 1.74252e-24
61.5 1.73645e-24
62 1.73037e-24
62.5 1.72432e-24
63 1.71826e-24
63.5 1.71222e-24
64 1.70618e-24
64.5 1.70015e-24
65 1.69412e-24
65.5 1.68809e-24
66 1.68207e-24
66.5 1.67604e-24
67 1.67002e-24
67.5 1.664e-24
68 1.65798e-24
68.5 1.65195e-24
69 1.64593e-24
69.5 1.63992e-24
70 1.6339e-24
70.5 1.62788e-24
71 1.62187e-24
71.5 1.61586e-24
72 1.60985e-24
72.5 1.60385e-24
73 1.59785e-24
73.5 1.59185e-24
74 1.58586e-24
74.5 1.57988e-24
75 1.5739e-24
75.5 1.56794e-24
76 1.56198e-24
76.5 1.55603e-24
77 1.55009e-24
77.5 1.54417e-24
78 1.53825e-24
78.5 1.53236e-24
79 1.52646e-24
79.5 1.5206e-24
80 1.51473e-24
80.5 1.5089e-24
81 1.50308e-24
81.5 1.49728e-24
82 1.49149e-24
82.5 1.48574e-24
83 1.47999e-24
83.5 1.47429e-24
84 1.46858e-24
84.5 1.46293e-24
85 1.45727e-24
85.5 1.45167e-24
86 1.44607e-24
86.5 1.44053e-24
87 1.43499e-24
87.5 1.42951e-24
88 1.42403e-24
88.5 1.41862e-24
89 1.41321e-24
89.5 1.40788e-24
90 1.40254e-24
90.5 1.39728e-24
91 1.39202e-24
91.5 1.38684e-24
92 1.38167e-24
92.5 1.37658e-24
93 1.37149e-24
93.5 1.3665e-24
94 1.36151e-24
94.5 1.35662e-24
95 1.35173e-24
95.5 1.34695e-24
96 1.34217e-24
96.5 1.33751e-24
97 1.33285e-24
97.5 1.32831e-24
98 1.32377e-24
98.5 1.31937e-24
99 1.31497e-24
99.5 1.3107e-24
100 1.30644e-24
100.5 1.30234e-24
101 1.29823e-24
101.5 1.29428e-24
102 1.29034e-24
102.5 1.28657e-24
103 1.2828e-24
103.5 1.27922e-24
104 1.27565e-24
104.5 1.27227e-24
105 1.26889e-24
105.5 1.26573e-24
106 1.25778e-24
106.5 1.25558e-24
107 1.2534e-24
107.5 1.25123e-24
108 1.24907e-24
108.5 1.24691e-24
109 1.24483e-24
109.5 1.24359e-24
110 1.24236e-24
110.5 1.24114e-24
111 1.23992e-24
111.5 1.23871e-24
112 1.2375e-24
112.5 1.23743e-24
113 1.2374e-24
113.5 1.23738e-24
114 1.23735e-24
114.5 1.23733e-24
115 1.2373e-24
115.5 1.23833e-24
116 1.23981e-24
116.5 1.24129e-24
117 1.24276e-24
117.5 1.24422e-24
118 1.24568e-24
118.5 1.2476e-24
119 1.25095e-24
119.5 1.25428e-24
120 1.2576e-24
120.5 1.2609e-24
121 1.26419e-24
121.5 1.26746e-24
122 1.27217e-24
122.5 1.27773e-24
123 1.28327e-24
123.5 1.28878e-24
124 1.29428e-24
124.5 1.29975e-24
125 1.3052e-24
125.5 1.31283e-24
126 1.32095e-24
126.5 1.32904e-24
127 1.33709e-24
127.5 1.34512e-24
128 1.35311e-24
128.5 1.36108e-24
129 1.37147e-24
129.5 1.38241e-24
130 1.39332e-24
