1.8 130.05 286
286
1.8 0
2.25 1.91712e-26
2.7 3.36588e-26
3.15 5.40313e-26
3.6 8.36007e-26
4.05 1.23756e-25
4.5 1.78864e-25
4.95 2.48697e-25
5.4 3.44326e-25
5.85 4.64786e-25
6.3 6.80395e-25
6.75 9.48666e-25
7.2 1.45345e-24
7.65 2.35973e-24
8.1 3.53342e-24
8.55 5.05397e-24
9 6.98781e-24
9.45 9.58581e-24
9.9 1.32252e-23
10.35 1.84959e-23
10.8 2.60688e-23
11.25 3.67715e-23
11.7 5.01067e-23
12.15 6.36949e-23
12.6 7.33714e-23
13.05 7.68003e-23
13.5 7.66749e-23
13.95 7.72054e-23
14.4 8.0454e-23
14.85 8.51262e-23
15.3 8.75271e-23
15.75 8.53471e-23
16.2 7.88372e-23
16.65 7.00686e-23
17.1 6.12518e-23
17.55 5.34034e-23
18 4.67298e-23
18.45 4.11743e-23
18.9 3.65783e-23
19.35 3.27957e-23
19.8 2.96584e-23
20.25 2.70254e-23
20.7 2.47837e-23
21.15 2.28951e-23
21.6 2.1347e-23
22.05 2.00781e-23
22.5 1.9043e-23
22.95 1.81989e-23
23.4 1.75078e-23
23.85 1.69355e-23
24.3 1.64612e-23
24.75 1.60515e-23
25.2 1.56936e-23
25.65 1.53782e-23
26.1 1.50911e-23
26.55 1.48272e-23
27 1.45789e-23
27.45 1.43413e-23
27.9 1.41046e-23
28.35 1.38782e-23
28.8 1.36613e-23
29.25 1.34556e-23
29.7 1.32636e-23
30.15 1.30906e-23
30.6 1.29354e-23
31.05 1.27935e-23
31.5 1.26734e-23
31.95 1.25697e-23
32.4 1.24856e-23
32.85 1.24144e-23
33.3 1.23586e-23
33.75 1.23156e-23
34.2 1.22809e-23
34.65 1.22541e-23
35.1 1.22319e-23
35.55 1.22134e-23
36 1.21953e-23
36.45 1.21775e-23
36.9 1.21561e-23
37.35 1.21335e-23
37.8 1.21077e-23
38.25 1.20815e-23
38.7 1.20548e-23
39.15 1.20275e-23
39.6 1.20009e-23
40.05 1.19756e-23
40.5 1.19525e-23
40.95 1.19323e-23
41.4 1.1917e-23
41.85 1.19054e-23
42.3 1.18992e-23
42.75 1.19037e-23
43.2 1.19138e-23
43.65 1.19239e-23
44.1 1.1934e-23
44.55 1.19441e-23
45 1.19542e-23
45.45 1.19735e-23
45.9 1.19927e-23
46.35 1.2012e-23
46.8 1.20313e-23
47.25 1.20505e-23
47.7 1.20698e-23
48.15 1.2089e-23
48.6 1.21083e-23
49.05 1.21275e-23
49.5 1.21468e-23
49.95 1.21661e-23
50.4 1.22201e-23
50.85 1.22785e-23
51.3 1.23369e-23
51.75 1.23953e-23
52.2 1.24537e-23
52.65 1.25121e-23
53.1 1.25705e-23
53.55 1.26289e-23
54 1.26873e-23
54.45 1.27457e-23
54.9 1.28041e-23
55.35 1.28624e-23
55.8 1.29208e-23
56.25 1.29792e-23
56.7 1.30376e-23
57.15 1.3096e-23
57.6 1.31544e-23
58.05 1.32128e-23
58.5 1.32712e-23
58.95 1.33296e-23
59.4 1.3388e-23
59.85 1.34464e-23
60.3 1.35048e-23
60.75 1.35632e-23
61.2 1.36216e-23
61.65 1.368e-23
62.1 1.37384e-23
62.55 1.37968e-23
63 1.38552e-23
63.45 1.39136e-23
63.9 1.3972e-23
64.35 1.40304e-23
64.8 1.40888e-23
65.25 1.41472e-23
65.7 1.42055e-23
66.15 1.42639e-23
66.6 1.43223e-23
67.05 1.43807e-23
67.5 1.44391e-23
67.95 1.44975e-23
68.4 1.45559e-23
68.85 1.46143e-23
69.3 1.46727e-23
69.75 1.47311e-23
70.2 1.47609e-23
70.65 1.47548e-23
71.1 1.47488e-23
71.55 1.47427e-23
72 1.47367e-23
72.45 1.47306e-23
72.9 1.47246e-23
73.35 1.47185e-23
73.8 1.47125e-23
74.25 1.47065e-23
74.7 1.47004e-23
75.15 1.46944e-23
75.6 1.46883e-23
76.05 1.46823e-23
76.5 1.46762e-23
76.95 1.46702e-23
77.4 1.46641e-23
77.85 1.46581e-23
78.3 1.4652e-23
78.75 1.4646e-23
79.2 1.464e-23
79.65 1.46339e-23
80.1 1.46279e-23
80.55 1.46218e-23
81 1.46158e-23
81.45 1.46097e-23
81.9 1.46037e-23
82.35 1.45976e-23
82.8 1.45916e-23
83.25 1.45855e-23
83.7 1.45795e-23
84.15 1.45735e-23
84.6 1.45674e-23
85.05 1.45614e-23
85.5 1.45553e-23
85.95 1.45493e-23
86.4 1.45432e-23
86.85 1.45372e-23
87.3 1.45311e-23
87.75 1.45251e-23
88.2 1.4519e-23
88.65 1.4513e-23
89.1 1.4507e-23
89.55 1.45009e-23
90 1.44949e-23
90.45 1.44888e-23
90.9 1.44828e-23
91.35 1.44767e-23
91.8 1.44707e-23
92.25 1.44646e-23
92.7 1.44586e-23
93.15 1.44525e-23
93.6 1.44465e-23
94.05 1.44405e-23
94.5 1.44344e-23
94.95 1.44284e-23
95.4 1.44223e-23
95.85 1.44163e-23
96.3 1.44102e-23
96.75 1.44042e-23
97.2 1.43981e-23
97.65 1.43921e-23
98.1 1.4386e-23
98.55 1.438e-23
99 1.4374e-23
99.45 1.43679e-23
99.9 1.43619e-23
100.35 1.43398e-23
100.8 1.43131e-23
101.25 1.42865e-23
101.7 1.42598e-23
102.15 1.42332e-23
102.6 1.42065e-23
103.05 1.41798e-23
103.5 1.41532e-23
103.95 1.41265e-23
104.4 1.40999e-23
104.85 1.40732e-23
105.3 1.40465e-23
105.75 1.40199e-23
106.2 1.39932e-23
106.65 1.39666e-23
107.1 1.39399e-23
107.55 1.39133e-23
108 1.38866e-23
108.45 1.38599e-23
108.9 1.38333e-23
109.35 1.38066e-23
109.8 1.378e-23
110.25 1.37533e-23
110.7 1.37267e-23
111.15 1.37e-23
111.6 1.36733e-23
112.05 1.36467e-23
112.5 1.362e-23
112.95 1.35934e-23
113.4 1.35667e-23
113.85 1.354e-23
114.3 1.35134e-23
114.75 1.34867e-23
115.2 1.34601e-23
115.65 1.34334e-23
116.1 1.34068e-23
116.55 1.33801e-23
117 1.33534e-23
117.45 1.33268e-23
117.9 1.33001e-23
118.35 1.32735e-23
118.8 1.32468e-23
119.25 1.32201e-23
119.7 1.31935e-23
120.15 1.31668e-23
120.6 1.31402e-23
121.05 1.31135e-23
121.5 1.30869e-23
121.95 1.30602e-23
122.4 1.30335e-23
122.85 1.30069e-23
123.3 1.29802e-23
123.75 1.29536e-23
124.2 1.29269e-23
124.65 1.29002e-23
125.1 1.28736e-23
125.55 1.28469e-23
126 1.28203e-23
126.45 1.27936e-23
126.9 1.2767e-23
127.35 1.27403e-23
127.8 1.27136e-23
128.25 1.2687e-23
128.7 1.26603e-23
129.15 1.26337e-23
129.6 1.2607e-23
130.05 1.25801e-23
