0.5 130 260
260
0.5 0
1 7.15205e-28
1.5 1.97364e-27
2 4.1931e-27
2.5 7.69316e-27
3 1.28512e-26
3.5 2.01236e-26
4 3.00743e-26
4.5 4.34159e-26
5 6.10683e-26
5.5 8.42422e-26
6 1.14548e-25
6.5 1.54115e-25
7 2.05644e-25
7.5 2.72141e-25
8 3.55798e-25
8.5 4.55838e-25
9 5.68177e-25
9.5 6.92087e-25
10 8.38139e-25
10.5 1.02553e-24
11 1.27605e-24
11.5 1.61479e-24
12 2.07615e-24
12.5 2.71549e-24
13 3.64406e-24
13.5 5.12243e-24
14 6.69586e-24
14.5 8.27503e-24
15 1.07641e-23
15.5 1.3967e-23
16 1.73645e-23
16.5 1.99038e-23
17 2.05192e-23
17.5 1.91494e-23
18 1.6714e-23
18.5 1.41551e-23
19 1.19562e-23
19.5 1.02478e-23
20 8.99866e-24
20.5 8.19688e-24
21 7.39511e-24
21.5 6.69415e-24
22 5.99318e-24
22.5 5.30488e-24
23 4.61657e-24
23.5 4.11336e-24
24 3.61014e-24
24.5 3.26842e-24
25 2.9267e-24
25.5 2.68754e-24
26 2.44838e-24
26.5 2.27361e-24
27 2.09884e-24
27.5 1.96636e-24
28 1.83389e-24
28.5 1.73059e-24
29 1.62729e-24
29.5 1.54497e-24
30 1.46266e-24
30.5 1.40196e-24
31 1.34126e-24
31.5 1.28056e-24
32 1.21985e-24
32.5 1.17828e-24
33 1.1367e-24
33.5 1.09512e-24
34 1.05354e-24
34.5 1.0243e-24
35 9.95067e-25
35.5 9.6583e-25
36 9.36593e-25
36.5 9.15753e-25
37 8.94912e-25
37.5 8.74072e-25
38 8.53231e-25
38.5 8.38296e-25
39 8.23361e-25
39.5 8.08426e-25
40 7.93491e-25
40.5 7.82792e-25
41 7.72093e-25
41.5 7.61394e-25
42 7.50695e-25
42.5 7.43065e-25
43 7.35436e-25
43.5 7.27807e-25
44 7.20177e-25
44.5 7.1478e-25
45 7.09382e-25
45.5 7.03984e-25
46 6.98587e-25
46.5 6.94809e-25
47 6.91031e-25
47.5 6.87254e-25
48 6.83476e-25
48.5 6.80865e-25
49 6.78255e-25
49.5 6.75644e-25
50 6.73034e-25
50.5 6.71254e-25
51 6.69474e-25
51.5 6.67694e-25
52 6.65914e-25
52.5 6.64714e-25
53 6.63514e-25
53.5 6.62313e-25
54 6.61113e-25
54.5 6.60305e-25
55 6.59496e-25
55.5 6.58687e-25
56 6.57879e-25
56.5 6.57321e-25
57 6.56764e-25
57.5 6.56206e-25
58 6.55649e-25
58.5 6.55238e-25
59 6.54827e-25
59.5 6.54416e-25
60 6.54005e-25
60.5 6.53663e-25
61 6.53321e-25
61.5 6.52979e-25
62 6.52637e-25
62.5 6.52306e-25
63 6.51975e-25
63.5 6.51644e-25
64 6.51313e-25
64.5 6.50952e-25
65 6.50591e-25
65.5 6.50229e-25
66 6.49868e-25
66.5 6.49446e-25
67 6.49024e-25
67.5 6.48603e-25
68 6.48181e-25
68.5 6.47678e-25
69 6.47174e-25
69.5 6.46671e-25
70 6.46168e-25
70.5 6.45569e-25
71 6.4497e-25
71.5 6.44372e-25
72 6.43773e-25
72.5 6.4307e-25
73 6.42367e-25
73.5 6.41664e-25
74 6.40961e-25
74.5 6.40149e-25
75 6.39337e-25
75.5 6.38525e-25
76 6.37713e-25
76.5 6.36791e-25
77 6.35869e-25
77.5 6.34947e-25
78 6.34024e-25
78.5 6.32992e-25
79 6.3196e-25
79.5 6.30929e-25
80 6.29897e-25
80.5 6.28681e-25
81 6.27466e-25
81.5 6.26251e-25
82 6.25035e-25
82.5 6.2382e-25
83 6.22605e-25
83.5 6.2139e-25
84 6.20174e-25
84.5 6.18959e-25
85 6.17744e-25
85.5 6.16292e-25
86 6.1484e-25
86.5 6.13388e-25
87 6.11937e-25
87.5 6.10485e-25
88 6.09033e-25
88.5 6.07582e-25
89 6.0613e-25
89.5 6.04678e-25
90 6.03226e-25
90.5 6.01579e-25
91 5.99932e-25
91.5 5.98284e-25
92 5.96637e-25
92.5 5.94989e-25
93 5.93342e-25
93.5 5.91694e-25
94 5.90047e-25
94.5 5.884e-25
95 5.86752e-25
95.5 5.84955e-25
96 5.83157e-25
96.5 5.8136e-25
97 5.79562e-25
97.5 5.77765e-25
98 5.75967e-25
98.5 5.7417e-25
99 5.72372e-25
99.5 5.70575e-25
100 5.68777e-25
100.5 5.66849e-25
101 5.64921e-25
101.5 5.62993e-25
102 5.61065e-25
102.5 5.59137e-25
103 5.57209e-25
103.5 5.5528e-25
104 5.53352e-25
104.5 5.51424e-25
105 5.49496e-25
105.5 5.47568e-25
106 5.4564e-25
106.5 5.43712e-25
107 5.41784e-25
107.5 5.39856e-25
108 5.37927e-25
108.5 5.35999e-25
109 5.34071e-25
109.5 5.32143e-25
110 5.30215e-25
110.5 5.28266e-25
111 5.26318e-25
111.5 5.24369e-25
112 5.22421e-25
112.5 5.20472e-25
113 5.18523e-25
113.5 5.16575e-25
114 5.14626e-25
114.5 5.12677e-25
115 5.10729e-25
115.5 5.0878e-25
116 5.06832e-25
116.5 5.04883e-25
117 5.02934e-25
117.5 5.00986e-25
118 4.99037e-25
118.5 4.97089e-25
119 4.9514e-25
119.5 4.93191e-25
120 4.91243e-25
120.5 4.89447e-25
121 4.87651e-25
121.5 4.85855e-25
122 4.84059e-25
122.5 4.82263e-25
123 4.80467e-25
123.5 4.78672e-25
124 4.76876e-25
124.5 4.7508e-25
125 4.73284e-25
125.5 4.71488e-25
126 4.69692e-25
126.5 4.67896e-25
127 4.661e-25
127.5 4.64305e-25
128 4.62509e-25
128.5 4.60713e-25
129 4.58917e-25
129.5 4.57121e-25
130 4.55325e-25
