6 130 497
497
6 0
6.25 7.96599e-25
6.5 1.07994e-24
6.75 1.36328e-24
7 1.64663e-24
7.25 2.3907e-24
7.5 3.13478e-24
7.75 3.87886e-24
8 4.62294e-24
8.25 6.27726e-24
8.5 7.93157e-24
8.75 9.58589e-24
9 1.12402e-23
9.25 1.41138e-23
9.5 1.69873e-23
9.75 1.98609e-23
10 2.27344e-23
10.25 2.59929e-23
10.5 2.92513e-23
10.75 3.25097e-23
11 3.57682e-23
11.25 3.79388e-23
11.5 4.01095e-23
11.75 4.22802e-23
12 4.44509e-23
12.25 4.6426e-23
12.5 4.84012e-23
12.75 5.03764e-23
13 5.23515e-23
13.25 5.35262e-23
13.5 5.47009e-23
13.75 5.58756e-23
14 5.70503e-23
14.25 5.29555e-23
14.5 4.88607e-23
14.75 4.47659e-23
15 4.06711e-23
15.25 3.70599e-23
15.5 3.34487e-23
15.75 2.98375e-23
16 2.62263e-23
16.25 2.4399e-23
16.5 2.25718e-23
16.75 2.07446e-23
17 1.89174e-23
17.25 1.78131e-23
17.5 1.67089e-23
17.75 1.56046e-23
18 1.45004e-23
18.25 1.37469e-23
18.5 1.29934e-23
18.75 1.22399e-23
19 1.14864e-23
19.25 1.09477e-23
19.5 1.0409e-23
19.75 9.87034e-24
20 9.33165e-24
20.25 8.93735e-24
20.5 8.54305e-24
20.75 8.14875e-24
21 7.75446e-24
21.25 7.46121e-24
21.5 7.16797e-24
21.75 6.87473e-24
22 6.58148e-24
22.25 6.36075e-24
22.5 6.14002e-24
22.75 5.91929e-24
23 5.69856e-24
23.25 5.53079e-24
23.5 5.36303e-24
23.75 5.19527e-24
24 5.0275e-24
24.25 4.89895e-24
24.5 4.77039e-24
24.75 4.64184e-24
25 4.51329e-24
25.25 4.41403e-24
25.5 4.31477e-24
25.75 4.21551e-24
26 4.11625e-24
26.25 4.039e-24
26.5 3.96176e-24
26.75 3.88451e-24
27 3.80727e-24
27.25 3.74662e-24
27.5 3.68597e-24
27.75 3.62532e-24
28 3.56467e-24
28.25 3.51655e-24
28.5 3.46843e-24
28.75 3.42031e-24
29 3.37219e-24
29.25 3.33355e-24
29.5 3.29491e-24
29.75 3.25627e-24
30 3.21763e-24
30.25 3.18617e-24
30.5 3.15472e-24
30.75 3.12327e-24
31 3.09181e-24
31.25 3.06583e-24
31.5 3.03985e-24
31.75 3.01387e-24
32 2.98789e-24
32.25 2.96611e-24
32.5 2.94433e-24
32.75 2.92255e-24
33 2.90077e-24
33.25 2.88225e-24
33.5 2.86372e-24
33.75 2.8452e-24
34 2.82667e-24
34.25 2.81071e-24
34.5 2.79474e-24
34.75 2.77877e-24
35 2.7628e-24
35.25 2.74887e-24
35.5 2.73494e-24
35.75 2.72101e-24
36 2.70707e-24
36.25 2.69479e-24
36.5 2.6825e-24
36.75 2.67021e-24
37 2.65793e-24
37.25 2.64698e-24
37.5 2.63604e-24
37.75 2.6251e-24
38 2.61416e-24
38.25 2.60434e-24
38.5 2.59452e-24
38.75 2.58469e-24
39 2.57487e-24
39.25 2.56597e-24
39.5 2.55708e-24
39.75 2.54819e-24
40 2.53929e-24
40.25 2.53119e-24
40.5 2.52308e-24
40.75 2.51497e-24
41 2.50686e-24
41.25 2.49941e-24
41.5 2.49197e-24
41.75 2.48452e-24
42 2.47707e-24
42.25 2.47018e-24
42.5 2.4633e-24
42.75 2.45641e-24
43 2.44952e-24
43.25 2.4431e-24
43.5 2.43669e-24
43.75 2.43027e-24
44 2.42385e-24
44.25 2.41783e-24
44.5 2.41181e-24
44.75 2.40579e-24
45 2.39977e-24
45.25 2.39409e-24
45.5 2.3884e-24
45.75 2.38272e-24
46 2.37703e-24
46.25 2.37162e-24
46.5 2.36621e-24
46.75 2.36081e-24
47 2.3554e-24
47.25 2.35022e-24
47.5 2.34505e-24
47.75 2.33987e-24
48 2.3347e-24
48.25 2.32971e-24
48.5 2.32472e-24
48.75 2.31974e-24
49 2.31475e-24
49.25 2.30992e-24
49.5 2.30509e-24
49.75 2.30026e-24
50 2.29543e-24
50.25 2.29073e-24
50.5 2.28603e-24
50.75 2.28133e-24
51 2.27663e-24
51.25 2.27203e-24
51.5 2.26743e-24
51.75 2.26283e-24
52 2.25823e-24
52.25 2.25371e-24
52.5 2.24919e-24
52.75 2.24468e-24
53 2.24016e-24
53.25 2.23571e-24
53.5 2.23125e-24
53.75 2.2268e-24
54 2.22234e-24
54.25 2.21794e-24
54.5 2.21353e-24
54.75 2.20913e-24
55 2.20473e-24
55.25 2.20036e-24
55.5 2.19599e-24
55.75 2.19163e-24
56 2.18726e-24
56.25 2.18293e-24
56.5 2.17859e-24
56.75 2.17426e-24
57 2.16992e-24
57.25 2.16561e-24
57.5 2.1613e-24
57.75 2.15699e-24
58 2.15267e-24
58.25 2.14838e-24
58.5 2.14409e-24
58.75 2.13979e-24
59 2.1355e-24
59.25 2.13122e-24
59.5 2.12693e-24
59.75 2.12265e-24
60 2.11837e-24
60.25 2.1141e-24
60.5 2.10983e-24
60.75 2.10556e-24
61 2.10129e-24
61.25 2.09703e-24
61.5 2.09277e-24
61.75 2.08851e-24
62 2.08425e-24
62.25 2.07999e-24
62.5 2.07574e-24
62.75 2.07149e-24
63 2.06724e-24
63.25 2.06299e-24
63.5 2.05875e-24
63.75 2.05451e-24
64 2.05026e-24
64.25 2.04603e-24
64.5 2.04179e-24
64.75 2.03756e-24
65 2.03333e-24
65.25 2.0291e-24
65.5 2.02487e-24
65.75 2.02065e-24
66 2.01642e-24
66.25 2.01221e-24
66.5 2.00799e-24
66.75 2.00378e-24
67 1.99957e-24
67.25 1.99537e-24
67.5 1.99116e-24
67.75 1.98696e-24
68 1.98276e-24
68.25 1.97858e-24
68.5 1.97439e-24
68.75 1.9702e-24
69 1.96601e-24
69.25 1.96184e-24
69.5 1.95767e-24
69.75 1.95351e-24
70 1.94934e-24
70.25 1.94518e-24
70.5 1.94103e-24
70.75 1.93688e-24
71 1.93273e-24
71.25 1.9286e-24
71.5 1.92447e-24
71.75 1.92033e-24
72 1.9162e-24
72.25 1.91209e-24
72.5 1.90799e-24
72.75 1.90388e-24
73 1.89977e-24
73.25 1.89568e-24
73.5 1.8916e-24
73.75 1.88752e-24
74 1.88343e-24
74.25 1.87938e-24
74.5 1.87532e-24
74.75 1.87126e-24
75 1.8672e-24
75.25 1.86318e-24
75.5 1.85915e-24
75.75 1.85513e-24
76 1.8511e-24
76.25 1.84711e-24
76.5 1.84311e-24
76.75 1.83912e-24
77 1.83512e-24
77.25 1.83116e-24
77.5 1.8272e-24
77.75 1.82324e-24
78 1.81928e-24
78.25 1.81536e-24
78.5 1.81143e-24
78.75 1.80751e-24
79 1.80358e-24
79.25 1.79969e-24
79.5 1.79581e-24
79.75 1.79192e-24
80 1.78804e-24
80.25 1.78419e-24
80.5 1.78034e-24
80.75 1.7765e-24
81 1.77265e-24
81.25 1.76885e-24
81.5 1.76505e-24
81.75 1.76125e-24
82 1.75745e-24
82.25 1.75369e-24
82.5 1.74993e-24
82.75 1.74618e-24
83 1.74242e-24
83.25 1.73871e-24
83.5 1.735e-24
83.75 1.73129e-24
84 1.72759e-24
84.25 1.72393e-24
84.5 1.72027e-24
84.75 1.71661e-24
85 1.71295e-24
85.25 1.70934e-24
85.5 1.70574e-24
85.75 1.70213e-24
86 1.69852e-24
86.25 1.69497e-24
86.5 1.69142e-24
86.75 1.68787e-24
87 1.68432e-24
87.25 1.68083e-24
87.5 1.67734e-24
87.75 1.67385e-24
88 1.67036e-24
88.25 1.66693e-24
88.5 1.6635e-24
88.75 1.66007e-24
89 1.65664e-24
89.25 1.65328e-24
89.5 1.64991e-24
89.75 1.64655e-24
90 1.64318e-24
90.25 1.63989e-24
90.5 1.63659e-24
90.75 1.63329e-24
91 1.63e-24
91.25 1.62677e-24
91.5 1.62355e-24
91.75 1.62032e-24
92 1.6171e-24
92.25 1.61395e-24
92.5 1.6108e-24
92.75 1.60765e-24
93 1.6045e-24
93.25 1.60143e-24
93.5 1.59836e-24
93.75 1.5953e-24
94 1.59223e-24
94.25 1.58925e-24
94.5 1.58626e-24
94.75 1.58328e-24
95 1.58029e-24
95.25 1.5774e-24
95.5 1.57451e-24
95.75 1.57162e-24
96 1.56872e-24
96.25 1.56593e-24
96.5 1.56313e-24
96.75 1.56033e-24
97 1.55754e-24
97.25 1.55484e-24
97.5 1.55215e-24
97.75 1.54945e-24
98 1.54676e-24
98.25 1.54417e-24
98.5 1.54159e-24
98.75 1.539e-24
99 1.53641e-24
99.25 1.53394e-24
99.5 1.53147e-24
99.75 1.529e-24
100 1.52653e-24
100.25 1.52418e-24
100.5 1.52183e-24
100.75 1.51948e-24
101 1.51713e-24
101.25 1.51492e-24
101.5 1.5127e-24
101.75 1.51048e-24
102 1.50826e-24
102.25 1.50619e-24
102.5 1.50411e-24
102.75 1.50203e-24
103 1.49995e-24
103.25 1.49803e-24
103.5 1.4961e-24
103.75 1.49417e-24
104 1.49225e-24
104.25 1.49048e-24
104.5 1.48871e-24
104.75 1.48695e-24
105 1.48518e-24
105.25 1.48358e-24
105.5 1.48199e-24
105.75 1.48039e-24
106 1.47777e-24
106.25 1.47686e-24
106.5 1.47595e-24
106.75 1.47504e-24
107 1.47413e-24
107.25 1.47323e-24
107.5 1.47233e-24
107.75 1.47143e-24
108 1.47053e-24
108.25 1.46963e-24
108.5 1.46874e-24
108.75 1.46785e-24
109 1.46705e-24
109.25 1.46687e-24
109.5 1.4667e-24
109.75 1.46652e-24
110 1.46635e-24
110.25 1.46617e-24
110.5 1.466e-24
110.75 1.46583e-24
111 1.46565e-24
111.25 1.46548e-24
111.5 1.46531e-24
111.75 1.46513e-24
112 1.46496e-24
112.25 1.46564e-24
112.5 1.46638e-24
112.75 1.46711e-24
113 1.46785e-24
113.25 1.46858e-24
113.5 1.46931e-24
113.75 1.47004e-24
114 1.47077e-24
114.25 1.4715e-24
114.5 1.47223e-24
114.75 1.47295e-24
115 1.47367e-24
115.25 1.47484e-24
115.5 1.4767e-24
115.75 1.47855e-24
116 1.4804e-24
116.25 1.48225e-24
116.5 1.48409e-24
116.75 1.48593e-24
117 1.48777e-24
117.25 1.4896e-24
117.5 1.49142e-24
117.75 1.49325e-24
118 1.49507e-24
118.25 1.49688e-24
118.5 1.49938e-24
118.75 1.50258e-24
119 1.50577e-24
119.25 1.50895e-24
119.5 1.51212e-24
119.75 1.51529e-24
120 1.51845e-24
120.25 1.5216e-24
120.5 1.52475e-24
120.75 1.52789e-24
121 1.53103e-24
121.25 1.53416e-24
121.5 1.53728e-24
121.75 1.54079e-24
122 1.54553e-24
122.25 1.55025e-24
122.5 1.55497e-24
122.75 1.55968e-24
123 1.56438e-24
123.25 1.56906e-24
123.5 1.57374e-24
123.75 1.57841e-24
124 1.58307e-24
124.25 1.58772e-24
124.5 1.59236e-24
124.75 1.597e-24
125 1.60162e-24
125.25 1.60736e-24
125.5 1.61378e-24
125.75 1.62019e-24
126 1.62659e-24
126.25 1.63298e-24
126.5 1.63935e-24
126.75 1.64571e-24
127 1.65206e-24
127.25 1.6584e-24
127.5 1.66472e-24
127.75 1.67103e-24
128 1.67733e-24
128.25 1.68362e-24
128.5 1.68989e-24
128.75 1.69733e-24
129 1.7055e-24
129.25 1.71366e-24
129.5 1.7218e-24
129.75 1.72993e-24
130 1.73804e-24
