0.9 130 82
82
0.9 0
1 3.02971e-27
1.5 8.6821e-27
2 1.90234e-26
2.5 3.58965e-26
3 6.16431e-26
3.5 9.93288e-26
4 1.5306e-25
4.5 2.28416e-25
5 3.3295e-25
5.5 4.76525e-25
6 6.70844e-25
6.5 9.28076e-25
7 1.26302e-24
7.5 1.70875e-24
8 2.34314e-24
8.5 3.31489e-24
9 4.87594e-24
9.5 7.28071e-24
10 1.01561e-23
10.5 1.34183e-23
11 1.86865e-23
11.5 2.66903e-23
12 3.48892e-23
12.5 3.75426e-23
13 3.44019e-23
13.5 3.08048e-23
14 2.96112e-23
14.5 3.08474e-23
15 3.31184e-23
15.5 3.42155e-23
16 3.26205e-23
16.5 2.88288e-23
17 2.4354e-23
17.5 2.02503e-23
18 1.68713e-23
18.5 1.42015e-23
19 1.21124e-23
19.5 1.04703e-23
20 9.16515e-24
21 7.22856e-24
22 5.90234e-24
23 4.95136e-24
24 4.24328e-24
25 3.69989e-24
26 3.27277e-24
27 2.93062e-24
28 2.65243e-24
29 2.42361e-24
30 2.23373e-24
32 1.94196e-24
34 1.73523e-24
36 1.58785e-24
38 1.48297e-24
40 1.40894e-24
42 1.35742e-24
44 1.32232e-24
46 1.29911e-24
48 1.28443e-24
50 1.27573e-24
52 1.27113e-24
54 1.26921e-24
56 1.2689e-24
58 1.26942e-24
60 1.27018e-24
62 1.27077e-24
64 1.27086e-24
66 1.27025e-24
68 1.26878e-24
70 1.26637e-24
72 1.26296e-24
74 1.25852e-24
76 1.25304e-24
78 1.24656e-24
80 1.2391e-24
85 1.21642e-24
90 1.18868e-24
95 1.15681e-24
100 1.12179e-24
110 1.04625e-24
120 9.69633e-25
130 8.98909e-25
