0.9 130 82
82
0.9 0
1 3.08427e-27
1.5 8.84877e-27
2 1.94124e-26
2.5 3.66838e-26
3 6.31084e-26
3.5 1.0192e-25
4 1.5751e-25
4.5 2.35969e-25
5 3.45838e-25
5.5 4.99006e-25
6 7.11278e-25
6.5 1.0014e-24
7 1.38746e-24
7.5 1.88194e-24
8 2.48438e-24
8.5 3.19241e-24
9 4.09068e-24
9.5 5.39052e-24
10 7.35894e-24
10.5 1.02837e-23
11 1.43596e-23
11.5 1.92526e-23
12 2.35107e-23
12.5 2.52836e-23
13 2.45425e-23
13.5 2.30062e-23
14 2.21206e-23
14.5 2.23793e-23
15 2.35494e-23
15.5 2.48338e-23
16 2.51873e-23
16.5 2.4039e-23
17 2.16979e-23
17.5 1.88965e-23
18 1.62009e-23
18.5 1.38627e-23
19 1.19275e-23
19.5 1.03536e-23
20 9.07661e-24
21 7.15421e-24
22 5.82454e-24
23 4.86766e-24
24 4.15426e-24
25 3.60647e-24
26 3.17569e-24
27 2.8304e-24
28 2.54942e-24
29 2.31804e-24
30 2.12577e-24
32 1.82952e-24
34 1.61852e-24
36 1.46698e-24
38 1.35801e-24
40 1.28e-24
42 1.22464e-24
44 1.18588e-24
46 1.15922e-24
48 1.14134e-24
50 1.12971e-24
52 1.12245e-24
54 1.11816e-24
56 1.11577e-24
58 1.1145e-24
60 1.11375e-24
62 1.11309e-24
64 1.11221e-24
66 1.11087e-24
68 1.10892e-24
70 1.10626e-24
72 1.10281e-24
74 1.09854e-24
76 1.09343e-24
78 1.08749e-24
80 1.08074e-24
85 1.06051e-24
90 1.036e-24
95 1.008e-24
100 9.7733e-25
110 9.11322e-25
120 8.44478e-25
130 7.82818e-25
