0.9 130 82
82
0.9 0
1 3.87802e-28
1.5 9.87361e-28
2 1.97265e-27
2.5 3.44665e-27
3 5.53051e-27
3.5 8.36915e-27
4 1.21387e-26
4.5 1.70569e-26
5 2.3398e-26
5.5 3.15142e-26
6 4.18643e-26
6.5 5.50539e-26
7 7.18904e-26
7.5 9.34618e-26
8 1.21252e-25
8.5 1.57298e-25
9 2.04394e-25
9.5 2.66229e-25
10 3.47139e-25
10.5 4.50479e-25
11 5.74216e-25
11.5 7.05452e-25
12 8.25771e-25
12.5 9.33714e-25
13 1.0541e-24
13.5 1.21953e-24
14 1.45554e-24
14.5 1.77876e-24
15 2.19325e-24
15.5 2.67637e-24
16 3.16018e-24
16.5 3.53702e-24
17 3.7178e-24
17.5 3.70046e-24
18 3.56306e-24
18.5 3.39696e-24
19 3.2615e-24
19.5 3.17975e-24
20 3.14969e-24
21 3.16381e-24
22 3.12732e-24
23 2.92684e-24
24 2.59472e-24
25 2.2256e-24
26 1.88622e-24
27 1.60088e-24
28 1.36992e-24
29 1.18521e-24
30 1.0374e-24
32 8.21726e-25
34 6.77094e-25
36 5.76912e-25
38 5.05732e-25
40 4.54226e-25
42 4.16491e-25
44 3.88621e-25
46 3.67929e-25
48 3.52513e-25
50 3.4099e-25
52 3.32342e-25
54 3.25809e-25
56 3.2082e-25
58 3.16944e-25
60 3.13855e-25
62 3.11305e-25
64 3.09108e-25
66 3.07123e-25
68 3.05243e-25
70 3.03391e-25
72 3.01508e-25
74 2.99552e-25
76 2.97494e-25
78 2.95315e-25
80 2.93002e-25
85 2.86607e-25
90 2.7936e-25
95 2.71372e-25
100 2.62801e-25
110 2.44664e-25
120 2.26499e-25
130 2.09827e-25
