0.9 130 84
84
0.9 0
1 7.32028e-27
1.5 2.06198e-26
2 4.48483e-26
2.5 8.45742e-26
3 1.45907e-25
3.5 2.3724e-25
4 3.70247e-25
4.5 5.61003e-25
5 8.30078e-25
5.25 9.93347e-25
5.5 1.14462e-24
5.75 1.11275e-24
6 9.01027e-25
6.5 1.23067e-24
7 1.78801e-24
7.5 2.48262e-24
8 3.2934e-24
8.5 4.52857e-24
9 6.75415e-24
9.5 1.03302e-23
10 1.58913e-23
10.5 2.28665e-23
11 2.7222e-23
11.5 2.24609e-23
12 1.56099e-23
12.5 1.16988e-23
13 1.07107e-23
13.5 1.14447e-23
14 1.21732e-23
14.5 1.18417e-23
15 1.05505e-23
15.5 9.07301e-24
16 7.48634e-24
16.5 6.30152e-24
17 5.37459e-24
17.5 4.64444e-24
18 4.03792e-24
18.5 3.44739e-24
19 2.86814e-24
19.5 2.36219e-24
20 1.9411e-24
21 1.39916e-24
22 1.11612e-24
23 9.54382e-25
24 8.12444e-25
25 6.87986e-25
26 5.79415e-25
27 4.97714e-25
28 4.4289e-25
29 4.01944e-25
30 3.69853e-25
32 3.65568e-25
34 3.3873e-25
36 3.28259e-25
38 3.24701e-25
40 3.30102e-25
42 3.37894e-25
44 3.47257e-25
46 3.58345e-25
48 3.694e-25
50 3.80078e-25
52 3.90293e-25
54 4.0503e-25
56 4.19024e-25
58 4.37676e-25
60 4.56732e-25
62 4.7645e-25
64 4.93657e-25
66 5.09666e-25
68 5.24552e-25
70 5.43862e-25
72 5.61844e-25
74 5.75461e-25
76 5.87172e-25
78 6.018e-25
80 6.10321e-25
85 6.28619e-25
90 6.38118e-25
95 6.42879e-25
100 6.4276e-25
110 6.27379e-25
120 6.08086e-25
130 5.98925e-25
