0.9 130 82
82
0.9 0
1 1.0238e-27
1.5 2.86158e-27
2 6.13567e-27
2.5 1.13372e-26
3 1.90483e-26
3.5 2.99757e-26
4 4.49969e-26
4.5 6.5225e-26
5 9.21004e-26
5.5 1.27518e-25
6 1.73989e-25
6.5 2.3479e-25
7 3.13932e-25
7.5 4.15464e-25
8 5.41381e-25
8.5 6.89055e-25
9 8.54234e-25
9.5 1.04257e-24
10 1.27465e-24
10.5 1.57806e-24
11 1.98225e-24
11.5 2.5212e-24
12 3.23783e-24
12.5 4.1872e-24
13 5.43695e-24
13.5 7.0626e-24
14 9.12867e-24
14.5 1.16337e-23
15 1.44022e-23
15.5 1.69788e-23
16 1.87065e-23
16.5 1.90998e-23
17 1.82e-23
17.5 1.64823e-23
18 1.44781e-23
18.5 1.25389e-23
19 1.08239e-23
19.5 9.37167e-24
20 8.16526e-24
21 6.32987e-24
22 5.05911e-24
23 4.15364e-24
24 3.48781e-24
25 2.98371e-24
26 2.59225e-24
27 2.2817e-24
28 2.03091e-24
29 1.82543e-24
30 1.65511e-24
32 1.39258e-24
34 1.2044e-24
36 1.06764e-24
38 9.67642e-25
40 8.94461e-25
42 8.41039e-25
44 8.02228e-25
46 7.74212e-25
48 7.54138e-25
50 7.39865e-25
52 7.29782e-25
54 7.22676e-25
56 7.17634e-25
58 7.13972e-25
60 7.11176e-25
62 7.08861e-25
64 7.06742e-25
66 7.0461e-25
68 7.02313e-25
70 6.99742e-25
72 6.96821e-25
74 6.93503e-25
76 6.89757e-25
78 6.8557e-25
80 6.80939e-25
85 6.67483e-25
90 6.51578e-25
95 6.3363e-25
100 6.1411e-25
110 5.72338e-25
120 5.30193e-25
130 4.91382e-25
