0.5 130 260
260
0.5 0
1 1.93981e-27
1.5 5.58284e-27
2 1.22316e-26
2.5 2.30037e-26
3 3.92619e-26
3.5 6.27154e-26
4 9.55596e-26
4.5 1.40675e-25
5 2.01898e-25
5.5 2.8436e-25
6 3.94761e-25
6.5 5.41189e-25
7 7.31687e-25
7.5 9.71971e-25
8 1.26795e-24
8.5 1.63868e-24
9 2.12561e-24
9.5 2.78994e-24
10 3.71813e-24
10.5 5.00078e-24
11 6.62653e-24
11.5 8.44466e-24
12 1.0503e-23
12.5 1.31736e-23
13 1.67567e-23
13.5 2.11683e-23
14 2.57047e-23
14.5 2.90855e-23
15 3.0262e-23
15.5 2.92988e-23
16 2.70452e-23
16.5 2.42127e-23
17 2.1149e-23
17.5 1.8134e-23
18 1.54314e-23
18.5 1.31648e-23
19 1.13245e-23
19.5 9.84359e-24
20 8.64752e-24
20.5 7.74822e-24
21 6.84892e-24
21.5 6.22316e-24
22 5.59739e-24
22.5 5.14318e-24
23 4.68896e-24
23.5 4.34727e-24
24 4.00557e-24
24.5 3.7409e-24
25 3.47622e-24
25.5 3.26631e-24
26 3.05639e-24
26.5 2.88672e-24
27 2.71705e-24
27.5 2.57784e-24
28 2.43864e-24
28.5 2.32307e-24
29 2.20751e-24
29.5 2.11071e-24
30 2.01391e-24
30.5 1.93849e-24
31 1.86307e-24
31.5 1.78765e-24
32 1.71223e-24
32.5 1.65771e-24
33 1.60319e-24
33.5 1.54868e-24
34 1.49416e-24
34.5 1.45445e-24
35 1.41474e-24
35.5 1.37504e-24
36 1.33533e-24
36.5 1.30637e-24
37 1.27741e-24
37.5 1.24845e-24
38 1.21949e-24
38.5 1.19843e-24
39 1.17737e-24
39.5 1.15631e-24
40 1.13525e-24
40.5 1.12002e-24
41 1.1048e-24
41.5 1.08958e-24
42 1.07435e-24
42.5 1.06343e-24
43 1.05252e-24
43.5 1.0416e-24
44 1.03069e-24
44.5 1.02294e-24
45 1.01519e-24
45.5 1.00745e-24
46 9.99701e-25
46.5 9.94272e-25
47 9.88843e-25
47.5 9.83414e-25
48 9.77984e-25
48.5 9.74232e-25
49 9.70479e-25
49.5 9.66726e-25
50 9.62973e-25
50.5 9.60416e-25
51 9.57859e-25
51.5 9.55302e-25
52 9.52745e-25
52.5 9.51023e-25
53 9.493e-25
53.5 9.47578e-25
54 9.45856e-25
54.5 9.44698e-25
55 9.4354e-25
55.5 9.42382e-25
56 9.41224e-25
56.5 9.40428e-25
57 9.39633e-25
57.5 9.38837e-25
58 9.38041e-25
58.5 9.37456e-25
59 9.36871e-25
59.5 9.36286e-25
60 9.35701e-25
60.5 9.35215e-25
61 9.34729e-25
61.5 9.34243e-25
62 9.33757e-25
62.5 9.33287e-25
63 9.32817e-25
63.5 9.32348e-25
64 9.31878e-25
64.5 9.31365e-25
65 9.30851e-25
65.5 9.30338e-25
66 9.29824e-25
66.5 9.29224e-25
67 9.28624e-25
67.5 9.28023e-25
68 9.27423e-25
68.5 9.26706e-25
69 9.25989e-25
69.5 9.25272e-25
70 9.24554e-25
70.5 9.237e-25
71 9.22846e-25
71.5 9.21992e-25
72 9.21138e-25
72.5 9.20134e-25
73 9.1913e-25
73.5 9.18126e-25
74 9.17123e-25
74.5 9.15963e-25
75 9.14803e-25
75.5 9.13643e-25
76 9.12483e-25
76.5 9.11165e-25
77 9.09847e-25
77.5 9.08529e-25
78 9.07211e-25
78.5 9.05735e-25
79 9.0426e-25
79.5 9.02785e-25
80 9.0131e-25
80.5 8.99572e-25
81 8.97834e-25
81.5 8.96096e-25
82 8.94358e-25
82.5 8.9262e-25
83 8.90882e-25
83.5 8.89144e-25
84 8.87406e-25
84.5 8.85667e-25
85 8.83929e-25
85.5 8.81853e-25
86 8.79776e-25
86.5 8.777e-25
87 8.75623e-25
87.5 8.73546e-25
88 8.7147e-25
88.5 8.69393e-25
89 8.67316e-25
89.5 8.6524e-25
90 8.63163e-25
90.5 8.60806e-25
91 8.58449e-25
91.5 8.56092e-25
92 8.53735e-25
92.5 8.51379e-25
93 8.49022e-25
93.5 8.46665e-25
94 8.44308e-25
94.5 8.41951e-25
95 8.39594e-25
95.5 8.37022e-25
96 8.3445e-25
96.5 8.31879e-25
97 8.29307e-25
97.5 8.26735e-25
98 8.24163e-25
98.5 8.21592e-25
99 8.1902e-25
99.5 8.16448e-25
100 8.13876e-25
100.5 8.11117e-25
101 8.08359e-25
101.5 8.056e-25
102 8.02841e-25
102.5 8.00082e-25
103 7.97323e-25
103.5 7.94565e-25
104 7.91806e-25
104.5 7.89047e-25
105 7.86288e-25
105.5 7.83529e-25
106 7.8077e-25
106.5 7.78012e-25
107 7.75253e-25
107.5 7.72494e-25
108 7.69735e-25
108.5 7.66976e-25
109 7.64218e-25
109.5 7.61459e-25
110 7.587e-25
110.5 7.55912e-25
111 7.53123e-25
111.5 7.50335e-25
112 7.47547e-25
112.5 7.44759e-25
113 7.41971e-25
113.5 7.39182e-25
114 7.36394e-25
114.5 7.33606e-25
115 7.30818e-25
115.5 7.2803e-25
116 7.25241e-25
116.5 7.22453e-25
117 7.19665e-25
117.5 7.16877e-25
118 7.14088e-25
118.5 7.113e-25
119 7.08512e-25
119.5 7.05724e-25
120 7.02936e-25
120.5 7.00366e-25
121 6.97796e-25
121.5 6.95227e-25
122 6.92657e-25
122.5 6.90087e-25
123 6.87517e-25
123.5 6.84948e-25
124 6.82378e-25
124.5 6.79808e-25
125 6.77239e-25
125.5 6.74669e-25
126 6.72099e-25
126.5 6.6953e-25
127 6.6696e-25
127.5 6.6439e-25
128 6.61821e-25
128.5 6.59251e-25
129 6.56681e-25
129.5 6.54112e-25
130 6.51542e-25
