7.3307 130 85
85
7.3307 0
8.5 1.08792e-27
8.7 2.53623e-27
8.9 5.8987e-27
9 6.43771e-27
9.5 9.77785e-27
10 1.43666e-26
10.5 2.05841e-26
11 2.89097e-26
11.5 4.00027e-26
12 5.47313e-26
12.5 7.42736e-26
13 1.00344e-25
13.5 1.35379e-25
14 1.83187e-25
14.5 2.49882e-25
15 3.46012e-25
15.5 4.90786e-25
16 7.19241e-25
16.5 1.08074e-24
17 1.55198e-24
17.5 1.86481e-24
18 1.91319e-24
18.5 1.97216e-24
19 2.17727e-24
19.5 2.5312e-24
20 3.00978e-24
20.5 3.57492e-24
21 4.16487e-24
21.5 4.69377e-24
22 5.07266e-24
22.5 5.24466e-24
23 5.20726e-24
23.5 5.00432e-24
24 4.69871e-24
24.5 4.34731e-24
25 3.9902e-24
25.5 3.65088e-24
26 3.34063e-24
26.5 3.06307e-24
27 2.81738e-24
27.5 2.60129e-24
28 2.41148e-24
28.5 2.24445e-24
29 2.09722e-24
29.5 1.96698e-24
30 1.85123e-24
30.5 1.74808e-24
31 1.65572e-24
32 1.49749e-24
33 1.36745e-24
34 1.25889e-24
35 1.16692e-24
36 1.08815e-24
37 1.01977e-24
38 9.59962e-25
39 9.07016e-25
40 8.59819e-25
42 7.79087e-25
44 7.12111e-25
46 6.49421e-25
48 5.98038e-25
50 5.55384e-25
52 5.19578e-25
54 4.89162e-25
56 4.63044e-25
58 4.40416e-25
60 4.20598e-25
62 4.0324e-25
64 3.87541e-25
66 3.73342e-25
68 3.60473e-25
70 3.49123e-25
75 3.24095e-25
80 3.02646e-25
85 2.84177e-25
90 2.67647e-25
95 2.52708e-25
100 2.38828e-25
105 2.26038e-25
110 2.14069e-25
115 2.02979e-25
120 1.92649e-25
125 1.83149e-25
130 1.74479e-25
