0.9 130 82
82
0.9 0
1 2.86667e-28
1.5 7.46629e-28
2 1.51878e-27
2.5 2.69271e-27
3 4.37344e-27
3.5 6.68655e-27
4 9.78509e-27
4.5 1.38597e-26
5 1.91539e-26
5.5 2.59858e-26
6 3.47795e-26
6.5 4.61051e-26
7 6.07335e-26
7.5 7.97018e-26
8 1.04373e-25
8.5 1.36396e-25
9 1.77311e-25
9.5 2.27312e-25
10 2.83389e-25
10.5 3.40053e-25
11 3.96012e-25
11.5 4.58937e-25
12 5.41001e-25
12.5 6.54292e-25
13 8.11941e-25
13.5 1.03219e-24
14 1.34413e-24
14.5 1.7974e-24
15 2.48036e-24
15.5 3.54754e-24
16 5.18882e-24
16.5 7.17099e-24
17 8.2926e-24
17.5 8.50801e-24
18 8.76439e-24
18.5 8.94662e-24
19 8.64456e-24
19.5 7.88504e-24
20 7.01506e-24
21 5.93722e-24
22 5.55234e-24
23 4.33123e-24
24 3.00351e-24
25 2.17006e-24
26 1.66988e-24
27 1.3509e-24
28 1.13433e-24
29 9.79844e-25
30 8.65445e-25
32 7.10489e-25
34 6.13878e-25
36 5.50882e-25
38 5.08826e-25
40 4.80506e-25
42 4.61495e-25
44 4.48914e-25
46 4.40811e-25
48 4.3582e-25
50 4.32966e-25
52 4.31547e-25
54 4.31047e-25
56 4.31091e-25
58 4.31405e-25
60 4.31788e-25
62 4.32094e-25
64 4.32219e-25
66 4.32092e-25
68 4.31663e-25
70 4.30901e-25
72 4.2979e-25
74 4.28321e-25
76 4.26495e-25
78 4.2432e-25
80 4.21805e-25
85 4.14136e-25
90 4.04724e-25
95 3.93893e-25
100 3.81984e-25
110 3.56277e-25
120 3.30194e-25
130 3.06113e-25
