0.9 130 82
82
0.9 0
1 3.97441e-28
1.5 1.04792e-27
2 2.15249e-27
2.5 3.84694e-27
3 6.29108e-27
3.5 9.67696e-27
4 1.424e-26
4.5 2.0275e-26
5 2.816e-26
5.5 3.83904e-26
6 5.16282e-26
6.5 6.87688e-26
7 9.10325e-26
7.5 1.20078e-25
8 1.581e-25
8.5 2.07755e-25
9 2.71475e-25
9.5 3.49591e-25
10 4.38372e-25
10.5 5.33966e-25
11 6.4487e-25
11.5 7.98038e-25
12 1.01826e-24
12.5 1.25126e-24
13 1.43551e-24
13.5 1.69776e-24
14 2.14602e-24
14.5 2.86938e-24
15 4.02665e-24
15.5 5.84574e-24
16 8.19537e-24
16.5 9.65101e-24
17 9.58331e-24
17.5 9.29504e-24
18 9.09405e-24
18.5 8.67478e-24
19 7.94541e-24
19.5 7.06086e-24
20 6.207e-24
21 4.91759e-24
22 4.18917e-24
23 3.75555e-24
24 3.36602e-24
25 2.93054e-24
26 2.49159e-24
27 2.10449e-24
28 1.78852e-24
29 1.53867e-24
30 1.34243e-24
32 1.06404e-24
34 8.83584e-25
36 7.6191e-25
38 6.77357e-25
40 6.17352e-25
42 5.7418e-25
44 5.42858e-25
46 5.20028e-25
48 5.03349e-25
50 4.91146e-25
52 4.82197e-25
54 4.75598e-25
56 4.70675e-25
58 4.66921e-25
60 4.63955e-25
62 4.61488e-25
64 4.59305e-25
66 4.57243e-25
68 4.55183e-25
70 4.53036e-25
72 4.5074e-25
74 4.4825e-25
76 4.45538e-25
78 4.42586e-25
80 4.39385e-25
85 4.30302e-25
90 4.19773e-25
95 4.08019e-25
100 3.95312e-25
110 3.68257e-25
120 3.41047e-25
130 3.16027e-25
