0.9 130 82
82
0.9 0
1 6.84321e-27
1.5 2.02342e-26
2 4.79553e-26
2.5 9.16902e-26
3 1.51858e-25
3.5 2.30451e-25
4 3.31305e-25
4.5 4.60225e-25
5 6.25231e-25
5.5 8.36393e-25
6 1.12313e-24
6.5 1.4738e-24
7 1.92708e-24
7.5 2.3637e-24
8 2.82906e-24
8.5 3.35805e-24
9 4.00299e-24
9.5 4.82168e-24
10 5.87187e-24
10.5 7.21856e-24
11 8.93988e-24
11.5 1.11263e-23
12 1.38673e-23
12.5 1.7214e-23
13 2.11032e-23
13.5 2.52426e-23
14 2.90243e-23
14.5 3.16243e-23
15 3.23857e-23
15.5 3.12337e-23
16 2.8688e-23
16.5 2.54827e-23
17 2.22083e-23
17.5 1.91985e-23
18 1.65834e-23
18.5 1.43761e-23
19 1.25375e-23
19.5 1.10127e-23
20 9.74672e-24
21 7.7844e-24
22 6.38668e-24
23 5.36546e-24
24 4.6011e-24
25 4.01653e-24
26 3.56097e-24
27 3.2001e-24
28 2.91018e-24
29 2.6744e-24
30 2.48059e-24
32 2.18528e-24
34 1.97579e-24
36 1.8234e-24
38 1.71022e-24
40 1.62461e-24
42 1.55879e-24
44 1.50734e-24
46 1.46648e-24
48 1.43343e-24
50 1.4062e-24
52 1.38328e-24
54 1.36355e-24
56 1.34615e-24
58 1.33044e-24
60 1.31591e-24
62 1.30219e-24
64 1.28897e-24
66 1.27604e-24
68 1.26322e-24
70 1.25038e-24
72 1.23743e-24
74 1.2243e-24
76 1.21093e-24
78 1.1973e-24
80 1.18339e-24
85 1.14737e-24
90 1.10971e-24
95 1.07072e-24
100 1.03088e-24
110 9.50742e-25
120 8.73825e-25
130 8.04729e-25
