0.9 130 82
82
0.9 0
1 3.36271e-27
1.5 9.66289e-27
2 2.12012e-26
2.5 4.00225e-26
3 6.87078e-26
3.5 1.10614e-25
4 1.70207e-25
4.5 2.53509e-25
5 3.68566e-25
5.5 5.25624e-25
6 7.36355e-25
6.5 1.01279e-24
7 1.37289e-24
7.5 1.86277e-24
8 2.58136e-24
8.5 3.6271e-24
9 4.82165e-24
9.5 6.07713e-24
10 7.98405e-24
10.5 1.10826e-23
11 1.59313e-23
11.5 2.30846e-23
12 3.19012e-23
12.5 3.86699e-23
13 3.99496e-23
13.5 3.82042e-23
14 3.7129e-23
14.5 3.74148e-23
15 3.77688e-23
15.5 3.67016e-23
16 3.38171e-23
16.5 2.98308e-23
17 2.56727e-23
17.5 2.19084e-23
18 1.873e-23
18.5 1.61271e-23
19 1.40162e-23
19.5 1.23023e-23
20 1.09017e-23
21 8.75545e-24
22 7.23429e-24
23 6.11537e-24
24 5.26553e-24
25 4.60258e-24
26 4.07398e-24
27 3.64494e-24
28 3.29172e-24
29 2.99764e-24
30 2.75062e-24
32 2.36425e-24
34 2.08345e-24
36 1.87774e-24
38 1.72684e-24
40 1.61648e-24
42 1.5363e-24
44 1.47858e-24
46 1.4375e-24
48 1.40866e-24
50 1.38873e-24
52 1.37518e-24
54 1.36608e-24
56 1.35999e-24
58 1.35582e-24
60 1.35275e-24
62 1.35016e-24
64 1.34761e-24
66 1.34476e-24
68 1.34138e-24
70 1.33729e-24
72 1.3324e-24
74 1.32663e-24
76 1.31995e-24
78 1.31235e-24
80 1.30383e-24
85 1.27871e-24
90 1.24869e-24
95 1.21459e-24
100 1.17737e-24
110 1.09751e-24
120 1.01676e-24
130 9.42317e-25
