5 130 251
251
5 0
5.5 2.52031e-25
6 3.92459e-25
6.5 8.22689e-25
7 1.25292e-24
7.5 2.38527e-24
8 3.51763e-24
8.5 6.06777e-24
9 8.61792e-24
9.5 1.3237e-23
10 1.7856e-23
10.5 2.36153e-23
11 2.93745e-23
11.5 3.3509e-23
12 3.76435e-23
12.5 3.98967e-23
13 4.21499e-23
13.5 4.25771e-23
14 4.30042e-23
14.5 3.9272e-23
15 3.55397e-23
15.5 3.10333e-23
16 2.65268e-23
16.5 2.31551e-23
17 1.97834e-23
17.5 1.74422e-23
18 1.5101e-23
18.5 1.34654e-23
19 1.18298e-23
19.5 1.06649e-23
20 9.50005e-24
20.5 8.65455e-24
21 7.80905e-24
21.5 7.18521e-24
22 6.56137e-24
22.5 6.09477e-24
23 5.62817e-24
23.5 5.27519e-24
24 4.92221e-24
24.5 4.65257e-24
25 4.38293e-24
25.5 4.17509e-24
26 3.96724e-24
26.5 3.80557e-24
27 3.6439e-24
27.5 3.5169e-24
28 3.3899e-24
28.5 3.28902e-24
29 3.18813e-24
29.5 3.10699e-24
30 3.02585e-24
30.5 2.95969e-24
31 2.89354e-24
31.5 2.83882e-24
32 2.7841e-24
32.5 2.73819e-24
33 2.69229e-24
33.5 2.65325e-24
34 2.61422e-24
34.5 2.58062e-24
35 2.54701e-24
35.5 2.51777e-24
36 2.48852e-24
36.5 2.46283e-24
37 2.43713e-24
37.5 2.41438e-24
38 2.39162e-24
38.5 2.37132e-24
39 2.35102e-24
39.5 2.33279e-24
40 2.31456e-24
40.5 2.29809e-24
41 2.28163e-24
41.5 2.26666e-24
42 2.2517e-24
42.5 2.23802e-24
43 2.22434e-24
43.5 2.21176e-24
44 2.19918e-24
44.5 2.18753e-24
45 2.17589e-24
45.5 2.16504e-24
46 2.15419e-24
46.5 2.14402e-24
47 2.13384e-24
47.5 2.12424e-24
48 2.11464e-24
48.5 2.10551e-24
49 2.09639e-24
49.5 2.08766e-24
50 2.07894e-24
50.5 2.07054e-24
51 2.06214e-24
51.5 2.05402e-24
52 2.04589e-24
52.5 2.03799e-24
53 2.03008e-24
53.5 2.02235e-24
54 2.01462e-24
54.5 2.00704e-24
55 1.99945e-24
55.5 1.99198e-24
56 1.9845e-24
56.5 1.97712e-24
57 1.96973e-24
57.5 1.96241e-24
58 1.95509e-24
58.5 1.94782e-24
59 1.94055e-24
59.5 1.93332e-24
60 1.92609e-24
60.5 1.91888e-24
61 1.91168e-24
61.5 1.90449e-24
62 1.89731e-24
62.5 1.89014e-24
63 1.88297e-24
63.5 1.87581e-24
64 1.86865e-24
64.5 1.8615e-24
65 1.85436e-24
65.5 1.84721e-24
66 1.84007e-24
66.5 1.83294e-24
67 1.82581e-24
67.5 1.81869e-24
68 1.81157e-24
68.5 1.80446e-24
69 1.79735e-24
69.5 1.79025e-24
70 1.78316e-24
70.5 1.77608e-24
71 1.769e-24
71.5 1.76194e-24
72 1.75488e-24
72.5 1.74784e-24
73 1.74081e-24
73.5 1.7338e-24
74 1.72679e-24
74.5 1.71982e-24
75 1.71284e-24
75.5 1.7059e-24
76 1.69895e-24
76.5 1.69205e-24
77 1.68515e-24
77.5 1.67829e-24
78 1.67142e-24
78.5 1.66461e-24
79 1.6578e-24
79.5 1.65103e-24
80 1.64427e-24
80.5 1.63756e-24
81 1.63086e-24
81.5 1.62421e-24
82 1.61756e-24
82.5 1.61098e-24
83 1.60439e-24
83.5 1.59788e-24
84 1.59136e-24
84.5 1.58492e-24
85 1.57848e-24
85.5 1.57211e-24
86 1.56575e-24
86.5 1.55947e-24
87 1.55318e-24
87.5 1.54699e-24
88 1.54079e-24
88.5 1.53469e-24
89 1.52859e-24
89.5 1.52259e-24
90 1.51658e-24
90.5 1.51068e-24
91 1.50479e-24
91.5 1.499e-24
92 1.49321e-24
92.5 1.48754e-24
93 1.48187e-24
93.5 1.47632e-24
94 1.47078e-24
94.5 1.46537e-24
95 1.45996e-24
95.5 1.45468e-24
96 1.44941e-24
96.5 1.44429e-24
97 1.43917e-24
97.5 1.43421e-24
98 1.42925e-24
98.5 1.42446e-24
99 1.41967e-24
99.5 1.41507e-24
100 1.41046e-24
100.5 1.40605e-24
101 1.40163e-24
101.5 1.39743e-24
102 1.39323e-24
102.5 1.38924e-24
103 1.38526e-24
103.5 1.38152e-24
104 1.37777e-24
104.5 1.37428e-24
105 1.37079e-24
105.5 1.36758e-24
106 1.36155e-24
106.5 1.3595e-24
107 1.35746e-24
107.5 1.35543e-24
108 1.35341e-24
108.5 1.35139e-24
109 1.34947e-24
109.5 1.34861e-24
110 1.34775e-24
110.5 1.3469e-24
111 1.34606e-24
111.5 1.34521e-24
112 1.34437e-24
112.5 1.34496e-24
113 1.34559e-24
113.5 1.34622e-24
114 1.34684e-24
114.5 1.34747e-24
115 1.34809e-24
115.5 1.35e-24
116 1.35247e-24
116.5 1.35493e-24
117 1.35738e-24
117.5 1.35982e-24
118 1.36225e-24
118.5 1.36525e-24
119 1.36995e-24
119.5 1.37464e-24
120 1.37931e-24
120.5 1.38396e-24
121 1.38859e-24
121.5 1.3932e-24
122 1.39949e-24
122.5 1.40681e-24
123 1.41409e-24
123.5 1.42135e-24
124 1.42857e-24
124.5 1.43577e-24
125 1.44293e-24
125.5 1.45262e-24
126 1.46287e-24
126.5 1.47308e-24
127 1.48325e-24
127.5 1.49338e-24
128 1.50347e-24
128.5 1.51352e-24
129 1.52629e-24
129.5 1.53968e-24
130 1.55302e-24
