0.9 130 82
82
0.9 0
1 2.97524e-27
1.5 8.48217e-27
2 1.85352e-26
2.5 3.49373e-26
3 6.00046e-26
3.5 9.68025e-26
4 1.49485e-25
4.5 2.23762e-25
5 3.27455e-25
5.5 4.70908e-25
6 6.66703e-25
6.5 9.29036e-25
7 1.2786e-24
7.5 1.76408e-24
8 2.4979e-24
8.5 3.68549e-24
9 5.49785e-24
9.5 7.40135e-24
10 9.05611e-24
10.5 1.17661e-23
11 1.65424e-23
11.5 2.37911e-23
12 3.21142e-23
12.5 3.68428e-23
13 3.52968e-23
13.5 3.12439e-23
14 2.87225e-23
14.5 2.9066e-23
15 3.17907e-23
15.5 3.44615e-23
16 3.37115e-23
16.5 2.92518e-23
17 2.37003e-23
17.5 1.88898e-23
18 1.52151e-23
18.5 1.24985e-23
19 1.04821e-23
19.5 8.95938e-24
20 7.78541e-24
21 6.09216e-24
22 4.96322e-24
23 4.16671e-24
24 3.57991e-24
25 3.1331e-24
26 2.78419e-24
27 2.50643e-24
28 2.28206e-24
29 2.09883e-24
30 1.94799e-24
32 1.71938e-24
34 1.5611e-24
36 1.45156e-24
38 1.37654e-24
40 1.32621e-24
42 1.2936e-24
44 1.27363e-24
46 1.26258e-24
48 1.25769e-24
50 1.25691e-24
52 1.25874e-24
54 1.26205e-24
56 1.26602e-24
58 1.27006e-24
60 1.27371e-24
62 1.27668e-24
64 1.27875e-24
66 1.27977e-24
68 1.27967e-24
70 1.27837e-24
72 1.27588e-24
74 1.2722e-24
76 1.26735e-24
78 1.26137e-24
80 1.25431e-24
85 1.23229e-24
90 1.20483e-24
95 1.17297e-24
100 1.13778e-24
110 1.06155e-24
120 9.84035e-25
130 9.12391e-25
