4.999 130 192
192
4.999 0
5 1.74456e-25
5.25 1.99372e-25
5.5 2.27064e-25
5.75 2.57833e-25
6 2.92019e-25
6.21303 3.2439e-25
6.25 3.30008e-25
6.6 3.90435e-25
6.68813 4.07349e-25
6.75 4.19225e-25
7 4.71532e-25
7.15672 5.08076e-25
7.25 5.29827e-25
7.31608 5.47019e-25
7.31946 5.47899e-25
7.5 5.94871e-25
7.73463 6.63076e-25
7.75 6.67544e-25
7.79359 6.81723e-25
7.8164 6.89143e-25
8 7.48866e-25
8.01211 7.53282e-25
8.05028 7.672e-25
8.08628 7.80327e-25
8.18104 8.14879e-25
8.24976 8.39937e-25
8.25 8.40024e-25
8.25642 8.42654e-25
8.36577 8.87432e-25
8.40303 9.0269e-25
8.43206 9.14577e-25
8.45381 9.23484e-25
8.47412 9.31801e-25
8.5 9.42398e-25
8.51573 9.49648e-25
8.58033 9.79419e-25
8.58608 9.82068e-25
8.59873 9.87898e-25
8.63303 1.00371e-24
8.65483 1.01375e-24
8.67303 1.02214e-24
8.68039 1.02553e-24
8.68042 1.02554e-24
8.75 1.05761e-24
9 1.18755e-24
9.25 1.33448e-24
9.31843 1.37268e-24
9.36037 1.22104e-24
9.39443 1.21226e-24
9.42365 1.23687e-24
9.44218 1.2526e-24
9.45916 1.32549e-24
9.47289 1.38444e-24
9.47492 1.39317e-24
9.49711 1.48857e-24
9.5 1.50102e-24
9.5253 1.43739e-24
9.52717 1.43288e-24
9.5607 1.3877e-24
9.578 1.36439e-24
9.58227 1.3591e-24
9.60997 1.32472e-24
9.61572 1.3241e-24
9.62065 1.32356e-24
9.624 1.32395e-24
9.62432 1.32398e-24
9.6642 1.37414e-24
9.67753 1.40281e-24
9.67804 1.40406e-24
9.68323 1.41844e-24
9.69704 1.46018e-24
9.69843 1.46438e-24
9.71782 1.54029e-24
9.72834 1.58147e-24
9.74595 1.66613e-24
9.74991 1.68723e-24
9.75 1.68771e-24
9.76779 1.689e-24
9.76903 1.68915e-24
9.79277 1.70189e-24
9.79528 1.70324e-24
9.80943 1.71083e-24
9.84353 1.72914e-24
9.86057 1.73925e-24
9.86198 1.74018e-24
9.86432 1.74196e-24
9.88808 1.77069e-24
9.89436 1.77828e-24
9.91694 1.80561e-24
9.91737 1.80613e-24
10 1.90611e-24
10.25 2.15287e-24
10.5 2.43584e-24
10.75 2.76136e-24
11 3.13688e-24
11.25 3.57122e-24
11.5 4.07469e-24
11.75 4.65887e-24
12 5.33659e-24
12.09 5.61902e-24
12.25 6.12111e-24
12.5 7.02457e-24
12.75 8.05539e-24
13 9.21407e-24
13.208 1.02737e-23
13.25 1.04876e-23
13.5 1.18434e-23
13.75 1.32261e-23
13.753 1.32421e-23
14 1.45606e-23
14.25 1.57661e-23
14.5 1.67774e-23
14.75 1.75658e-23
15 1.81448e-23
15.25 1.85592e-23
15.432 1.87792e-23
15.5 1.88614e-23
15.75 1.90922e-23
16 1.92606e-23
16.25 1.94183e-23
16.264 1.9427e-23
16.5 1.95732e-23
16.75 1.96222e-23
16.756 1.96117e-23
16.937 1.95507e-23
17 1.95295e-23
17.25 1.92674e-23
17.5 1.88241e-23
17.75 1.82081e-23
18 1.74452e-23
18.25 1.65727e-23
18.5 1.56322e-23
18.75 1.46634e-23
19 1.36993e-23
19.25 1.27652e-23
19.5 1.18784e-23
19.75 1.10357e-23
20 1.02824e-23
20.01 1.02555e-23
20.5 8.93473e-24
21 7.81184e-24
21.5 6.91509e-24
22 6.17514e-24
22.234 5.89299e-24
22.431 5.65544e-24
22.5 5.57225e-24
22.938 5.14218e-24
23 5.08131e-24
23.426 4.73716e-24
23.4264 4.73686e-24
23.5 4.67738e-24
23.701 4.54464e-24
24 4.34718e-24
24.5 4.07592e-24
24.655 4.00663e-24
25 3.85242e-24
25.5 3.6676e-24
26 3.51343e-24
26.5 3.38474e-24
26.646 3.35246e-24
27 3.27475e-24
27.5 3.17908e-24
28 3.09372e-24
28.5 3.02033e-24
29 2.94579e-24
30 2.79544e-24
31 2.65234e-24
31.907 2.51247e-24
32 2.49812e-24
33 2.34823e-24
34 2.20801e-24
35 2.07066e-24
36 1.94011e-24
37 1.81886e-24
38 1.70803e-24
39 1.60548e-24
40 1.52059e-24
41 1.43987e-24
42 1.3653e-24
43 1.30101e-24
44 1.2457e-24
45 1.18867e-24
50 1.00113e-24
55 8.81653e-25
60 7.98651e-25
70 6.7437e-25
80 5.89458e-25
90 5.33121e-25
100 4.87769e-25
120 4.08321e-25
130 3.77817e-25
