0.9 130 82
82
0.9 0
1 9.74588e-29
1.5 1.42721e-27
2 4.90053e-27
2.5 1.12909e-26
3 2.12449e-26
3.5 3.52075e-26
4 5.37157e-26
4.5 7.76897e-26
5 1.08643e-25
5.5 1.48557e-25
6 2.00203e-25
6.5 2.67575e-25
7 3.56181e-25
7.5 4.72968e-25
8 6.24972e-25
8.5 8.14689e-25
9 1.03215e-24
9.5 1.54343e-24
10 1.75361e-24
10.5 1.98629e-24
11 2.28345e-24
11.5 2.6788e-24
12 3.20173e-24
12.5 3.88467e-24
13 4.76674e-24
13.5 5.8917e-24
14 7.29725e-24
14.5 8.98827e-24
15 1.08877e-23
15.5 1.27768e-23
16 1.42851e-23
16.5 1.50185e-23
17 1.47966e-23
17.5 1.37723e-23
18 1.22993e-23
18.5 1.07135e-23
19 9.22475e-24
19.5 7.92369e-24
20 6.8278e-24
21 5.16085e-24
22 4.02737e-24
23 3.243e-24
24 2.68569e-24
25 2.27902e-24
26 1.97497e-24
27 1.74277e-24
28 1.56217e-24
29 1.41948e-24
30 1.30522e-24
32 1.1369e-24
34 1.02238e-24
36 9.42162e-25
38 8.84666e-25
40 8.42665e-25
42 8.11467e-25
44 7.87918e-25
46 7.69843e-25
48 7.55708e-25
50 7.44411e-25
52 7.35148e-25
54 7.27325e-25
56 7.20501e-25
58 7.14342e-25
60 7.08601e-25
62 7.03089e-25
64 6.97664e-25
66 6.92222e-25
68 6.86683e-25
70 6.80993e-25
72 6.75111e-25
74 6.69012e-25
76 6.62679e-25
78 6.56104e-25
80 6.49287e-25
85 6.31226e-25
90 6.11859e-25
95 5.91448e-25
100 5.70309e-25
110 5.27226e-25
120 4.85422e-25
130 4.47662e-25
