0.9 130 82
82
0.9 0
1 1.02832e-27
1.5 2.83209e-27
2 6.00919e-27
2.5 1.10158e-26
3 1.83911e-26
3.5 2.87875e-26
4 4.30116e-26
4.5 6.20812e-26
5 8.73084e-26
5.5 1.20417e-25
6 1.63707e-25
6.5 2.20266e-25
7 2.942e-25
7.5 3.90682e-25
8 5.1525e-25
8.5 6.71177e-25
9 8.54805e-25
9.5 1.05574e-24
10 1.2723e-24
10.5 1.5269e-24
11 1.85777e-24
11.5 2.30533e-24
12 2.91105e-24
12.5 3.71993e-24
13 4.77452e-24
13.5 6.08955e-24
14 7.59922e-24
14.5 9.10001e-24
15 1.02807e-23
15.5 1.09108e-23
16 1.10176e-23
16.5 1.08194e-23
17 1.05243e-23
17.5 1.02298e-23
18 9.93999e-24
18.5 9.61982e-24
19 9.23723e-24
19.5 8.78226e-24
20 8.26713e-24
21 7.14551e-24
22 6.07411e-24
23 5.15013e-24
24 4.39062e-24
25 3.77681e-24
26 3.28128e-24
27 2.87864e-24
28 2.54835e-24
29 2.27459e-24
30 2.04542e-24
32 1.68704e-24
34 1.42405e-24
36 1.2271e-24
38 1.07769e-24
40 9.63476e-25
42 8.75815e-25
44 8.08399e-25
46 7.56494e-25
48 7.16486e-25
50 6.85592e-25
52 6.61656e-25
54 6.43011e-25
56 6.28363e-25
58 6.16711e-25
60 6.07282e-25
62 5.99478e-25
64 5.92837e-25
66 5.87007e-25
68 5.81715e-25
70 5.76754e-25
72 5.71967e-25
74 5.67237e-25
76 5.62477e-25
78 5.57623e-25
80 5.52631e-25
85 5.39385e-25
90 5.24938e-25
95 5.09365e-25
100 4.92882e-25
110 4.58386e-25
120 4.24094e-25
130 3.92729e-25
