0.9 130 82
82
0.9 0
1 1.2839e-27
1.5 3.63247e-27
2 7.85715e-27
2.5 1.46186e-26
3 2.47057e-26
3.5 3.90844e-26
4 5.8965e-26
4.5 8.58964e-26
5 1.21898e-25
5.5 1.69632e-25
6 2.32597e-25
6.5 3.15198e-25
7 4.22323e-25
7.5 5.57694e-25
8 7.21385e-25
8.5 9.11446e-25
9 1.13441e-24
9.5 1.41284e-24
10 1.77989e-24
10.5 2.27436e-24
11 2.94393e-24
11.5 3.85156e-24
12 5.08052e-24
12.5 6.73395e-24
13 8.91785e-24
13.5 1.16776e-23
14 1.48519e-23
14.5 1.79309e-23
15 2.02292e-23
15.5 2.1371e-23
16 2.14073e-23
16.5 2.05251e-23
17 1.89502e-23
17.5 1.69846e-23
18 1.49344e-23
18.5 1.30132e-23
19 1.13218e-23
19.5 9.88245e-24
20 8.67681e-24
21 6.81662e-24
22 5.5073e-24
23 4.5612e-24
24 3.85728e-24
25 3.31905e-24
26 2.8976e-24
27 2.56086e-24
28 2.28728e-24
29 2.06196e-24
30 1.87437e-24
32 1.58363e-24
34 1.37398e-24
36 1.22085e-24
38 1.10841e-24
40 1.02581e-24
42 9.6531e-25
44 9.21212e-25
46 8.89278e-25
48 8.66325e-25
50 8.4995e-25
52 8.38339e-25
54 8.30123e-25
56 8.24267e-25
58 8.19993e-25
60 8.16716e-25
62 8.13995e-25
64 8.11507e-25
66 8.0901e-25
68 8.06328e-25
70 8.03338e-25
72 7.99951e-25
74 7.96113e-25
76 7.91788e-25
78 7.8696e-25
80 7.81626e-25
85 7.66145e-25
90 7.47865e-25
95 7.27248e-25
100 7.04831e-25
110 6.56875e-25
120 6.08499e-25
130 5.63952e-25
