0.9 130 82
82
0.9 0
1 8.88606e-28
1.5 2.42262e-27
2 5.10186e-27
2.5 9.29681e-27
3 1.54434e-26
3.5 2.40661e-26
4 3.58095e-26
4.5 5.1482e-26
5 7.21197e-26
5.5 9.90771e-26
6 1.34156e-25
6.5 1.79776e-25
7 2.39189e-25
7.5 3.16633e-25
8 4.17112e-25
8.5 5.44922e-25
9 6.99765e-25
9.5 8.72698e-25
10 1.05266e-24
10.5 1.24576e-24
11 1.48021e-24
11.5 1.79097e-24
12 2.2108e-24
12.5 2.77181e-24
13 3.50534e-24
13.5 4.43225e-24
14 5.54003e-24
14.5 6.75715e-24
15 7.96449e-24
15.5 9.07929e-24
16 1.01446e-23
16.5 1.13026e-23
17 1.26683e-23
17.5 1.42098e-23
18 1.56953e-23
18.5 1.67448e-23
19 1.70204e-23
19.5 1.64407e-23
20 1.52108e-23
21 1.20393e-23
22 9.21927e-24
23 7.13282e-24
24 5.64971e-24
25 4.58645e-24
26 3.8062e-24
27 3.21857e-24
28 2.76507e-24
29 2.40747e-24
30 2.12027e-24
32 1.69245e-24
34 1.39466e-24
36 1.18061e-24
38 1.02345e-24
40 9.06465e-25
42 8.18609e-25
44 7.52235e-25
46 7.01874e-25
48 6.63522e-25
50 6.342e-25
52 6.11673e-25
54 5.94248e-25
56 5.80641e-25
58 5.69872e-25
60 5.61194e-25
62 5.54036e-25
64 5.4796e-25
66 5.42632e-25
68 5.37799e-25
70 5.33267e-25
72 5.2889e-25
74 5.2456e-25
76 5.20197e-25
78 5.15742e-25
80 5.11155e-25
85 4.9896e-25
90 4.85638e-25
95 4.7126e-25
100 4.5603e-25
110 4.24139e-25
120 3.92422e-25
130 3.63407e-25
