0.9 130 82
82
0.9 0
1 3.86448e-28
1.5 1.00914e-27
2 2.05664e-27
2.5 3.65098e-27
3 5.93456e-27
3.5 9.07657e-27
4 1.32819e-26
4.5 1.88034e-26
5 2.59604e-26
5.5 3.51648e-26
6 4.69576e-26
6.5 6.20596e-26
7 8.14413e-26
7.5 1.06418e-25
8 1.38768e-25
8.5 1.80831e-25
9 2.3539e-25
9.5 3.04802e-25
10 3.88457e-25
10.5 4.79162e-25
11 5.65112e-25
11.5 6.43105e-25
12 7.26489e-25
12.5 8.35248e-25
13 9.86788e-25
13.5 1.19692e-24
14 1.48434e-24
14.5 1.87428e-24
15 2.40052e-24
15.5 3.1034e-24
16 4.01671e-24
16.5 5.12926e-24
17 6.31497e-24
17.5 7.29433e-24
18 7.77554e-24
18.5 7.71786e-24
19 7.34294e-24
19.5 6.88941e-24
20 6.4673e-24
21 5.69176e-24
22 4.86182e-24
23 4.0102e-24
24 3.26058e-24
25 2.66195e-24
26 2.20241e-24
27 1.85214e-24
28 1.58306e-24
29 1.37355e-24
30 1.20797e-24
32 9.67474e-25
34 8.05635e-25
36 6.92804e-25
38 6.12208e-25
40 5.53719e-25
42 5.10857e-25
44 4.79269e-25
46 4.5592e-25
48 4.38632e-25
50 4.25812e-25
52 4.1628e-25
54 4.09153e-25
56 4.03766e-25
58 3.99618e-25
60 3.9633e-25
62 3.93617e-25
64 3.91262e-25
66 3.89102e-25
68 3.87018e-25
70 3.84919e-25
72 3.82741e-25
74 3.80437e-25
76 3.77976e-25
78 3.75338e-25
80 3.72511e-25
85 3.64595e-25
90 3.55528e-25
95 3.4547e-25
100 3.34639e-25
110 3.11645e-25
120 2.88567e-25
130 2.67365e-25
