0.9 130 82
82
0.9 0
1 8.64638e-28
1.5 2.3939e-27
2 5.09846e-27
2.5 9.37268e-27
3 1.56831e-26
3.5 2.45947e-26
4 3.68071e-26
4.5 5.32049e-26
5 7.49306e-26
5.5 1.03487e-25
6 1.40874e-25
6.5 1.89742e-25
7 2.53479e-25
7.5 3.3594e-25
8 4.40145e-25
8.5 5.65545e-25
9 7.06868e-25
9.5 8.61681e-25
10 1.04155e-24
10.5 1.27e-24
11 1.5737e-24
11.5 1.98122e-24
12 2.52746e-24
12.5 3.25837e-24
13 4.2344e-24
13.5 5.53141e-24
14 7.23437e-24
14.5 9.40977e-24
15 1.20278e-23
15.5 1.48232e-23
16 1.71996e-23
16.5 1.84314e-23
17 1.81776e-23
17.5 1.6741e-23
18 1.47405e-23
18.5 1.26832e-23
19 1.08301e-23
19.5 9.26221e-24
20 7.9718e-24
21 6.04739e-24
22 4.7501e-24
23 3.84732e-24
24 3.19655e-24
25 2.71201e-24
26 2.34103e-24
27 2.05026e-24
28 1.81791e-24
29 1.62929e-24
30 1.47422e-24
32 1.23769e-24
34 1.07023e-24
36 9.49796e-25
38 8.62561e-25
40 7.99283e-25
42 7.53498e-25
44 7.20547e-25
46 6.97011e-25
48 6.80356e-25
50 6.68689e-25
52 6.60598e-25
54 6.55021e-25
56 6.51165e-25
58 6.48435e-25
60 6.46388e-25
62 6.44695e-25
64 6.4311e-25
66 6.41455e-25
68 6.39602e-25
70 6.3746e-25
72 6.34968e-25
74 6.32086e-25
76 6.28792e-25
78 6.25077e-25
80 6.20942e-25
85 6.08837e-25
90 5.94443e-25
95 5.78147e-25
100 5.60392e-25
110 5.22343e-25
120 4.83918e-25
130 4.48516e-25
