0.9 130 82
82
0.9 0
1 1.53104e-27
1.5 4.36734e-27
2 9.50056e-27
2.5 1.77522e-26
3 3.01052e-26
3.5 4.77663e-26
4 7.22515e-26
4.5 1.05504e-25
5 1.5006e-25
5.5 2.09254e-25
6 2.87425e-25
6.5 3.89903e-25
7 5.22224e-25
7.5 6.8786e-25
8 8.86024e-25
8.5 1.11651e-24
9 1.39241e-24
9.5 1.7436e-24
10 2.20875e-24
10.5 2.83236e-24
11 3.66926e-24
11.5 4.7902e-24
12 6.28473e-24
12.5 8.259e-24
13 1.08203e-23
13.5 1.40224e-23
14 1.77324e-23
14.5 2.14475e-23
15 2.42808e-23
15.5 2.53914e-23
16 2.46063e-23
16.5 2.24878e-23
17 1.98158e-23
17.5 1.71543e-23
18 1.47752e-23
18.5 1.27559e-23
19 1.10806e-23
19.5 9.70097e-24
20 8.56395e-24
21 6.81757e-24
22 5.57946e-24
23 4.67208e-24
24 3.98636e-24
25 3.45415e-24
26 3.03169e-24
27 2.69006e-24
28 2.40957e-24
29 2.17648e-24
30 1.98094e-24
32 1.67526e-24
34 1.45301e-24
36 1.2899e-24
38 1.16987e-24
40 1.08166e-24
42 1.01708e-24
44 9.70075e-25
46 9.36096e-25
48 9.11723e-25
50 8.94373e-25
52 8.82102e-25
54 8.73443e-25
56 8.67291e-25
58 8.62815e-25
60 8.59393e-25
62 8.5656e-25
64 8.5397e-25
66 8.51368e-25
68 8.48571e-25
70 8.45445e-25
72 8.41901e-25
74 8.37878e-25
76 8.3334e-25
78 8.28272e-25
80 8.22669e-25
85 8.06396e-25
90 7.87171e-25
95 7.6548e-25
100 7.41892e-25
110 6.91424e-25
120 6.40508e-25
130 5.9362e-25
