0.9 130 82
82
0.9 0
1 1.76668e-27
1.5 5.08922e-27
2 1.11489e-26
2.5 2.09486e-26
3 3.56978e-26
3.5 5.68932e-26
4 8.64314e-26
4.5 1.26763e-25
5 1.81096e-25
5.5 2.53633e-25
6 3.49705e-25
6.5 4.75408e-25
7 6.36025e-25
7.5 8.33627e-25
8 1.06899e-24
8.5 1.35262e-24
9 1.71268e-24
9.5 2.19001e-24
10 2.83388e-24
10.5 3.7061e-24
11 4.8882e-24
11.5 6.48726e-24
12 8.63835e-24
12.5 1.14955e-23
13 1.51777e-23
13.5 1.96052e-23
14 2.42246e-23
14.5 2.78908e-23
15 2.93969e-23
15.5 2.84297e-23
16 2.57519e-23
16.5 2.24302e-23
17 1.91966e-23
17.5 1.63703e-23
18 1.40179e-23
18.5 1.20977e-23
19 1.05374e-23
19.5 9.26522e-24
20 8.22053e-24
21 6.61053e-24
22 5.46099e-24
23 4.61075e-24
24 3.9623e-24
25 3.4548e-24
26 3.04903e-24
27 2.71891e-24
28 2.44658e-24
29 2.21944e-24
30 2.02839e-24
32 1.72915e-24
34 1.51158e-24
36 1.35236e-24
38 1.2358e-24
40 1.15079e-24
42 1.08918e-24
44 1.04492e-24
46 1.01346e-24
48 9.91368e-25
50 9.76076e-25
52 9.65637e-25
54 9.58593e-25
56 9.53845e-25
58 9.50573e-25
60 9.48165e-25
62 9.46164e-25
64 9.44235e-25
66 9.42134e-25
68 9.39684e-25
70 9.36763e-25
72 9.3329e-25
74 9.29213e-25
76 9.24505e-25
78 9.19156e-25
80 9.13172e-25
85 8.95554e-25
90 8.74509e-25
95 8.50627e-25
100 8.24569e-25
110 7.68666e-25
120 7.12168e-25
130 6.601e-25
