0.5 130 260
260
0.5 0
1 2.80761e-27
1.5 8.021e-27
2 1.75247e-26
2.5 3.29682e-26
3 5.64202e-26
3.5 9.05464e-26
4 1.38848e-25
4.5 2.05941e-25
5 2.97759e-25
5.5 4.21283e-25
6 5.83211e-25
6.5 7.88531e-25
7 1.04453e-24
7.5 1.37277e-24
8 1.81677e-24
8.5 2.44186e-24
9 3.34281e-24
9.5 4.6677e-24
10 6.66615e-24
10.5 9.79998e-24
11 1.49784e-23
11.5 2.35175e-23
12 3.4059e-23
12.5 4.0773e-23
13 4.68675e-23
13.5 5.5043e-23
14 5.95154e-23
14.5 5.56037e-23
15 4.6379e-23
15.5 3.68489e-23
16 2.91423e-23
16.5 2.33946e-23
17 1.91791e-23
17.5 1.60617e-23
18 1.37167e-23
18.5 1.19181e-23
19 1.05124e-23
19.5 9.39445e-24
20 8.49114e-24
20.5 7.79764e-24
21 7.10414e-24
21.5 6.61429e-24
22 6.12444e-24
22.5 5.76517e-24
23 5.4059e-24
23.5 5.13438e-24
24 4.86286e-24
24.5 4.65262e-24
25 4.44239e-24
25.5 4.27635e-24
26 4.11031e-24
26.5 3.97699e-24
27 3.84367e-24
27.5 3.73514e-24
28 3.6266e-24
28.5 3.53719e-24
29 3.44777e-24
29.5 3.37336e-24
30 3.29894e-24
30.5 3.24124e-24
31 3.18355e-24
31.5 3.12585e-24
32 3.06816e-24
32.5 3.02625e-24
33 2.98435e-24
33.5 2.94245e-24
34 2.90055e-24
34.5 2.86933e-24
35 2.83811e-24
35.5 2.80689e-24
36 2.77567e-24
36.5 2.75187e-24
37 2.72808e-24
37.5 2.70428e-24
38 2.68048e-24
38.5 2.66195e-24
39 2.64341e-24
39.5 2.62488e-24
40 2.60635e-24
40.5 2.59159e-24
41 2.57684e-24
41.5 2.56209e-24
42 2.54734e-24
42.5 2.53533e-24
43 2.52332e-24
43.5 2.51131e-24
44 2.4993e-24
44.5 2.48929e-24
45 2.47928e-24
45.5 2.46927e-24
46 2.45926e-24
46.5 2.4507e-24
47 2.44214e-24
47.5 2.43358e-24
48 2.42502e-24
48.5 2.41752e-24
49 2.41001e-24
49.5 2.4025e-24
50 2.39499e-24
50.5 2.38822e-24
51 2.38146e-24
51.5 2.3747e-24
52 2.36794e-24
52.5 2.3617e-24
53 2.35545e-24
53.5 2.34921e-24
54 2.34297e-24
54.5 2.33707e-24
55 2.33118e-24
55.5 2.32528e-24
56 2.31938e-24
56.5 2.3137e-24
57 2.30802e-24
57.5 2.30234e-24
58 2.29665e-24
58.5 2.29109e-24
59 2.28552e-24
59.5 2.27995e-24
60 2.27438e-24
60.5 2.26885e-24
61 2.26332e-24
61.5 2.25779e-24
62 2.25226e-24
62.5 2.24671e-24
63 2.24116e-24
63.5 2.23561e-24
64 2.23006e-24
64.5 2.22444e-24
65 2.21883e-24
65.5 2.21321e-24
66 2.2076e-24
66.5 2.20189e-24
67 2.19619e-24
67.5 2.19048e-24
68 2.18477e-24
68.5 2.17895e-24
69 2.17312e-24
69.5 2.1673e-24
70 2.16147e-24
70.5 2.15552e-24
71 2.14956e-24
71.5 2.14361e-24
72 2.13766e-24
72.5 2.13156e-24
73 2.12547e-24
73.5 2.11937e-24
74 2.11328e-24
74.5 2.10704e-24
75 2.1008e-24
75.5 2.09457e-24
76 2.08833e-24
76.5 2.08195e-24
77 2.07557e-24
77.5 2.06918e-24
78 2.0628e-24
78.5 2.05628e-24
79 2.04976e-24
79.5 2.04324e-24
80 2.03672e-24
80.5 2.02997e-24
81 2.02322e-24
81.5 2.01647e-24
82 2.00972e-24
82.5 2.00297e-24
83 1.99622e-24
83.5 1.98947e-24
84 1.98273e-24
84.5 1.97598e-24
85 1.96923e-24
85.5 1.9622e-24
86 1.95518e-24
86.5 1.94815e-24
87 1.94112e-24
87.5 1.9341e-24
88 1.92707e-24
88.5 1.92004e-24
89 1.91302e-24
89.5 1.90599e-24
90 1.89897e-24
90.5 1.89174e-24
91 1.88451e-24
91.5 1.87728e-24
92 1.87006e-24
92.5 1.86283e-24
93 1.8556e-24
93.5 1.84838e-24
94 1.84115e-24
94.5 1.83392e-24
95 1.82669e-24
95.5 1.81935e-24
96 1.81201e-24
96.5 1.80467e-24
97 1.79733e-24
97.5 1.78999e-24
98 1.78265e-24
98.5 1.77531e-24
99 1.76797e-24
99.5 1.76063e-24
100 1.75329e-24
100.5 1.74597e-24
101 1.73865e-24
101.5 1.73133e-24
102 1.72401e-24
102.5 1.71668e-24
103 1.70936e-24
103.5 1.70204e-24
104 1.69472e-24
104.5 1.6874e-24
105 1.68007e-24
105.5 1.67275e-24
106 1.66543e-24
106.5 1.65811e-24
107 1.65079e-24
107.5 1.64346e-24
108 1.63614e-24
108.5 1.62882e-24
109 1.6215e-24
109.5 1.61418e-24
110 1.60685e-24
110.5 1.59987e-24
111 1.59288e-24
111.5 1.5859e-24
112 1.57891e-24
112.5 1.57192e-24
113 1.56494e-24
113.5 1.55795e-24
114 1.55096e-24
114.5 1.54398e-24
115 1.53699e-24
115.5 1.53001e-24
116 1.52302e-24
116.5 1.51603e-24
117 1.50905e-24
117.5 1.50206e-24
118 1.49507e-24
118.5 1.48809e-24
119 1.4811e-24
119.5 1.47411e-24
120 1.46713e-24
120.5 1.46082e-24
121 1.45452e-24
121.5 1.44822e-24
122 1.44191e-24
122.5 1.43561e-24
123 1.42931e-24
123.5 1.423e-24
124 1.4167e-24
124.5 1.4104e-24
125 1.40409e-24
125.5 1.39779e-24
126 1.39149e-24
126.5 1.38518e-24
127 1.37888e-24
127.5 1.37258e-24
128 1.36627e-24
128.5 1.35997e-24
129 1.35367e-24
129.5 1.34736e-24
130 1.34106e-24
