0.9 130 82
82
0.9 0
1 4.0901e-28
1.5 1.03761e-27
2 2.06587e-27
2.5 3.59687e-27
3 5.75036e-27
3.5 8.66759e-27
4 1.25177e-26
4.5 1.75067e-26
5 2.38902e-26
5.5 3.19914e-26
6 4.22258e-26
6.5 5.51342e-26
7 7.14288e-26
7.5 9.20584e-26
8 1.18305e-25
8.5 1.51921e-25
9 1.95323e-25
9.5 2.51787e-25
10 3.25477e-25
10.5 4.2066e-25
11 5.3862e-25
11.5 6.71045e-25
12 7.95736e-25
12.5 8.91381e-25
13 9.642e-25
13.5 1.0448e-24
14 1.16349e-24
14.5 1.34153e-24
15 1.5964e-24
15.5 1.94673e-24
16 2.41091e-24
16.5 2.99425e-24
17 3.65915e-24
17.5 4.29429e-24
18 4.74907e-24
18.5 4.95645e-24
19 4.98529e-24
19.5 4.94194e-24
20 4.88134e-24
21 4.69015e-24
22 4.31836e-24
23 3.79106e-24
24 3.22785e-24
25 2.7164e-24
26 2.28793e-24
27 1.94115e-24
28 1.66336e-24
29 1.44044e-24
30 1.26026e-24
32 9.92216e-25
34 8.07282e-25
36 6.75718e-25
38 5.79992e-25
40 5.09251e-25
42 4.5642e-25
44 4.16682e-25
46 3.86635e-25
48 3.63816e-25
50 3.46409e-25
52 3.33061e-25
54 3.22754e-25
56 3.14721e-25
58 3.08377e-25
60 3.0328e-25
62 2.99092e-25
64 2.95556e-25
66 2.92477e-25
68 2.89705e-25
70 2.87127e-25
72 2.84657e-25
74 2.82233e-25
76 2.79807e-25
78 2.77345e-25
80 2.74822e-25
85 2.68159e-25
90 2.60923e-25
95 2.53144e-25
100 2.44923e-25
110 2.27741e-25
120 2.10676e-25
130 1.95076e-25
