0.9 130 82
82
0.9 0
1 1.62686e-27
1.5 4.64399e-27
2 1.01033e-26
2.5 1.88714e-26
3 3.19788e-26
3.5 5.06816e-26
4 7.65466e-26
4.5 1.11568e-25
5 1.58333e-25
5.5 2.20231e-25
6 3.0169e-25
6.5 4.08254e-25
7 5.46011e-25
7.5 7.19417e-25
8 9.2778e-25
8.5 1.16662e-24
9 1.44083e-24
9.5 1.77492e-24
10 2.20514e-24
10.5 2.77024e-24
11 3.51193e-24
11.5 4.47797e-24
12 5.72166e-24
12.5 7.29473e-24
13 9.23123e-24
13.5 1.15178e-23
14 1.40432e-23
14.5 1.6543e-23
15 1.86091e-23
15.5 1.98332e-23
16 2.00222e-23
16.5 1.92935e-23
17 1.79666e-23
17.5 1.6381e-23
18 1.4786e-23
18.5 1.33241e-23
19 1.20571e-23
19.5 1.09977e-23
20 1.01293e-23
21 8.78558e-24
22 7.64866e-24
23 6.5213e-24
24 5.50288e-24
25 4.67446e-24
26 4.02372e-24
27 3.51053e-24
28 3.0992e-24
29 2.76372e-24
30 2.48592e-24
32 2.05594e-24
34 1.74388e-24
36 1.51295e-24
38 1.34032e-24
40 1.21067e-24
42 1.11314e-24
44 1.03973e-24
46 9.84499e-25
48 9.42937e-25
50 9.11629e-25
52 8.8798e-25
54 8.70012e-25
56 8.5622e-25
58 8.45458e-25
60 8.36851e-25
62 8.29735e-25
64 8.23605e-25
66 8.18081e-25
68 8.12874e-25
70 8.0777e-25
72 8.0261e-25
74 7.9728e-25
76 7.91699e-25
78 7.85811e-25
80 7.79582e-25
85 7.62427e-25
90 7.4306e-25
95 7.21754e-25
100 6.98924e-25
110 6.50653e-25
120 6.02337e-25
130 5.58005e-25
