0.9 130 84
84
0.9 0
1 6.97831e-28
1.5 1.88229e-27
2 3.93483e-27
2.5 7.13335e-27
3 1.18076e-26
3.5 1.83575e-26
4 2.72785e-26
4.5 3.91972e-26
5 5.49229e-26
5.25 6.45339e-26
5.5 7.5522e-26
5.75 8.80779e-26
6 1.02424e-25
6.5 1.37566e-25
7 1.8358e-25
7.5 2.43968e-25
8 3.23075e-25
8.5 4.25253e-25
9 5.5227e-25
9.5 6.99908e-25
10 8.61615e-25
10.5 1.04515e-24
11 1.28288e-24
11.5 1.61307e-24
12 2.02332e-24
12.5 2.5021e-24
13 3.16969e-24
13.5 4.13365e-24
14 5.46149e-24
14.5 7.1578e-24
15 9.0425e-24
15.5 1.06598e-23
16 1.15261e-23
16.5 1.16322e-23
17 1.14421e-23
17.5 1.14071e-23
18 1.16794e-23
18.5 1.21003e-23
19 1.23116e-23
19.5 1.19933e-23
20 1.11059e-23
21 8.55853e-24
22 6.31443e-24
23 4.74565e-24
24 3.68912e-24
25 2.96274e-24
26 2.44617e-24
27 2.06637e-24
28 1.77887e-24
29 1.55587e-24
30 1.37939e-24
32 1.12172e-24
34 9.47192e-25
36 8.25239e-25
38 7.38363e-25
40 6.7578e-25
42 6.30442e-25
44 5.97536e-25
46 5.73669e-25
48 5.56394e-25
50 5.43923e-25
52 5.3493e-25
54 5.28429e-25
56 5.23683e-25
58 5.20139e-25
60 5.17383e-25
62 5.15105e-25
64 5.13073e-25
66 5.11115e-25
68 5.09107e-25
70 5.06956e-25
72 5.04599e-25
74 5.01993e-25
76 4.9911e-25
78 4.95934e-25
80 4.9246e-25
85 4.82491e-25
90 4.70831e-25
95 4.57746e-25
100 4.43562e-25
110 4.13288e-25
120 3.82797e-25
130 3.54739e-25
