0.9 130 82
82
0.9 0
1 3.30514e-28
1.5 8.57967e-28
2 1.7411e-27
2.5 3.0816e-27
3 4.99914e-27
3.5 7.6372e-27
4 1.11709e-26
4.5 1.58181e-26
5 2.18557e-26
5.5 2.96435e-26
6 3.96563e-26
6.5 5.25288e-26
7 6.91168e-26
7.5 9.05818e-26
8 1.18498e-25
8.5 1.54956e-25
9 2.02514e-25
9.5 2.63591e-25
10 3.38485e-25
10.5 4.22138e-25
11 5.04619e-25
11.5 5.8185e-25
12 6.64848e-25
12.5 7.72768e-25
13 9.2373e-25
13.5 1.13491e-24
14 1.42674e-24
14.5 1.82665e-24
15 2.3708e-24
15.5 3.10141e-24
16 4.05173e-24
16.5 5.20474e-24
17 6.42005e-24
17.5 7.38937e-24
18 7.7679e-24
18.5 7.46009e-24
19 6.69605e-24
19.5 5.80173e-24
20 5.0103e-24
21 4.32753e-24
22 3.70528e-24
23 2.26645e-24
24 1.663e-24
25 1.32223e-24
26 1.09679e-24
27 9.36232e-25
28 8.16849e-25
29 7.25476e-25
30 6.54073e-25
32 5.51938e-25
34 4.85181e-25
36 4.40672e-25
38 4.10844e-25
40 3.90993e-25
42 3.78032e-25
44 3.69858e-25
46 3.65002e-25
48 3.62418e-25
50 3.61358e-25
52 3.61278e-25
54 3.61787e-25
56 3.626e-25
58 3.63511e-25
60 3.64372e-25
62 3.6508e-25
64 3.65561e-25
66 3.65766e-25
68 3.65664e-25
70 3.65238e-25
72 3.6448e-25
74 3.63389e-25
76 3.61971e-25
78 3.60235e-25
80 3.58194e-25
85 3.51859e-25
90 3.43982e-25
95 3.34859e-25
100 3.24792e-25
110 3.03003e-25
120 2.80857e-25
130 2.60395e-25
