0.5 130 260
260
0.5 0
1 2.75274e-27
1.5 7.95014e-27
2 1.74818e-26
2.5 3.30119e-26
3 5.66079e-26
3.5 9.09137e-26
4 1.39389e-25
4.5 2.0663e-25
5 2.98737e-25
5.5 4.2354e-25
6 5.90125e-25
6.5 8.07061e-25
7 1.08146e-24
7.5 1.42652e-24
8 1.87777e-24
8.5 2.50145e-24
9 3.39673e-24
9.5 4.71109e-24
10 6.67077e-24
10.5 9.60213e-24
11 1.38411e-23
11.5 1.92647e-23
12 2.45282e-23
12.5 2.75071e-23
13 2.76128e-23
13.5 2.6681e-23
14 2.65608e-23
14.5 2.77266e-23
15 2.96339e-23
15.5 3.12121e-23
16 3.14369e-23
16.5 2.99606e-23
17 2.72265e-23
17.5 2.39825e-23
18 2.0807e-23
18.5 1.79853e-23
19 1.55948e-23
19.5 1.36117e-23
20 1.19769e-23
20.5 1.07282e-23
21 9.47948e-24
21.5 8.60341e-24
22 7.72734e-24
22.5 7.09185e-24
23 6.45637e-24
23.5 5.98037e-24
24 5.50438e-24
24.5 5.1377e-24
25 4.77102e-24
25.5 4.48177e-24
26 4.19252e-24
26.5 3.95984e-24
27 3.72716e-24
27.5 3.53694e-24
28 3.34673e-24
28.5 3.18921e-24
29 3.03169e-24
29.5 2.89988e-24
30 2.76806e-24
30.5 2.66525e-24
31 2.56243e-24
31.5 2.45961e-24
32 2.3568e-24
32.5 2.28203e-24
33 2.20726e-24
33.5 2.13249e-24
34 2.05772e-24
34.5 2.00266e-24
35 1.9476e-24
35.5 1.89255e-24
36 1.83749e-24
36.5 1.79673e-24
37 1.75597e-24
37.5 1.71521e-24
38 1.67445e-24
38.5 1.64426e-24
39 1.61406e-24
39.5 1.58387e-24
40 1.55368e-24
40.5 1.53137e-24
41 1.50906e-24
41.5 1.48675e-24
42 1.46445e-24
42.5 1.44804e-24
43 1.43164e-24
43.5 1.41524e-24
44 1.39884e-24
44.5 1.38685e-24
45 1.37486e-24
45.5 1.36288e-24
46 1.35089e-24
46.5 1.34219e-24
47 1.33349e-24
47.5 1.32479e-24
48 1.31609e-24
48.5 1.30981e-24
49 1.30354e-24
49.5 1.29727e-24
50 1.29099e-24
50.5 1.28649e-24
51 1.28199e-24
51.5 1.27749e-24
52 1.27299e-24
52.5 1.26976e-24
53 1.26653e-24
53.5 1.2633e-24
54 1.26008e-24
54.5 1.25774e-24
55 1.25541e-24
55.5 1.25307e-24
56 1.25073e-24
56.5 1.249e-24
57 1.24727e-24
57.5 1.24554e-24
58 1.24381e-24
58.5 1.24247e-24
59 1.24112e-24
59.5 1.23978e-24
60 1.23843e-24
60.5 1.23731e-24
61 1.23619e-24
61.5 1.23506e-24
62 1.23394e-24
62.5 1.23292e-24
63 1.23189e-24
63.5 1.23087e-24
64 1.22984e-24
64.5 1.22882e-24
65 1.22781e-24
65.5 1.22679e-24
66 1.22577e-24
66.5 1.22469e-24
67 1.22361e-24
67.5 1.22253e-24
68 1.22146e-24
68.5 1.22027e-24
69 1.21908e-24
69.5 1.2179e-24
70 1.21671e-24
70.5 1.21538e-24
71 1.21405e-24
71.5 1.21272e-24
72 1.21139e-24
72.5 1.2099e-24
73 1.20841e-24
73.5 1.20691e-24
74 1.20542e-24
74.5 1.20375e-24
75 1.20208e-24
75.5 1.2004e-24
76 1.19873e-24
76.5 1.19688e-24
77 1.19502e-24
77.5 1.19316e-24
78 1.1913e-24
78.5 1.18926e-24
79 1.18721e-24
79.5 1.18517e-24
80 1.18313e-24
80.5 1.18076e-24
81 1.1784e-24
81.5 1.17604e-24
82 1.17367e-24
82.5 1.17131e-24
83 1.16895e-24
83.5 1.16659e-24
84 1.16422e-24
84.5 1.16186e-24
85 1.1595e-24
85.5 1.15672e-24
86 1.15394e-24
86.5 1.15116e-24
87 1.14838e-24
87.5 1.1456e-24
88 1.14282e-24
88.5 1.14004e-24
89 1.13726e-24
89.5 1.13448e-24
90 1.1317e-24
90.5 1.12857e-24
91 1.12544e-24
91.5 1.12231e-24
92 1.11918e-24
92.5 1.11605e-24
93 1.11292e-24
93.5 1.10979e-24
94 1.10666e-24
94.5 1.10353e-24
95 1.1004e-24
95.5 1.097e-24
96 1.09361e-24
96.5 1.09021e-24
97 1.08681e-24
97.5 1.08341e-24
98 1.08001e-24
98.5 1.07661e-24
99 1.07322e-24
99.5 1.06982e-24
100 1.06642e-24
100.5 1.06279e-24
101 1.05916e-24
101.5 1.05552e-24
102 1.05189e-24
102.5 1.04826e-24
103 1.04463e-24
103.5 1.041e-24
104 1.03736e-24
104.5 1.03373e-24
105 1.0301e-24
105.5 1.02647e-24
106 1.02284e-24
106.5 1.01921e-24
107 1.01557e-24
107.5 1.01194e-24
108 1.00831e-24
108.5 1.00468e-24
109 1.00105e-24
109.5 9.97415e-25
110 9.93783e-25
110.5 9.90121e-25
111 9.8646e-25
111.5 9.82798e-25
112 9.79137e-25
112.5 9.75476e-25
113 9.71814e-25
113.5 9.68153e-25
114 9.64491e-25
114.5 9.6083e-25
115 9.57168e-25
115.5 9.53507e-25
116 9.49845e-25
116.5 9.46184e-25
117 9.42523e-25
117.5 9.38861e-25
118 9.352e-25
118.5 9.31538e-25
119 9.27877e-25
119.5 9.24215e-25
120 9.20554e-25
120.5 9.17183e-25
121 9.13813e-25
121.5 9.10442e-25
122 9.07071e-25
122.5 9.03701e-25
123 9.0033e-25
123.5 8.9696e-25
124 8.93589e-25
124.5 8.90218e-25
125 8.86848e-25
125.5 8.83477e-25
126 8.80106e-25
126.5 8.76736e-25
127 8.73365e-25
127.5 8.69994e-25
128 8.66624e-25
128.5 8.63253e-25
129 8.59883e-25
129.5 8.56512e-25
130 8.53141e-25
