1 130 259
259
1 0
1.5 3.61405e-30
2 6.18092e-28
2.5 1.25198e-27
3 2.64887e-27
3.5 1.29285e-26
4 5.83824e-26
4.5 2.09444e-25
5 1.53157e-25
5.5 8.92921e-26
6 7.53629e-26
6.5 8.75243e-26
7 1.17762e-25
7.5 1.47257e-25
8 1.32552e-25
8.5 1.08322e-25
9 9.72637e-26
9.5 1.02933e-25
10 1.6766e-25
10.5 1.7691e-25
11 1.89334e-25
11.5 2.15194e-25
12 2.41077e-25
12.5 2.6338e-25
13 2.44348e-25
13.5 2.70327e-25
14 2.93619e-25
14.5 3.03818e-25
15 3.01696e-25
15.5 2.9736e-25
16 3.00257e-25
16.5 3.1446e-25
17 3.39604e-25
17.5 3.64577e-25
18 3.75865e-25
18.5 3.77817e-25
19 3.71806e-25
19.5 3.57863e-25
20 3.40122e-25
20.5 3.24485e-25
21 3.16125e-25
21.5 3.1743e-25
22 3.27267e-25
22.5 3.39058e-25
23 3.384e-25
23.5 3.17473e-25
24 2.90886e-25
24.5 2.7044e-25
25 2.5925e-25
25.5 2.5725e-25
26 2.64074e-25
26.5 2.79392e-25
27 2.98541e-25
27.5 3.15222e-25
28 3.20539e-25
28.5 3.12206e-25
29 2.96665e-25
29.5 2.8159e-25
30 2.70594e-25
30.5 2.64079e-25
31 2.61333e-25
31.5 2.6133e-25
32 2.63161e-25
32.5 2.66042e-25
33 2.69291e-25
33.5 2.72432e-25
34 2.7501e-25
34.5 2.76641e-25
35 2.77054e-25
35.5 2.76066e-25
36 2.73622e-25
36.5 2.69748e-25
37 2.64575e-25
37.5 2.58281e-25
38 2.51074e-25
38.5 2.43213e-25
39 2.34925e-25
39.5 2.26415e-25
40 2.17857e-25
40.5 2.09401e-25
41 2.01172e-25
41.5 1.93297e-25
42 1.85844e-25
42.5 1.78883e-25
43 1.72433e-25
43.5 1.66578e-25
44 1.61321e-25
44.5 1.5669e-25
45 1.52697e-25
45.5 1.49328e-25
46 1.4659e-25
46.5 1.44481e-25
47 1.4301e-25
47.5 1.42155e-25
48 1.41904e-25
48.5 1.42237e-25
49 1.43068e-25
49.5 1.44321e-25
50 1.45838e-25
50.5 1.47394e-25
51 1.4874e-25
51.5 1.4955e-25
52 1.49564e-25
52.5 1.4855e-25
53 1.46407e-25
53.5 1.43208e-25
54 1.39136e-25
54.5 1.3445e-25
55 1.29427e-25
55.5 1.24316e-25
56 1.1931e-25
56.5 1.14548e-25
57 1.10094e-25
57.5 1.05995e-25
58 1.02258e-25
58.5 9.88745e-26
59 9.58076e-26
59.5 9.30431e-26
60 9.05485e-26
60.5 8.8295e-26
61 8.62547e-26
61.5 8.44043e-26
62 8.27222e-26
62.5 8.11864e-26
63 7.97682e-26
63.5 7.84676e-26
64 7.72716e-26
64.5 7.6168e-26
65 7.51476e-26
65.5 7.42002e-26
66 7.33191e-26
66.5 7.24969e-26
67 7.17281e-26
67.5 7.10072e-26
68 7.03292e-26
68.5 6.96908e-26
69 6.90869e-26
69.5 6.8516e-26
70 6.79741e-26
70.5 6.74578e-26
71 6.69666e-26
71.5 6.64972e-26
72 6.60473e-26
72.5 6.56163e-26
73 6.51967e-26
73.5 6.47931e-26
74 6.44047e-26
74.5 6.40294e-26
75 6.36664e-26
75.5 6.33148e-26
76 6.29735e-26
76.5 6.26417e-26
77 6.23194e-26
77.5 6.20046e-26
78 6.16984e-26
78.5 6.13988e-26
79 6.11059e-26
79.5 6.08186e-26
80 6.05371e-26
80.5 6.02775e-26
81 6.00179e-26
81.5 5.97583e-26
82 5.94987e-26
82.5 5.92391e-26
83 5.89796e-26
83.5 5.872e-26
84 5.84604e-26
84.5 5.82008e-26
85 5.79412e-26
85.5 5.77068e-26
86 5.74724e-26
86.5 5.7238e-26
87 5.70037e-26
87.5 5.67693e-26
88 5.65349e-26
88.5 5.63005e-26
89 5.60661e-26
89.5 5.58317e-26
90 5.55973e-26
90.5 5.54709e-26
91 5.53444e-26
91.5 5.52179e-26
92 5.50914e-26
92.5 5.4965e-26
93 5.48385e-26
93.5 5.4712e-26
94 5.45856e-26
94.5 5.44591e-26
95 5.43326e-26
95.5 5.41902e-26
96 5.40478e-26
96.5 5.39054e-26
97 5.3763e-26
97.5 5.36206e-26
98 5.34781e-26
98.5 5.33357e-26
99 5.31933e-26
99.5 5.30509e-26
100 5.29085e-26
100.5 5.27548e-26
101 5.26012e-26
101.5 5.24475e-26
102 5.22939e-26
102.5 5.21402e-26
103 5.19866e-26
103.5 5.18329e-26
104 5.16792e-26
104.5 5.15256e-26
105 5.13719e-26
105.5 5.12121e-26
106 5.10522e-26
106.5 5.08923e-26
107 5.07324e-26
107.5 5.05726e-26
108 5.04127e-26
108.5 5.02528e-26
109 5.00929e-26
109.5 4.99331e-26
110 4.97732e-26
110.5 4.96111e-26
111 4.94491e-26
111.5 4.9287e-26
112 4.9125e-26
112.5 4.89629e-26
113 4.88009e-26
113.5 4.86388e-26
114 4.84768e-26
114.5 4.83147e-26
115 4.81527e-26
115.5 4.79926e-26
116 4.78325e-26
116.5 4.76725e-26
117 4.75124e-26
117.5 4.73523e-26
118 4.71923e-26
118.5 4.70322e-26
119 4.68721e-26
119.5 4.67121e-26
120 4.6552e-26
120.5 4.63979e-26
121 4.62437e-26
121.5 4.60896e-26
122 4.59355e-26
122.5 4.57814e-26
123 4.56273e-26
123.5 4.54731e-26
124 4.5319e-26
124.5 4.51649e-26
125 4.50108e-26
125.5 4.4866e-26
126 4.47212e-26
126.5 4.45764e-26
127 4.44316e-26
127.5 4.42869e-26
128 4.41421e-26
128.5 4.39973e-26
129 4.38525e-26
129.5 4.37078e-26
130 4.3563e-26
