0.75 130 518
518
0.75 0
1 6.33873e-27
1.25 1.21304e-26
1.5 1.7922e-26
1.75 2.84844e-26
2 3.90469e-26
2.25 5.63485e-26
2.5 7.365e-26
2.75 1.00292e-25
3 1.26934e-25
3.25 1.66445e-25
3.5 2.05955e-25
3.75 2.6317e-25
4 3.20385e-25
4.25 4.01829e-25
4.5 4.83273e-25
4.75 5.94277e-25
5 7.0528e-25
5.25 7.91438e-25
5.5 6.24067e-25
5.75 2.55138e-25
6 1.07666e-25
6.25 9.6497e-26
6.5 8.5328e-26
6.75 1.20045e-25
7 1.54762e-25
7.25 2.74525e-25
7.5 3.94288e-25
7.75 5.86533e-25
8 7.78779e-25
8.25 1.131e-24
8.5 1.48322e-24
8.75 2.14965e-24
9 2.81607e-24
9.25 3.99185e-24
9.5 5.16763e-24
9.75 7.11129e-24
10 9.05494e-24
10.25 1.17463e-23
10.5 1.44377e-23
10.75 1.6715e-23
11 1.89922e-23
11.25 1.96844e-23
11.5 2.03767e-23
11.75 2.0295e-23
12 2.02133e-23
12.25 2.01377e-23
12.5 2.00621e-23
12.75 2.02554e-23
13 2.04487e-23
13.25 2.0495e-23
13.5 2.05413e-23
13.75 1.9713e-23
14 1.88848e-23
14.25 1.73336e-23
14.5 1.57824e-23
14.75 1.42242e-23
15 1.26659e-23
15.25 1.16288e-23
15.5 1.05917e-23
15.75 1.00432e-23
16 9.49476e-24
16.25 9.26436e-24
16.5 9.03397e-24
16.75 8.9493e-24
17 8.86464e-24
17.25 8.71814e-24
17.5 8.57164e-24
17.75 8.25869e-24
18 7.94574e-24
18.25 7.36197e-24
18.5 6.77821e-24
18.75 6.11963e-24
19 5.46106e-24
19.25 4.84693e-24
19.5 4.2328e-24
19.75 3.74695e-24
20 3.2611e-24
20.25 2.96869e-24
20.5 2.67628e-24
20.75 2.38386e-24
21 2.09145e-24
21.25 1.95469e-24
21.5 1.81792e-24
21.75 1.68115e-24
22 1.54439e-24
22.25 1.4888e-24
22.5 1.43322e-24
22.75 1.37763e-24
23 1.32204e-24
23.25 1.31883e-24
23.5 1.31562e-24
23.75 1.31241e-24
24 1.3092e-24
24.25 1.33689e-24
24.5 1.36457e-24
24.75 1.39225e-24
25 1.41993e-24
25.25 1.45944e-24
25.5 1.49895e-24
25.75 1.53846e-24
26 1.57797e-24
26.25 1.60603e-24
26.5 1.63409e-24
26.75 1.66215e-24
27 1.69021e-24
27.25 1.68647e-24
27.5 1.68273e-24
27.75 1.67899e-24
28 1.67524e-24
28.25 1.64106e-24
28.5 1.60687e-24
28.75 1.57268e-24
29 1.53849e-24
29.25 1.49069e-24
29.5 1.44289e-24
29.75 1.39509e-24
30 1.34729e-24
30.25 1.31304e-24
30.5 1.27879e-24
30.75 1.24454e-24
31 1.21029e-24
31.25 1.17604e-24
31.5 1.14179e-24
31.75 1.10754e-24
32 1.07328e-24
32.25 1.04415e-24
32.5 1.01502e-24
32.75 9.85894e-25
33 9.56763e-25
33.25 9.27632e-25
33.5 8.98502e-25
33.75 8.69371e-25
34 8.40241e-25
34.25 8.19536e-25
34.5 7.98831e-25
34.75 7.78126e-25
35 7.57422e-25
35.25 7.36717e-25
35.5 7.16012e-25
35.75 6.95307e-25
36 6.74602e-25
36.25 6.61174e-25
36.5 6.47747e-25
36.75 6.34319e-25
37 6.20891e-25
37.25 6.07463e-25
37.5 5.94035e-25
37.75 5.80608e-25
38 5.6718e-25
38.25 5.60035e-25
38.5 5.5289e-25
38.75 5.45746e-25
39 5.38601e-25
39.25 5.31456e-25
39.5 5.24311e-25
39.75 5.17167e-25
40 5.10022e-25
40.25 5.06737e-25
40.5 5.03451e-25
40.75 5.00166e-25
41 4.96881e-25
41.25 4.93596e-25
41.5 4.90311e-25
41.75 4.87025e-25
42 4.8374e-25
42.25 4.81318e-25
42.5 4.78895e-25
42.75 4.76473e-25
43 4.74051e-25
43.25 4.71628e-25
43.5 4.69206e-25
43.75 4.66783e-25
44 4.64361e-25
44.25 4.62251e-25
44.5 4.60141e-25
44.75 4.5803e-25
45 4.5592e-25
45.25 4.5381e-25
45.5 4.51699e-25
45.75 4.49589e-25
46 4.47479e-25
46.25 4.45859e-25
46.5 4.44238e-25
46.75 4.42617e-25
47 4.40997e-25
47.25 4.39376e-25
47.5 4.37756e-25
47.75 4.36135e-25
48 4.34515e-25
48.25 4.32723e-25
48.5 4.3093e-25
48.75 4.29138e-25
49 4.27345e-25
49.25 4.25553e-25
49.5 4.23761e-25
49.75 4.21968e-25
50 4.20176e-25
50.25 4.1928e-25
50.5 4.18383e-25
50.75 4.17487e-25
51 4.16591e-25
51.25 4.15694e-25
51.5 4.14798e-25
51.75 4.13901e-25
52 4.13005e-25
52.25 4.11949e-25
52.5 4.10892e-25
52.75 4.09836e-25
53 4.0878e-25
53.25 4.07723e-25
53.5 4.06667e-25
53.75 4.0561e-25
54 4.04554e-25
54.25 4.03873e-25
54.5 4.03193e-25
54.75 4.02512e-25
55 4.01832e-25
55.25 4.01151e-25
55.5 4.0047e-25
55.75 3.9979e-25
56 3.99109e-25
56.25 3.98913e-25
56.5 3.98718e-25
56.75 3.98522e-25
57 3.98326e-25
57.25 3.98131e-25
57.5 3.97935e-25
57.75 3.9774e-25
58 3.97544e-25
58.25 3.96882e-25
58.5 3.96221e-25
58.75 3.95559e-25
59 3.94898e-25
59.25 3.94237e-25
59.5 3.93575e-25
59.75 3.92914e-25
60 3.92252e-25
60.25 3.91719e-25
60.5 3.91186e-25
60.75 3.90653e-25
61 3.9012e-25
61.25 3.89588e-25
61.5 3.89055e-25
61.75 3.88522e-25
62 3.87989e-25
62.25 3.87416e-25
62.5 3.86844e-25
62.75 3.86271e-25
63 3.85698e-25
63.25 3.85125e-25
63.5 3.84552e-25
63.75 3.8398e-25
64 3.83407e-25
64.25 3.82453e-25
64.5 3.81498e-25
64.75 3.80543e-25
65 3.79589e-25
65.25 3.78635e-25
65.5 3.7768e-25
65.75 3.76725e-25
66 3.75771e-25
66.25 3.74882e-25
66.5 3.73992e-25
66.75 3.73103e-25
67 3.72213e-25
67.25 3.71324e-25
67.5 3.70435e-25
67.75 3.69545e-25
68 3.68656e-25
68.25 3.68159e-25
68.5 3.67662e-25
68.75 3.67165e-25
69 3.66667e-25
69.25 3.6617e-25
69.5 3.65673e-25
69.75 3.65176e-25
70 3.64679e-25
70.25 3.64022e-25
70.5 3.63364e-25
70.75 3.62707e-25
71 3.6205e-25
71.25 3.61392e-25
71.5 3.60735e-25
71.75 3.60077e-25
72 3.5942e-25
72.25 3.5768e-25
72.5 3.5594e-25
72.75 3.542e-25
73 3.5246e-25
73.25 3.5072e-25
73.5 3.4898e-25
73.75 3.4724e-25
74 3.455e-25
74.25 3.44971e-25
74.5 3.44443e-25
74.75 3.43915e-25
75 3.43386e-25
75.25 3.42857e-25
75.5 3.42329e-25
75.75 3.41801e-25
76 3.41272e-25
76.25 3.40432e-25
76.5 3.39592e-25
76.75 3.38752e-25
77 3.37912e-25
77.25 3.37071e-25
77.5 3.36231e-25
77.75 3.35391e-25
78 3.34551e-25
78.25 3.32976e-25
78.5 3.314e-25
78.75 3.29825e-25
79 3.28249e-25
79.25 3.26673e-25
79.5 3.25098e-25
79.75 3.23522e-25
80 3.21947e-25
80.25 3.21287e-25
80.5 3.20626e-25
80.75 3.19966e-25
81 3.19305e-25
81.25 3.18645e-25
81.5 3.17985e-25
81.75 3.17324e-25
82 3.16664e-25
82.25 3.16003e-25
82.5 3.15343e-25
82.75 3.14683e-25
83 3.14022e-25
83.25 3.13362e-25
83.5 3.12701e-25
83.75 3.12041e-25
84 3.11381e-25
84.25 3.1072e-25
84.5 3.1006e-25
84.75 3.09399e-25
85 3.08739e-25
85.25 3.07589e-25
85.5 3.0644e-25
85.75 3.0529e-25
86 3.04141e-25
86.25 3.02991e-25
86.5 3.01841e-25
86.75 3.00692e-25
87 2.99542e-25
87.25 2.98393e-25
87.5 2.97243e-25
87.75 2.96093e-25
88 2.94944e-25
88.25 2.93794e-25
88.5 2.92645e-25
88.75 2.91495e-25
89 2.90345e-25
89.25 2.89196e-25
89.5 2.88046e-25
89.75 2.86897e-25
90 2.85747e-25
90.25 2.84817e-25
90.5 2.83888e-25
90.75 2.82958e-25
91 2.82028e-25
91.25 2.81099e-25
91.5 2.80169e-25
91.75 2.79239e-25
92 2.7831e-25
92.25 2.7738e-25
92.5 2.76451e-25
92.75 2.75521e-25
93 2.74591e-25
93.25 2.73662e-25
93.5 2.72732e-25
93.75 2.71802e-25
94 2.70873e-25
94.25 2.69943e-25
94.5 2.69013e-25
94.75 2.68084e-25
95 2.67154e-25
95.25 2.66192e-25
95.5 2.65231e-25
95.75 2.64269e-25
96 2.63308e-25
96.25 2.62347e-25
96.5 2.61385e-25
96.75 2.60423e-25
97 2.59462e-25
97.25 2.585e-25
97.5 2.57539e-25
97.75 2.56578e-25
98 2.55616e-25
98.25 2.54655e-25
98.5 2.53693e-25
98.75 2.52731e-25
99 2.5177e-25
99.25 2.50809e-25
99.5 2.49847e-25
99.75 2.48886e-25
100 2.47924e-25
100.25 2.47188e-25
100.5 2.46451e-25
100.75 2.45715e-25
101 2.44978e-25
101.25 2.44242e-25
101.5 2.43506e-25
101.75 2.42769e-25
102 2.42033e-25
102.25 2.41296e-25
102.5 2.4056e-25
102.75 2.39824e-25
103 2.39087e-25
103.25 2.38351e-25
103.5 2.37614e-25
103.75 2.36878e-25
104 2.36142e-25
104.25 2.35405e-25
104.5 2.34669e-25
104.75 2.33932e-25
105 2.33196e-25
105.25 2.3246e-25
105.5 2.31723e-25
105.75 2.30987e-25
106 2.3025e-25
106.25 2.29514e-25
106.5 2.28778e-25
106.75 2.28041e-25
107 2.27305e-25
107.25 2.26568e-25
107.5 2.25832e-25
107.75 2.25096e-25
108 2.24359e-25
108.25 2.23623e-25
108.5 2.22886e-25
108.75 2.2215e-25
109 2.21414e-25
109.25 2.20677e-25
109.5 2.19941e-25
109.75 2.19204e-25
110 2.18468e-25
110.25 2.17751e-25
110.5 2.17033e-25
110.75 2.16316e-25
111 2.15598e-25
111.25 2.14881e-25
111.5 2.14163e-25
111.75 2.13446e-25
112 2.12728e-25
112.25 2.12011e-25
112.5 2.11293e-25
112.75 2.10576e-25
113 2.09858e-25
113.25 2.09141e-25
113.5 2.08423e-25
113.75 2.07706e-25
114 2.06988e-25
114.25 2.06271e-25
114.5 2.05553e-25
114.75 2.04836e-25
115 2.04119e-25
115.25 2.03401e-25
115.5 2.02684e-25
115.75 2.01966e-25
116 2.01249e-25
116.25 2.00531e-25
116.5 1.99814e-25
116.75 1.99096e-25
117 1.98379e-25
117.25 1.97661e-25
117.5 1.96944e-25
117.75 1.96226e-25
118 1.95509e-25
118.25 1.94791e-25
118.5 1.94074e-25
118.75 1.93356e-25
119 1.92639e-25
119.25 1.91921e-25
119.5 1.91204e-25
119.75 1.90486e-25
120 1.89769e-25
120.25 1.89108e-25
120.5 1.88448e-25
120.75 1.87787e-25
121 1.87127e-25
121.25 1.86466e-25
121.5 1.85806e-25
121.75 1.85145e-25
122 1.84485e-25
122.25 1.83824e-25
122.5 1.83164e-25
122.75 1.82503e-25
123 1.81842e-25
123.25 1.81182e-25
123.5 1.80521e-25
123.75 1.79861e-25
124 1.792e-25
124.25 1.7854e-25
124.5 1.77879e-25
124.75 1.77219e-25
125 1.76558e-25
125.25 1.75897e-25
125.5 1.75237e-25
125.75 1.74576e-25
126 1.73916e-25
126.25 1.73255e-25
126.5 1.72595e-25
126.75 1.71934e-25
127 1.71274e-25
127.25 1.70613e-25
127.5 1.69953e-25
127.75 1.69292e-25
128 1.68631e-25
128.25 1.67971e-25
128.5 1.6731e-25
128.75 1.6665e-25
129 1.65989e-25
129.25 1.65329e-25
129.5 1.64668e-25
129.75 1.64008e-25
130 1.63347e-25
