0.9 130 82
82
0.9 0
1 1.43733e-27
1.5 4.10976e-27
2 8.95417e-27
2.5 1.67496e-26
3 2.84279e-26
3.5 4.51329e-26
4 6.83012e-26
4.5 9.97751e-26
5 1.41957e-25
5.5 1.98005e-25
6 2.72013e-25
6.5 3.68964e-25
7 4.93913e-25
7.5 6.49794e-25
8 8.35739e-25
8.5 1.05245e-24
9 1.31376e-24
9.5 1.64849e-24
10 2.09302e-24
10.5 2.68982e-24
11 3.4923e-24
11.5 4.57069e-24
12 6.01634e-24
12.5 7.94296e-24
13 1.04771e-23
13.5 1.3709e-23
14 1.75547e-23
14.5 2.15387e-23
15 2.47114e-23
15.5 2.60739e-23
16 2.53364e-23
16.5 2.30936e-23
17 2.0233e-23
17.5 1.73968e-23
18 1.48851e-23
18.5 1.27746e-23
19 1.10403e-23
19.5 9.62422e-24
20 8.46574e-24
21 6.70233e-24
22 5.46417e-24
23 4.56346e-24
24 3.88677e-24
25 3.36408e-24
26 2.95085e-24
27 2.61782e-24
28 2.34521e-24
29 2.11927e-24
30 1.93016e-24
32 1.63541e-24
34 1.42184e-24
36 1.26558e-24
38 1.15093e-24
40 1.06692e-24
42 1.00563e-24
44 9.61204e-25
46 9.29254e-25
48 9.06484e-25
50 8.90409e-25
52 8.79157e-25
54 8.71316e-25
56 8.65826e-25
58 8.61889e-25
60 8.58908e-25
62 8.56437e-25
64 8.54146e-25
66 8.51792e-25
68 8.492e-25
70 8.46246e-25
72 8.42844e-25
74 8.38939e-25
76 8.34501e-25
78 8.29514e-25
80 8.23978e-25
85 8.07824e-25
90 7.88665e-25
95 7.67004e-25
100 7.43421e-25
110 6.92912e-25
120 6.41923e-25
130 5.94954e-25
