0.9 130 82
82
0.9 0
1 2.36839e-27
1.5 6.82856e-27
2 1.49899e-26
2.5 2.82536e-26
3 4.83465e-26
3.5 7.74594e-26
4 1.18438e-25
4.5 1.75042e-25
5 2.52263e-25
5.5 3.56578e-25
6 4.95743e-25
6.5 6.77482e-25
7 9.07803e-25
7.5 1.19473e-24
8 1.56168e-24
8.5 2.05794e-24
9 2.75964e-24
9.5 3.77751e-24
10 5.27797e-24
10.5 7.50023e-24
11 1.06974e-23
11.5 1.47852e-23
12 1.86368e-23
12.5 2.06116e-23
13 2.09756e-23
13.5 2.14363e-23
14 2.29532e-23
14.5 2.54511e-23
15 2.81689e-23
15.5 2.99912e-23
16 3.00634e-23
16.5 2.83601e-23
17 2.55489e-23
17.5 2.23963e-23
18 1.94018e-23
18.5 1.67796e-23
19 1.45715e-23
19.5 1.2742e-23
20 1.12323e-23
21 8.91837e-24
22 7.28757e-24
23 6.10008e-24
24 5.20801e-24
25 4.51926e-24
26 3.97499e-24
27 3.53649e-24
28 3.17754e-24
29 2.87989e-24
30 2.6305e-24
32 2.24072e-24
34 1.95661e-24
36 1.74697e-24
38 1.59151e-24
40 1.47621e-24
42 1.39094e-24
44 1.3282e-24
46 1.28232e-24
48 1.24901e-24
50 1.22498e-24
52 1.20773e-24
54 1.19535e-24
56 1.1864e-24
58 1.17976e-24
60 1.1746e-24
62 1.1703e-24
64 1.16638e-24
66 1.16249e-24
68 1.15838e-24
70 1.15387e-24
72 1.14881e-24
74 1.14314e-24
76 1.13679e-24
78 1.12974e-24
80 1.12198e-24
85 1.09956e-24
90 1.07319e-24
95 1.04352e-24
100 1.01128e-24
110 9.42401e-25
120 8.72957e-25
130 8.09029e-25
