0.9 130 82
82
0.9 0
1 1.45667e-27
1.5 4.15234e-27
2 9.02833e-27
2.5 1.6863e-26
3 2.85873e-26
3.5 4.53433e-26
4 6.85653e-26
4.5 1.00092e-25
5 1.42318e-25
5.5 1.98397e-25
6 2.72419e-25
6.5 3.69386e-25
7 4.94432e-25
7.5 6.50652e-25
8 8.37221e-25
8.5 1.05437e-24
9 1.31518e-24
9.5 1.64814e-24
10 2.08965e-24
10.5 2.68198e-24
11 3.47785e-24
11.5 4.54627e-24
12 5.97669e-24
12.5 7.88015e-24
13 1.03808e-23
13.5 1.3571e-23
14 1.73802e-23
14.5 2.13622e-23
15 2.45972e-23
15.5 2.60791e-23
16 2.5465e-23
16.5 2.33013e-23
17 2.04679e-23
17.5 1.76248e-23
18 1.50907e-23
18.5 1.29539e-23
19 1.11946e-23
19.5 9.7566e-24
20 8.57968e-24
21 6.78823e-24
22 5.53082e-24
23 4.6166e-24
24 3.93017e-24
25 3.40025e-24
26 2.9815e-24
27 2.64417e-24
28 2.36813e-24
29 2.1394e-24
30 1.948e-24
32 1.64974e-24
34 1.43365e-24
36 1.27553e-24
38 1.15949e-24
40 1.07443e-24
42 1.01234e-24
44 9.67302e-25
46 9.34883e-25
48 9.11751e-25
50 8.95395e-25
52 8.83924e-25
54 8.75911e-25
56 8.70285e-25
58 8.66239e-25
60 8.63168e-25
62 8.60623e-25
64 8.58269e-25
66 8.5586e-25
68 8.53218e-25
70 8.50219e-25
72 8.46774e-25
74 8.42828e-25
76 8.3835e-25
78 8.33323e-25
80 8.27747e-25
85 8.11491e-25
90 7.92224e-25
95 7.70451e-25
100 7.46751e-25
110 6.96002e-25
120 6.44776e-25
130 5.97594e-25
