0.9 130 84
84
0.9 0
1 6.92803e-27
1.5 1.97741e-26
2 4.33441e-26
2.5 8.20773e-26
3 1.41798e-25
3.5 2.30329e-25
4 3.58268e-25
4.5 5.39664e-25
5 7.91005e-25
5.25 9.43031e-25
5.5 1.07901e-24
5.75 1.03243e-24
6 6.59354e-25
6.5 4.45648e-25
7 1.91502e-24
7.5 2.66919e-24
8 3.89605e-24
8.5 5.53376e-24
9 7.91776e-24
9.5 1.14401e-23
10 1.6326e-23
10.5 2.20679e-23
11 2.67555e-23
11.5 2.86319e-23
12 2.87191e-23
12.5 2.91728e-23
13 2.94432e-23
13.5 2.68406e-23
14 2.33199e-23
14.5 1.9245e-23
15 1.56988e-23
15.5 1.28256e-23
16 1.06393e-23
16.5 8.95894e-24
17 7.60766e-24
17.5 6.54543e-24
18 5.5038e-24
18.5 4.46443e-24
19 3.46695e-24
19.5 2.62589e-24
20 2.01937e-24
21 1.45958e-24
22 1.42253e-24
23 1.4794e-24
24 1.59464e-24
25 1.66066e-24
26 1.61303e-24
27 1.35409e-24
28 1.02219e-24
29 7.65112e-25
30 6.25803e-25
32 5.95512e-25
34 5.89446e-25
36 4.89508e-25
38 4.49474e-25
40 5.12544e-25
42 5.92535e-25
44 5.82158e-25
46 5.16058e-25
48 4.56184e-25
50 4.1788e-25
52 3.91346e-25
54 3.75065e-25
56 3.66605e-25
58 3.6415e-25
60 3.65251e-25
62 3.6645e-25
64 3.65411e-25
66 3.65375e-25
68 3.63265e-25
70 3.61767e-25
72 3.60119e-25
74 3.5674e-25
76 3.53543e-25
78 3.51343e-25
80 3.48273e-25
85 3.37671e-25
90 3.27421e-25
95 3.15975e-25
100 3.01559e-25
110 2.65137e-25
120 2.39521e-25
130 2.16735e-25
