4.999 130 247
247
4.999 0
5 3.01438e-26
5.25 3.51295e-26
5.5 4.07455e-26
5.75 4.70617e-26
6 5.41571e-26
6.25 6.21205e-26
6.6 7.49195e-26
6.75 8.1062e-26
6.94293 8.97168e-26
7 9.2277e-26
7.06888 9.57372e-26
7.25 1.04836e-25
7.32 1.08773e-25
7.36403 1.11249e-25
7.5 1.18895e-25
7.75 1.34628e-25
7.92719 1.47104e-25
8 1.5223e-25
8.1748 1.65995e-25
8.23203 1.70503e-25
8.23504 1.7074e-25
8.23593 1.7081e-25
8.25 1.71918e-25
8.47128 1.91408e-25
8.5 1.93938e-25
8.75 2.18563e-25
8.82702 2.27048e-25
8.95813 2.41491e-25
9 2.46103e-25
9.03876 2.5088e-25
9.14136 2.63524e-25
9.15793 2.65566e-25
9.19539 2.70182e-25
9.20974 2.71951e-25
9.22393 2.73699e-25
9.25 2.76912e-25
9.25438 2.77516e-25
9.30876 2.85015e-25
9.32293 2.8697e-25
9.34133 2.89507e-25
9.36945 2.93385e-25
9.44055 3.0319e-25
9.49793 3.11103e-25
9.5 3.11389e-25
9.50609 3.12329e-25
9.52493 3.15238e-25
9.56463 3.21368e-25
9.62198 3.30223e-25
9.63753 3.32624e-25
9.67024 3.37675e-25
9.68393 3.39788e-25
9.69563 3.41595e-25
9.75 3.4999e-25
9.76503 3.5259e-25
9.76659 3.5286e-25
9.77137 3.53687e-25
9.81621 3.61444e-25
9.86793 3.70391e-25
9.89635 3.75307e-25
9.91911 3.79245e-25
9.92693 3.80597e-25
9.9347 3.81942e-25
9.94875 3.84372e-25
9.96443 3.87084e-25
9.97093 3.88209e-25
9.97885 3.89579e-25
9.98029 3.89828e-25
9.98283 3.90268e-25
9.9829 3.9028e-25
10 3.93238e-25
10.1462 4.21594e-25
10.2287 4.37614e-25
10.2404 4.39868e-25
10.25 4.41736e-25
10.334 4.03891e-25
10.4477 3.52686e-25
10.4544 3.49664e-25
10.4794 3.13773e-25
10.498 4.78756e-25
10.5 4.96183e-25
10.5076 4.8756e-25
10.5662 4.69788e-25
10.5973 4.84609e-25
10.608 4.89713e-25
10.75 5.57385e-25
10.753 5.55846e-25
10.8137 5.25023e-25
10.8201 5.21793e-25
10.8284 5.21063e-25
10.902 5.36895e-25
10.907 5.37976e-25
10.9119 5.3903e-25
10.9609 5.87571e-25
10.9936 6.19965e-25
11 6.26275e-25
11.1182 6.6301e-25
11.1535 6.73974e-25
11.218 6.94018e-25
11.2249 6.96162e-25
11.2441 7.02127e-25
11.25 7.03951e-25
11.2504 7.04024e-25
11.2657 7.06621e-25
11.3401 7.19318e-25
11.3748 7.34498e-25
11.379 7.36335e-25
11.4525 7.68413e-25
11.4946 7.86762e-25
11.4987 7.89206e-25
11.5 7.9024e-25
11.5033 7.91111e-25
11.5046 7.91471e-25
11.522 7.96213e-25
11.5299 7.98365e-25
11.5787 8.11989e-25
11.5874 8.14438e-25
11.594 8.16311e-25
11.601 8.18298e-25
11.6391 8.29094e-25
11.6618 8.40271e-25
11.6769 8.47693e-25
11.6865 8.52396e-25
11.691 8.5458e-25
11.704 8.62614e-25
11.704 8.62632e-25
11.75 8.90997e-25
11.8059 8.94936e-25
11.8079 8.95301e-25
11.8234 8.99238e-25
11.8313 9.01263e-25
11.8726 9.11992e-25
11.8784 9.14419e-25
11.879 9.14789e-25
11.8893 9.21171e-25
11.9678 9.69875e-25
11.977 9.77618e-25
11.9788 9.79324e-25
12 1.00363e-24
12.0032 1.00393e-24
12.0092 1.00497e-24
12.0601 1.01889e-24
12.1243 1.04374e-24
12.1837 1.07556e-24
12.1949 1.08161e-24
12.2038 1.08757e-24
12.2116 1.09464e-24
12.2324 1.1134e-24
12.25 1.13165e-24
12.2677 1.13724e-24
12.2824 1.14188e-24
12.2974 1.14662e-24
12.3202 1.15588e-24
12.3217 1.15654e-24
12.3221 1.15683e-24
12.5 1.2775e-24
12.75 1.444e-24
13 1.63449e-24
13.25 1.8528e-24
13.5 2.10335e-24
13.75 2.39118e-24
14 2.72171e-24
14.25 3.10072e-24
14.5 3.53396e-24
14.75 4.02619e-24
15 4.58048e-24
15.01 4.60512e-24
15.184 5.03387e-24
15.25 5.1965e-24
15.5 5.86783e-24
15.75 6.5805e-24
16 7.31075e-24
16.25 8.02502e-24
16.5 8.6829e-24
16.573 8.84665e-24
16.75 9.24368e-24
17 9.67544e-24
17.169 9.87014e-24
17.25 9.96345e-24
17.408 1.00567e-23
17.5 1.01111e-23
17.75 1.01492e-23
18 1.01152e-23
18.25 1.00394e-23
18.5 9.95042e-24
18.75 9.872e-24
19 9.8028e-24
19.026 9.77907e-24
19.25 9.70936e-24
19.317 9.67398e-24
19.5 9.57737e-24
19.75 9.37955e-24
20 9.08437e-24
20.249 8.67727e-24
20.5 8.2669e-24
21 7.32429e-24
21.5 6.44002e-24
22 5.70313e-24
22.5 5.11308e-24
22.83 4.79589e-24
23 4.63249e-24
23.5 4.23356e-24
24 3.8844e-24
24.5 3.57226e-24
25 3.28253e-24
25.054 3.25362e-24
25.5 3.01486e-24
25.743 2.89908e-24
26 2.77663e-24
26.5 2.55817e-24
26.757 2.4606e-24
27 2.36835e-24
27.5 2.20249e-24
27.52 2.19647e-24
27.77 2.12118e-24
27.7704 2.12107e-24
27.967 2.06186e-24
28 2.05192e-24
28.5 1.92455e-24
29 1.8085e-24
30 1.62109e-24
30.402 1.56265e-24
31 1.47574e-24
32 1.36207e-24
33 1.27564e-24
34 1.20263e-24
35 1.14582e-24
36 1.10177e-24
36.251 1.09222e-24
37 1.06372e-24
38 1.03315e-24
39 1.01241e-24
40 9.92336e-25
41 9.78871e-25
42 9.6711e-25
43 9.58134e-25
44 9.51451e-25
45 9.45095e-25
50 9.37133e-25
55 9.3678e-25
60 9.24324e-25
70 8.57877e-25
80 8.63829e-25
90 8.53075e-25
100 8.20406e-25
120 7.19628e-25
130 6.71851e-25
