0.5 130 260
260
0.5 0
1 2.96191e-27
1.5 8.47727e-27
2 1.85638e-26
2.5 3.50274e-26
3 6.01781e-26
3.5 9.7068e-26
4 1.49839e-25
4.5 2.24226e-25
5 3.28236e-25
5.5 4.72881e-25
6 6.72491e-25
6.5 9.43926e-25
7 1.30651e-24
7.5 1.79038e-24
8 2.44974e-24
8.5 3.34094e-24
9 4.44936e-24
9.5 5.69043e-24
10 7.14203e-24
10.5 9.32014e-24
11 1.32673e-23
11.5 2.03163e-23
12 2.86617e-23
12.5 2.96145e-23
13 2.53463e-23
13.5 2.31638e-23
14 2.37887e-23
14.5 2.61181e-23
15 2.88555e-23
15.5 3.06489e-23
16 3.05935e-23
16.5 2.87227e-23
17 2.57687e-23
17.5 2.25198e-23
18 1.94675e-23
18.5 1.68126e-23
19 1.45862e-23
19.5 1.27464e-23
20 1.12309e-23
20.5 1.00712e-23
21 8.91154e-24
21.5 8.09552e-24
22 7.2795e-24
22.5 6.68609e-24
23 6.09268e-24
23.5 5.64749e-24
24 5.20229e-24
24.5 4.85903e-24
25 4.51577e-24
25.5 4.24487e-24
26 3.97398e-24
26.5 3.75601e-24
27 3.53804e-24
27.5 3.35983e-24
28 3.18161e-24
28.5 3.03398e-24
29 2.88635e-24
29.5 2.76277e-24
30 2.63918e-24
30.5 2.5427e-24
31 2.44622e-24
31.5 2.34974e-24
32 2.25326e-24
32.5 2.18299e-24
33 2.11273e-24
33.5 2.04246e-24
34 1.9722e-24
34.5 1.92038e-24
35 1.86856e-24
35.5 1.81675e-24
36 1.76493e-24
36.5 1.72652e-24
37 1.68812e-24
37.5 1.64971e-24
38 1.61131e-24
38.5 1.58284e-24
39 1.55437e-24
39.5 1.5259e-24
40 1.49743e-24
40.5 1.4764e-24
41 1.45536e-24
41.5 1.43433e-24
42 1.41329e-24
42.5 1.39783e-24
43 1.38238e-24
43.5 1.36692e-24
44 1.35146e-24
44.5 1.34018e-24
45 1.3289e-24
45.5 1.31762e-24
46 1.30634e-24
46.5 1.29817e-24
47 1.29e-24
47.5 1.28183e-24
48 1.27366e-24
48.5 1.26779e-24
49 1.26192e-24
49.5 1.25605e-24
50 1.25017e-24
50.5 1.24598e-24
51 1.24178e-24
51.5 1.23758e-24
52 1.23338e-24
52.5 1.23039e-24
53 1.22739e-24
53.5 1.2244e-24
54 1.2214e-24
54.5 1.21925e-24
55 1.21709e-24
55.5 1.21494e-24
56 1.21278e-24
56.5 1.21119e-24
57 1.2096e-24
57.5 1.20801e-24
58 1.20642e-24
58.5 1.20519e-24
59 1.20396e-24
59.5 1.20273e-24
60 1.2015e-24
60.5 1.20047e-24
61 1.19944e-24
61.5 1.19841e-24
62 1.19738e-24
62.5 1.19644e-24
63 1.19549e-24
63.5 1.19455e-24
64 1.1936e-24
64.5 1.19265e-24
65 1.19171e-24
65.5 1.19076e-24
66 1.18981e-24
66.5 1.1888e-24
67 1.18779e-24
67.5 1.18678e-24
68 1.18577e-24
68.5 1.18464e-24
69 1.18352e-24
69.5 1.18239e-24
70 1.18127e-24
70.5 1.18e-24
71 1.17874e-24
71.5 1.17747e-24
72 1.17621e-24
72.5 1.17478e-24
73 1.17335e-24
73.5 1.17192e-24
74 1.17049e-24
74.5 1.16888e-24
75 1.16727e-24
75.5 1.16567e-24
76 1.16406e-24
76.5 1.16227e-24
77 1.16048e-24
77.5 1.15869e-24
78 1.1569e-24
78.5 1.15493e-24
79 1.15296e-24
79.5 1.15098e-24
80 1.14901e-24
80.5 1.14672e-24
81 1.14444e-24
81.5 1.14215e-24
82 1.13987e-24
82.5 1.13758e-24
83 1.13529e-24
83.5 1.13301e-24
84 1.13072e-24
84.5 1.12844e-24
85 1.12615e-24
85.5 1.12346e-24
86 1.12076e-24
86.5 1.11807e-24
87 1.11538e-24
87.5 1.11268e-24
88 1.10999e-24
88.5 1.10729e-24
89 1.1046e-24
89.5 1.10191e-24
90 1.09921e-24
90.5 1.09618e-24
91 1.09314e-24
91.5 1.09011e-24
92 1.08707e-24
92.5 1.08403e-24
93 1.081e-24
93.5 1.07796e-24
94 1.07493e-24
94.5 1.07189e-24
95 1.06886e-24
95.5 1.06556e-24
96 1.06226e-24
96.5 1.05896e-24
97 1.05567e-24
97.5 1.05237e-24
98 1.04907e-24
98.5 1.04577e-24
99 1.04247e-24
99.5 1.03918e-24
100 1.03588e-24
100.5 1.03235e-24
101 1.02883e-24
101.5 1.0253e-24
102 1.02177e-24
102.5 1.01825e-24
103 1.01472e-24
103.5 1.01119e-24
104 1.00767e-24
104.5 1.00414e-24
105 1.00062e-24
105.5 9.97091e-25
106 9.93565e-25
106.5 9.90038e-25
107 9.86512e-25
107.5 9.82986e-25
108 9.7946e-25
108.5 9.75934e-25
109 9.72408e-25
109.5 9.68882e-25
110 9.65356e-25
110.5 9.618e-25
111 9.58244e-25
111.5 9.54689e-25
112 9.51133e-25
112.5 9.47577e-25
113 9.44021e-25
113.5 9.40465e-25
114 9.3691e-25
114.5 9.33354e-25
115 9.29798e-25
115.5 9.26242e-25
116 9.22686e-25
116.5 9.1913e-25
117 9.15575e-25
117.5 9.12019e-25
118 9.08463e-25
118.5 9.04907e-25
119 9.01351e-25
119.5 8.97796e-25
120 8.9424e-25
120.5 8.90966e-25
121 8.87692e-25
121.5 8.84418e-25
122 8.81145e-25
122.5 8.77871e-25
123 8.74597e-25
123.5 8.71323e-25
124 8.6805e-25
124.5 8.64776e-25
125 8.61502e-25
125.5 8.58228e-25
126 8.54954e-25
126.5 8.51681e-25
127 8.48407e-25
127.5 8.45133e-25
128 8.41859e-25
128.5 8.38585e-25
129 8.35312e-25
129.5 8.32038e-25
130 8.28764e-25
