0.9 130 82
82
0.9 0
1 7.93628e-27
1.5 2.44546e-26
2 5.43464e-26
2.5 1.09026e-25
3 1.95823e-25
3.5 3.08779e-25
4 4.46845e-25
4.5 6.16115e-25
5 8.25782e-25
5.5 1.08586e-24
6 1.40354e-24
6.5 1.778e-24
7 2.20412e-24
7.5 2.6948e-24
8 3.30239e-24
8.5 4.08732e-24
9 5.14352e-24
9.5 6.59609e-24
10 8.63779e-24
10.5 1.15855e-23
11 1.59623e-23
11.5 2.25258e-23
12 3.16928e-23
12.5 4.11981e-23
13 4.62919e-23
13.5 4.76683e-23
14 4.80554e-23
14.5 4.66945e-23
15 4.26478e-23
15.5 3.67846e-23
16 3.06415e-23
16.5 2.51943e-23
17 2.07426e-23
17.5 1.72294e-23
18 1.44852e-23
18.5 1.23373e-23
19 1.06426e-23
19.5 9.29135e-24
20 8.20173e-24
21 6.55122e-24
22 5.40487e-24
23 4.58046e-24
24 3.97023e-24
25 3.5077e-24
26 3.15019e-24
27 2.86935e-24
28 2.64575e-24
29 2.4657e-24
30 2.31934e-24
32 2.1005e-24
34 1.95003e-24
36 1.84467e-24
38 1.7699e-24
40 1.71629e-24
42 1.6775e-24
44 1.64917e-24
46 1.62821e-24
48 1.61242e-24
50 1.60018e-24
52 1.59033e-24
54 1.58197e-24
56 1.57447e-24
58 1.56734e-24
60 1.56022e-24
62 1.55284e-24
64 1.54502e-24
66 1.53661e-24
68 1.52752e-24
70 1.51769e-24
72 1.50708e-24
74 1.49569e-24
76 1.48351e-24
78 1.47056e-24
80 1.45685e-24
85 1.41957e-24
90 1.37851e-24
95 1.33446e-24
100 1.28828e-24
110 1.19308e-24
120 1.09988e-24
130 1.01532e-24
