0.5 130 260
260
0.5 0
1 4.0928e-28
1.5 1.03362e-27
2 2.05029e-27
2.5 3.55867e-27
3 5.67429e-27
3.5 8.53345e-27
4 1.22994e-26
4.5 1.71708e-26
5 2.33938e-26
5.5 3.12796e-26
6 4.12271e-26
6.5 5.37544e-26
7 6.9542e-26
7.5 8.94936e-26
8 1.14826e-25
8.5 1.47202e-25
9 1.88912e-25
9.5 2.43097e-25
10 3.13881e-25
10.5 4.05938e-25
11 5.2228e-25
11.5 6.58481e-25
12 7.95849e-25
12.5 9.08376e-25
13 9.9045e-25
13.5 1.06821e-24
14 1.17683e-24
14.5 1.3431e-24
15 1.58729e-24
15.5 1.92912e-24
16 2.3874e-24
16.5 2.96725e-24
17 3.62922e-24
17.5 4.25723e-24
18 4.69452e-24
18.5 4.87282e-24
19 4.86842e-24
19.5 4.79867e-24
20 4.72653e-24
20.5 4.64447e-24
21 4.5624e-24
21.5 4.40709e-24
22 4.25178e-24
22.5 4.01221e-24
23 3.77264e-24
23.5 3.5016e-24
24 3.23057e-24
24.5 2.97658e-24
25 2.72259e-24
25.5 2.50655e-24
26 2.29051e-24
26.5 2.1146e-24
27 1.93868e-24
27.5 1.79757e-24
28 1.65646e-24
28.5 1.54336e-24
29 1.43026e-24
29.5 1.33905e-24
30 1.24784e-24
30.5 1.18028e-24
31 1.11271e-24
31.5 1.04515e-24
32 9.77581e-25
32.5 9.31228e-25
33 8.84875e-25
33.5 8.38522e-25
34 7.9217e-25
34.5 7.59357e-25
35 7.26545e-25
35.5 6.93732e-25
36 6.6092e-25
36.5 6.37143e-25
37 6.13365e-25
37.5 5.89588e-25
38 5.65811e-25
38.5 5.48295e-25
39 5.3078e-25
39.5 5.13264e-25
40 4.95749e-25
40.5 4.82699e-25
41 4.6965e-25
41.5 4.56601e-25
42 4.43552e-25
42.5 4.33754e-25
43 4.23956e-25
43.5 4.14158e-25
44 4.0436e-25
44.5 3.96961e-25
45 3.89562e-25
45.5 3.82163e-25
46 3.74764e-25
46.5 3.69149e-25
47 3.63534e-25
47.5 3.5792e-25
48 3.52305e-25
48.5 3.48024e-25
49 3.43743e-25
49.5 3.39463e-25
50 3.35182e-25
50.5 3.319e-25
51 3.28618e-25
51.5 3.25336e-25
52 3.22055e-25
52.5 3.19521e-25
53 3.16987e-25
53.5 3.14453e-25
54 3.11919e-25
54.5 3.09944e-25
55 3.07969e-25
55.5 3.05993e-25
56 3.04018e-25
56.5 3.02458e-25
57 3.00898e-25
57.5 2.99339e-25
58 2.97779e-25
58.5 2.96526e-25
59 2.95272e-25
59.5 2.94019e-25
60 2.92766e-25
60.5 2.91737e-25
61 2.90707e-25
61.5 2.89678e-25
62 2.88649e-25
62.5 2.8778e-25
63 2.86912e-25
63.5 2.86043e-25
64 2.85175e-25
64.5 2.84419e-25
65 2.83663e-25
65.5 2.82907e-25
66 2.82152e-25
66.5 2.81472e-25
67 2.80793e-25
67.5 2.80113e-25
68 2.79434e-25
68.5 2.78803e-25
69 2.78173e-25
69.5 2.77542e-25
70 2.76911e-25
70.5 2.76308e-25
71 2.75705e-25
71.5 2.75102e-25
72 2.74499e-25
72.5 2.73908e-25
73 2.73317e-25
73.5 2.72726e-25
74 2.72135e-25
74.5 2.71544e-25
75 2.70954e-25
75.5 2.70363e-25
76 2.69773e-25
76.5 2.69175e-25
77 2.68576e-25
77.5 2.67978e-25
78 2.67379e-25
78.5 2.66767e-25
79 2.66155e-25
79.5 2.65543e-25
80 2.6493e-25
80.5 2.64285e-25
81 2.63639e-25
81.5 2.62994e-25
82 2.62348e-25
82.5 2.61702e-25
83 2.61057e-25
83.5 2.60411e-25
84 2.59766e-25
84.5 2.5912e-25
85 2.58474e-25
85.5 2.57775e-25
86 2.57075e-25
86.5 2.56375e-25
87 2.55676e-25
87.5 2.54976e-25
88 2.54276e-25
88.5 2.53576e-25
89 2.52877e-25
89.5 2.52177e-25
90 2.51477e-25
90.5 2.50726e-25
91 2.49974e-25
91.5 2.49223e-25
92 2.48471e-25
92.5 2.4772e-25
93 2.46968e-25
93.5 2.46217e-25
94 2.45465e-25
94.5 2.44714e-25
95 2.43962e-25
95.5 2.43169e-25
96 2.42375e-25
96.5 2.41581e-25
97 2.40788e-25
97.5 2.39994e-25
98 2.39201e-25
98.5 2.38407e-25
99 2.37613e-25
99.5 2.3682e-25
100 2.36026e-25
100.5 2.35197e-25
101 2.34369e-25
101.5 2.3354e-25
102 2.32711e-25
102.5 2.31882e-25
103 2.31054e-25
103.5 2.30225e-25
104 2.29396e-25
104.5 2.28567e-25
105 2.27739e-25
105.5 2.2691e-25
106 2.26081e-25
106.5 2.25252e-25
107 2.24424e-25
107.5 2.23595e-25
108 2.22766e-25
108.5 2.21937e-25
109 2.21109e-25
109.5 2.2028e-25
110 2.19451e-25
110.5 2.18628e-25
111 2.17806e-25
111.5 2.16983e-25
112 2.1616e-25
112.5 2.15338e-25
113 2.14515e-25
113.5 2.13692e-25
114 2.1287e-25
114.5 2.12047e-25
115 2.11224e-25
115.5 2.10402e-25
116 2.09579e-25
116.5 2.08756e-25
117 2.07934e-25
117.5 2.07111e-25
118 2.06288e-25
118.5 2.05466e-25
119 2.04643e-25
119.5 2.0382e-25
120 2.02997e-25
120.5 2.02245e-25
121 2.01494e-25
121.5 2.00742e-25
122 1.9999e-25
122.5 1.99238e-25
123 1.98486e-25
123.5 1.97734e-25
124 1.96982e-25
124.5 1.9623e-25
125 1.95478e-25
125.5 1.94726e-25
126 1.93974e-25
126.5 1.93222e-25
127 1.9247e-25
127.5 1.91718e-25
128 1.90966e-25
128.5 1.90214e-25
129 1.89462e-25
129.5 1.8871e-25
130 1.87958e-25
