0.5 130 260
260
0.5 0
1 9.97927e-27
1.5 2.89187e-26
2 6.08929e-26
2.5 1.12277e-25
3 1.9227e-25
3.5 3.02569e-25
4 4.42222e-25
4.5 6.15378e-25
5 8.30982e-25
5.5 1.09928e-24
6 1.42813e-24
6.5 1.81523e-24
7 2.25313e-24
7.5 2.75609e-24
8 3.37667e-24
8.5 4.17902e-24
9 5.2532e-24
9.5 6.72741e-24
10 8.79468e-24
10.5 1.17709e-23
11 1.61752e-23
11.5 2.27584e-23
12 3.19442e-23
12.5 4.14918e-23
13 4.65433e-23
13.5 4.76859e-23
14 4.79434e-23
14.5 4.68854e-23
15 4.33955e-23
15.5 3.79405e-23
16 3.19181e-23
16.5 2.63993e-23
17 2.18012e-23
17.5 1.81324e-23
18 1.5249e-23
18.5 1.29844e-23
19 1.11943e-23
19.5 9.76554e-24
20 8.61286e-24
20.5 7.74048e-24
21 6.86811e-24
21.5 6.26234e-24
22 5.65657e-24
22.5 5.22104e-24
23 4.78551e-24
23.5 4.46319e-24
24 4.14086e-24
24.5 3.89654e-24
25 3.65222e-24
25.5 3.46333e-24
26 3.27444e-24
26.5 3.12598e-24
27 2.97752e-24
27.5 2.85923e-24
28 2.74095e-24
28.5 2.64561e-24
29 2.55027e-24
29.5 2.47268e-24
30 2.39508e-24
30.5 2.33694e-24
31 2.27881e-24
31.5 2.22067e-24
32 2.16253e-24
32.5 2.12239e-24
33 2.08226e-24
33.5 2.04212e-24
34 2.00199e-24
34.5 1.97374e-24
35 1.94549e-24
35.5 1.91724e-24
36 1.88899e-24
36.5 1.86881e-24
37 1.84863e-24
37.5 1.82845e-24
38 1.80828e-24
38.5 1.79369e-24
39 1.77911e-24
39.5 1.76453e-24
40 1.74995e-24
40.5 1.73929e-24
41 1.72864e-24
41.5 1.71799e-24
42 1.70733e-24
42.5 1.69946e-24
43 1.69159e-24
43.5 1.68372e-24
44 1.67585e-24
44.5 1.66996e-24
45 1.66406e-24
45.5 1.65817e-24
46 1.65227e-24
46.5 1.64777e-24
47 1.64327e-24
47.5 1.63876e-24
48 1.63426e-24
48.5 1.63073e-24
49 1.6272e-24
49.5 1.62367e-24
50 1.62014e-24
50.5 1.61727e-24
51 1.6144e-24
51.5 1.61152e-24
52 1.60865e-24
52.5 1.60621e-24
53 1.60377e-24
53.5 1.60133e-24
54 1.59889e-24
54.5 1.59671e-24
55 1.59452e-24
55.5 1.59234e-24
56 1.59016e-24
56.5 1.5881e-24
57 1.58605e-24
57.5 1.58399e-24
58 1.58194e-24
58.5 1.57992e-24
59 1.5779e-24
59.5 1.57588e-24
60 1.57386e-24
60.5 1.5718e-24
61 1.56974e-24
61.5 1.56769e-24
62 1.56563e-24
62.5 1.56348e-24
63 1.56133e-24
63.5 1.55918e-24
64 1.55704e-24
64.5 1.55476e-24
65 1.55249e-24
65.5 1.55021e-24
66 1.54794e-24
66.5 1.54551e-24
67 1.54308e-24
67.5 1.54065e-24
68 1.53822e-24
68.5 1.53563e-24
69 1.53303e-24
69.5 1.53043e-24
70 1.52783e-24
70.5 1.52505e-24
71 1.52227e-24
71.5 1.51949e-24
72 1.51671e-24
72.5 1.51374e-24
73 1.51077e-24
73.5 1.50781e-24
74 1.50484e-24
74.5 1.50169e-24
75 1.49853e-24
75.5 1.49538e-24
76 1.49223e-24
76.5 1.48889e-24
77 1.48555e-24
77.5 1.48221e-24
78 1.47888e-24
78.5 1.47536e-24
79 1.47184e-24
79.5 1.46832e-24
80 1.4648e-24
80.5 1.46099e-24
81 1.45718e-24
81.5 1.45337e-24
82 1.44956e-24
82.5 1.44576e-24
83 1.44195e-24
83.5 1.43814e-24
84 1.43433e-24
84.5 1.43052e-24
85 1.42671e-24
85.5 1.42253e-24
86 1.41836e-24
86.5 1.41419e-24
87 1.41001e-24
87.5 1.40584e-24
88 1.40167e-24
88.5 1.39749e-24
89 1.39332e-24
89.5 1.38914e-24
90 1.38497e-24
90.5 1.38051e-24
91 1.37604e-24
91.5 1.37158e-24
92 1.36712e-24
92.5 1.36265e-24
93 1.35819e-24
93.5 1.35373e-24
94 1.34926e-24
94.5 1.3448e-24
95 1.34034e-24
95.5 1.33567e-24
96 1.331e-24
96.5 1.32634e-24
97 1.32167e-24
97.5 1.317e-24
98 1.31233e-24
98.5 1.30766e-24
99 1.303e-24
99.5 1.29833e-24
100 1.29366e-24
100.5 1.28886e-24
101 1.28406e-24
101.5 1.27926e-24
102 1.27446e-24
102.5 1.26966e-24
103 1.26486e-24
103.5 1.26006e-24
104 1.25526e-24
104.5 1.25045e-24
105 1.24565e-24
105.5 1.24085e-24
106 1.23605e-24
106.5 1.23125e-24
107 1.22645e-24
107.5 1.22165e-24
108 1.21685e-24
108.5 1.21205e-24
109 1.20725e-24
109.5 1.20245e-24
110 1.19765e-24
110.5 1.19296e-24
111 1.18826e-24
111.5 1.18357e-24
112 1.17888e-24
112.5 1.17419e-24
113 1.1695e-24
113.5 1.1648e-24
114 1.16011e-24
114.5 1.15542e-24
115 1.15073e-24
115.5 1.14604e-24
116 1.14134e-24
116.5 1.13665e-24
117 1.13196e-24
117.5 1.12727e-24
118 1.12258e-24
118.5 1.11788e-24
119 1.11319e-24
119.5 1.1085e-24
120 1.10381e-24
120.5 1.09956e-24
121 1.0953e-24
121.5 1.09105e-24
122 1.0868e-24
122.5 1.08254e-24
123 1.07829e-24
123.5 1.07404e-24
124 1.06978e-24
124.5 1.06553e-24
125 1.06128e-24
125.5 1.05702e-24
126 1.05277e-24
126.5 1.04852e-24
127 1.04426e-24
127.5 1.04001e-24
128 1.03576e-24
128.5 1.0315e-24
129 1.02725e-24
129.5 1.023e-24
130 1.01874e-24
