6.5 130 248
248
6.5 0
7 2.8515e-29
7.5 3.09425e-28
8 7.82734e-28
8.5 1.51629e-27
9 2.25027e-27
9.5 3.39725e-27
10 8.20024e-26
10.5 1.15267e-25
11 1.48531e-25
11.5 1.87836e-25
12 2.2714e-25
12.5 2.87647e-25
13 3.48154e-25
13.5 4.47664e-25
14 5.47174e-25
14.5 7.1557e-25
15 8.83967e-25
15.5 1.16608e-24
16 1.4482e-24
16.5 1.88039e-24
17 2.29843e-24
17.5 2.8544e-24
18 3.39872e-24
18.5 3.96105e-24
19 4.41624e-24
19.5 4.67263e-24
20 4.69944e-24
20.5 4.54149e-24
21 4.27843e-24
21.5 3.96712e-24
22 3.62485e-24
22.5 3.29603e-24
23 2.94999e-24
23.5 2.7064e-24
24 2.4628e-24
24.5 2.31147e-24
25 2.16013e-24
25.5 2.05642e-24
26 1.95271e-24
26.5 1.855e-24
27 1.75728e-24
27.5 1.65811e-24
28 1.55894e-24
28.5 1.46676e-24
29 1.37458e-24
29.5 1.29682e-24
30 1.21905e-24
30.5 1.15609e-24
31 1.09314e-24
31.5 1.04246e-24
32 9.91786e-25
32.5 9.50628e-25
33 9.0947e-25
33.5 8.75574e-25
34 8.41678e-25
34.5 8.13323e-25
35 7.84968e-25
35.5 7.60903e-25
36 7.36838e-25
36.5 7.16129e-25
37 6.9542e-25
37.5 6.77393e-25
38 6.59367e-25
38.5 6.435e-25
39 6.27632e-25
39.5 6.13534e-25
40 5.99436e-25
40.5 5.8741e-25
41 5.75384e-25
41.5 5.63358e-25
42 5.51332e-25
42.5 5.41393e-25
43 5.31454e-25
43.5 5.21515e-25
44 5.11577e-25
44.5 5.03161e-25
45 4.94746e-25
45.5 4.86331e-25
46 4.77916e-25
46.5 4.70649e-25
47 4.63382e-25
47.5 4.56115e-25
48 4.48848e-25
48.5 4.42472e-25
49 4.36096e-25
49.5 4.29721e-25
50 4.23345e-25
50.5 4.17756e-25
51 4.12168e-25
51.5 4.06579e-25
52 4.0099e-25
52.5 3.95811e-25
53 3.90631e-25
53.5 3.85451e-25
54 3.80272e-25
54.5 3.75396e-25
55 3.7052e-25
55.5 3.65644e-25
56 3.60768e-25
56.5 3.56788e-25
57 3.52808e-25
57.5 3.48829e-25
58 3.44849e-25
58.5 3.42124e-25
59 3.394e-25
59.5 3.36676e-25
60 3.33951e-25
60.5 3.32136e-25
61 3.30321e-25
61.5 3.28507e-25
62 3.26692e-25
62.5 3.25261e-25
63 3.2383e-25
63.5 3.22399e-25
64 3.20967e-25
64.5 3.19642e-25
65 3.18316e-25
65.5 3.16991e-25
66 3.15665e-25
66.5 3.14423e-25
67 3.13181e-25
67.5 3.11939e-25
68 3.10697e-25
68.5 3.09514e-25
69 3.08331e-25
69.5 3.07148e-25
70 3.05965e-25
70.5 3.04831e-25
71 3.03698e-25
71.5 3.02564e-25
72 3.01431e-25
72.5 3.0033e-25
73 2.99229e-25
73.5 2.98128e-25
74 2.97027e-25
74.5 2.95951e-25
75 2.94875e-25
75.5 2.93799e-25
76 2.92723e-25
76.5 2.91668e-25
77 2.90612e-25
77.5 2.89557e-25
78 2.88502e-25
78.5 2.87457e-25
79 2.86412e-25
79.5 2.85368e-25
80 2.84323e-25
80.5 2.83284e-25
81 2.82245e-25
81.5 2.81205e-25
82 2.80166e-25
82.5 2.79136e-25
83 2.78106e-25
83.5 2.77077e-25
84 2.76047e-25
84.5 2.75019e-25
85 2.73992e-25
85.5 2.72962e-25
86 2.71932e-25
86.5 2.70905e-25
87 2.69877e-25
87.5 2.6885e-25
88 2.67822e-25
88.5 2.66799e-25
89 2.65777e-25
89.5 2.64754e-25
90 2.63731e-25
90.5 2.62708e-25
91 2.61685e-25
91.5 2.60661e-25
92 2.59638e-25
92.5 2.58615e-25
93 2.57591e-25
93.5 2.56568e-25
94 2.55545e-25
94.5 2.54522e-25
95 2.53498e-25
95.5 2.52479e-25
96 2.5146e-25
96.5 2.50441e-25
97 2.49422e-25
97.5 2.48403e-25
98 2.47384e-25
98.5 2.46365e-25
99 2.45346e-25
99.5 2.44327e-25
100 2.43308e-25
100.5 2.42301e-25
101 2.41294e-25
101.5 2.40286e-25
102 2.39279e-25
102.5 2.38272e-25
103 2.37264e-25
103.5 2.36257e-25
104 2.3525e-25
104.5 2.34242e-25
105 2.33235e-25
105.5 2.32248e-25
106 2.31262e-25
106.5 2.30275e-25
107 2.29289e-25
107.5 2.28303e-25
108 2.27316e-25
108.5 2.2633e-25
109 2.25343e-25
109.5 2.24357e-25
110 2.2337e-25
110.5 2.22412e-25
111 2.21454e-25
111.5 2.20496e-25
112 2.19538e-25
112.5 2.18579e-25
113 2.17621e-25
113.5 2.16663e-25
114 2.15705e-25
114.5 2.14747e-25
115 2.13789e-25
115.5 2.12873e-25
116 2.11957e-25
116.5 2.11041e-25
117 2.10125e-25
117.5 2.0921e-25
118 2.08294e-25
118.5 2.07378e-25
119 2.06462e-25
119.5 2.05546e-25
120 2.0463e-25
120.5 2.03798e-25
121 2.02966e-25
121.5 2.02133e-25
122 2.01301e-25
122.5 2.00468e-25
123 1.99636e-25
123.5 1.98803e-25
124 1.97971e-25
124.5 1.97139e-25
125 1.96306e-25
125.5 1.95474e-25
126 1.94641e-25
126.5 1.93809e-25
127 1.92976e-25
127.5 1.92144e-25
128 1.91311e-25
128.5 1.90479e-25
129 1.89647e-25
129.5 1.88814e-25
130 1.87982e-25
