0.9 130 82
82
0.9 0
1 7.21351e-28
1.5 1.93612e-27
2 4.02985e-27
2.5 7.27542e-27
3 1.19922e-26
3.5 1.85616e-26
4 2.74486e-26
4.5 3.92308e-26
5 5.46411e-26
5.5 7.4629e-26
6 1.00446e-25
6.5 1.33765e-25
7 1.7684e-25
7.5 2.32678e-25
8 3.05129e-25
8.5 3.98457e-25
9 5.15413e-25
9.5 6.52814e-25
10 7.98109e-25
10.5 9.38525e-25
11 1.08e-24
11.5 1.24704e-24
12 1.46597e-24
12.5 1.75794e-24
13 2.14211e-24
13.5 2.63935e-24
14 3.27302e-24
14.5 4.06623e-24
15 5.0343e-24
15.5 6.17121e-24
16 7.42973e-24
16.5 8.70121e-24
17 9.81338e-24
17.5 1.05724e-23
18 1.08459e-23
18.5 1.06291e-23
19 1.00343e-23
19.5 9.2214e-24
20 8.33189e-24
21 6.64826e-24
22 5.30274e-24
23 4.29154e-24
24 3.53763e-24
25 2.96883e-24
26 2.53175e-24
27 2.18936e-24
28 1.91626e-24
29 1.69495e-24
30 1.51314e-24
32 1.23543e-24
34 1.03748e-24
36 8.93328e-25
38 7.8701e-25
40 7.08052e-25
42 6.49211e-25
44 6.05295e-25
46 5.725e-25
48 5.47998e-25
50 5.29668e-25
52 5.15918e-25
54 5.05542e-25
56 4.97632e-25
58 4.91499e-25
60 4.86623e-25
62 4.82609e-25
64 4.79161e-25
66 4.76053e-25
68 4.73119e-25
70 4.70232e-25
72 4.67303e-25
74 4.64264e-25
76 4.61071e-25
78 4.5769e-25
80 4.54104e-25
85 4.44192e-25
90 4.32964e-25
95 4.20588e-25
100 4.07309e-25
110 3.79208e-25
120 3.51063e-25
130 3.2523e-25
