0.5 130 260
260
0.5 0
1 1.70302e-27
1.5 4.89423e-27
2 1.0702e-26
2.5 2.00768e-26
3 3.41593e-26
3.5 5.43558e-26
4 8.24402e-26
4.5 1.20695e-25
5 1.72104e-25
5.5 2.40584e-25
6 3.31167e-25
6.5 4.49822e-25
7 6.02203e-25
7.5 7.91025e-25
8 1.01563e-24
8.5 1.2809e-24
9 1.60882e-24
9.5 2.03643e-24
10 2.6086e-24
10.5 3.37915e-24
11 4.41706e-24
11.5 5.81189e-24
12 7.67564e-24
12.5 1.0136e-23
13 1.33031e-23
13.5 1.71653e-23
14 2.13873e-23
14.5 2.51484e-23
15 2.73791e-23
15.5 2.74878e-23
16 2.58189e-23
16.5 2.32622e-23
17 2.06088e-23
17.5 1.827e-23
18 1.62807e-23
18.5 1.44487e-23
19 1.26655e-23
19.5 1.10231e-23
20 9.6193e-24
20.5 8.55966e-24
21 7.50002e-24
21.5 6.78026e-24
22 6.06051e-24
22.5 5.54969e-24
23 5.03887e-24
23.5 4.66039e-24
24 4.28191e-24
24.5 3.9916e-24
25 3.7013e-24
25.5 3.47249e-24
26 3.24369e-24
26.5 3.05946e-24
27 2.87522e-24
27.5 2.72436e-24
28 2.5735e-24
28.5 2.44833e-24
29 2.32317e-24
29.5 2.21826e-24
30 2.11336e-24
30.5 2.03142e-24
31 1.94949e-24
31.5 1.86756e-24
32 1.78562e-24
32.5 1.72607e-24
33 1.66651e-24
33.5 1.60696e-24
34 1.5474e-24
34.5 1.50369e-24
35 1.45998e-24
35.5 1.41626e-24
36 1.37255e-24
36.5 1.34036e-24
37 1.30818e-24
37.5 1.27599e-24
38 1.24381e-24
38.5 1.22013e-24
39 1.19646e-24
39.5 1.17278e-24
40 1.14911e-24
40.5 1.13176e-24
41 1.11441e-24
41.5 1.09706e-24
42 1.0797e-24
42.5 1.06705e-24
43 1.0544e-24
43.5 1.04175e-24
44 1.0291e-24
44.5 1.01994e-24
45 1.01078e-24
45.5 1.00161e-24
46 9.92449e-25
46.5 9.85858e-25
47 9.79267e-25
47.5 9.72676e-25
48 9.66085e-25
48.5 9.61378e-25
49 9.56671e-25
49.5 9.51964e-25
50 9.47257e-25
50.5 9.43914e-25
51 9.40571e-25
51.5 9.37228e-25
52 9.33885e-25
52.5 9.31514e-25
53 9.29143e-25
53.5 9.26772e-25
54 9.24401e-25
54.5 9.22707e-25
55 9.21013e-25
55.5 9.19319e-25
56 9.17625e-25
56.5 9.16385e-25
57 9.15146e-25
57.5 9.13907e-25
58 9.12668e-25
58.5 9.11717e-25
59 9.10765e-25
59.5 9.09814e-25
60 9.08863e-25
60.5 9.08076e-25
61 9.07288e-25
61.5 9.065e-25
62 9.05712e-25
62.5 9.04996e-25
63 9.04279e-25
63.5 9.03562e-25
64 9.02845e-25
64.5 9.0213e-25
65 9.01416e-25
65.5 9.00701e-25
66 8.99987e-25
66.5 8.99225e-25
67 8.98463e-25
67.5 8.97701e-25
68 8.96939e-25
68.5 8.96094e-25
69 8.95249e-25
69.5 8.94405e-25
70 8.9356e-25
70.5 8.92607e-25
71 8.91655e-25
71.5 8.90702e-25
72 8.8975e-25
72.5 8.88674e-25
73 8.87597e-25
73.5 8.86521e-25
74 8.85445e-25
74.5 8.84235e-25
75 8.83025e-25
75.5 8.81815e-25
76 8.80605e-25
76.5 8.79256e-25
77 8.77908e-25
77.5 8.76559e-25
78 8.75211e-25
78.5 8.73722e-25
79 8.72234e-25
79.5 8.70746e-25
80 8.69258e-25
80.5 8.67532e-25
81 8.65807e-25
81.5 8.64081e-25
82 8.62356e-25
82.5 8.6063e-25
83 8.58904e-25
83.5 8.57179e-25
84 8.55453e-25
84.5 8.53728e-25
85 8.52002e-25
85.5 8.49967e-25
86 8.47932e-25
86.5 8.45896e-25
87 8.43861e-25
87.5 8.41825e-25
88 8.3979e-25
88.5 8.37755e-25
89 8.35719e-25
89.5 8.33684e-25
90 8.31648e-25
90.5 8.29354e-25
91 8.27059e-25
91.5 8.24765e-25
92 8.22471e-25
92.5 8.20176e-25
93 8.17882e-25
93.5 8.15587e-25
94 8.13293e-25
94.5 8.10998e-25
95 8.08704e-25
95.5 8.0621e-25
96 8.03716e-25
96.5 8.01222e-25
97 7.98728e-25
97.5 7.96235e-25
98 7.93741e-25
98.5 7.91247e-25
99 7.88753e-25
99.5 7.86259e-25
100 7.83765e-25
100.5 7.81098e-25
101 7.78431e-25
101.5 7.75764e-25
102 7.73097e-25
102.5 7.7043e-25
103 7.67763e-25
103.5 7.65096e-25
104 7.62429e-25
104.5 7.59762e-25
105 7.57095e-25
105.5 7.54428e-25
106 7.51761e-25
106.5 7.49094e-25
107 7.46427e-25
107.5 7.4376e-25
108 7.41093e-25
108.5 7.38426e-25
109 7.35759e-25
109.5 7.33092e-25
110 7.30425e-25
110.5 7.27735e-25
111 7.25045e-25
111.5 7.22355e-25
112 7.19665e-25
112.5 7.16975e-25
113 7.14285e-25
113.5 7.11595e-25
114 7.08905e-25
114.5 7.06215e-25
115 7.03525e-25
115.5 7.00835e-25
116 6.98145e-25
116.5 6.95455e-25
117 6.92765e-25
117.5 6.90075e-25
118 6.87385e-25
118.5 6.84695e-25
119 6.82005e-25
119.5 6.79315e-25
120 6.76625e-25
120.5 6.74148e-25
121 6.71671e-25
121.5 6.69194e-25
122 6.66717e-25
122.5 6.6424e-25
123 6.61764e-25
123.5 6.59287e-25
124 6.5681e-25
124.5 6.54333e-25
125 6.51856e-25
125.5 6.49379e-25
126 6.46902e-25
126.5 6.44425e-25
127 6.41948e-25
127.5 6.39472e-25
128 6.36995e-25
128.5 6.34518e-25
129 6.32041e-25
129.5 6.29564e-25
130 6.27087e-25
