0.9 130 82
82
0.9 0
1 1.10417e-28
1.5 1.75621e-27
2 6.22887e-27
2.5 1.4996e-26
3 2.9609e-26
3.5 5.15691e-26
4 8.43247e-26
4.5 1.34874e-25
5 2.05007e-25
5.5 2.92677e-25
6 3.9822e-25
6.5 5.25418e-25
7 6.80941e-25
7.5 8.7313e-25
8 1.10872e-24
8.5 1.38464e-24
9 1.67757e-24
9.5 1.95248e-24
10 2.20226e-24
10.5 2.47982e-24
11 2.80663e-24
11.5 3.23292e-24
12 3.78816e-24
12.5 4.49699e-24
13 5.38416e-24
13.5 6.47132e-24
14 7.76678e-24
14.5 9.24645e-24
15 1.08277e-23
15.5 1.2348e-23
16 1.35762e-23
16.5 1.42805e-23
17 1.4334e-23
17.5 1.37775e-23
18 1.27856e-23
18.5 1.15722e-23
19 1.03136e-23
19.5 9.12075e-24
20 8.04762e-24
21 6.29296e-24
22 5.01286e-24
23 4.0843e-24
24 3.40254e-24
25 2.89296e-24
26 2.50484e-24
27 2.20392e-24
28 1.96681e-24
29 1.77726e-24
30 1.62378e-24
32 1.39417e-24
34 1.23449e-24
36 1.12e-24
38 1.03585e-24
40 9.72658e-25
42 9.24309e-25
44 8.86659e-25
46 8.56835e-25
48 8.32796e-25
50 8.13067e-25
52 7.96559e-25
54 7.82464e-25
56 7.70171e-25
58 7.59217e-25
60 7.49248e-25
62 7.39989e-25
64 7.31231e-25
66 7.2281e-25
68 7.14603e-25
70 7.06513e-25
72 6.98467e-25
74 6.90412e-25
76 6.82307e-25
78 6.74124e-25
80 6.65845e-25
85 6.44669e-25
90 6.22814e-25
95 6.00403e-25
100 5.77646e-25
110 5.3217e-25
120 4.88744e-25
130 4.49836e-25
