0.75 130 518
518
0.75 0
1 3.31978e-28
1.25 5.9509e-28
1.5 8.58202e-28
1.75 1.29689e-27
2 1.73557e-27
2.25 2.39908e-27
2.5 3.06259e-27
2.75 4.00867e-27
3 4.95476e-27
3.25 6.25236e-27
3.5 7.54996e-27
3.75 9.28284e-27
4 1.10157e-26
4.25 1.32876e-26
4.5 1.55595e-26
4.75 1.85015e-26
5 2.14436e-26
5.25 2.52254e-26
5.5 2.90073e-26
5.75 3.38517e-26
6 3.86962e-26
6.25 4.48998e-26
6.5 5.11034e-26
6.75 5.90646e-26
7 6.70257e-26
7.25 7.72836e-26
7.5 8.75415e-26
7.75 1.00828e-25
8 1.14115e-25
8.25 1.31412e-25
8.5 1.48709e-25
8.75 1.7126e-25
9 1.93811e-25
9.25 2.22925e-25
9.5 2.52039e-25
9.75 2.88317e-25
10 3.24595e-25
10.25 3.66291e-25
10.5 4.07987e-25
10.75 4.50072e-25
11 4.92158e-25
11.25 5.30164e-25
11.5 5.68171e-25
11.75 6.04677e-25
12 6.41183e-25
12.25 6.84953e-25
12.5 7.28723e-25
12.75 7.88854e-25
13 8.48985e-25
13.25 9.33014e-25
13.5 1.01704e-24
13.75 1.13255e-24
14 1.24805e-24
14.25 1.40461e-24
14.5 1.56118e-24
14.75 1.77307e-24
15 1.98496e-24
15.25 2.27236e-24
15.5 2.59089e-24
15.75 2.96539e-24
16 3.24793e-24
16.25 3.61661e-24
16.5 4.00389e-24
16.75 4.41333e-24
17 4.82275e-24
17.25 5.15634e-24
17.5 5.48942e-24
17.75 5.6611e-24
18 5.85712e-24
18.25 5.85159e-24
18.5 5.74948e-24
18.75 5.55331e-24
19 5.37462e-24
19.25 5.1658e-24
19.5 4.95894e-24
19.75 4.76288e-24
20 4.56766e-24
20.25 4.40286e-24
20.5 4.23807e-24
20.75 4.07327e-24
21 3.90848e-24
21.25 3.746e-24
21.5 3.58351e-24
21.75 3.42103e-24
22 3.25855e-24
22.25 3.08922e-24
22.5 2.91988e-24
22.75 2.75054e-24
23 2.5812e-24
23.25 2.44875e-24
23.5 2.31629e-24
23.75 2.18383e-24
24 2.05137e-24
24.25 1.95333e-24
24.5 1.85529e-24
24.75 1.75725e-24
25 1.6592e-24
25.25 1.58763e-24
25.5 1.51606e-24
25.75 1.44448e-24
26 1.37291e-24
26.25 1.32006e-24
26.5 1.26721e-24
26.75 1.21436e-24
27 1.16151e-24
27.25 1.12171e-24
27.5 1.0819e-24
27.75 1.04209e-24
28 1.00229e-24
28.25 9.71679e-25
28.5 9.41073e-25
28.75 9.10468e-25
29 8.79862e-25
29.25 8.55892e-25
29.5 8.31922e-25
29.75 8.07952e-25
30 7.83982e-25
30.25 7.66765e-25
30.5 7.49548e-25
30.75 7.32331e-25
31 7.15113e-25
31.25 6.97896e-25
31.5 6.80679e-25
31.75 6.63462e-25
32 6.46245e-25
32.25 6.34856e-25
32.5 6.23467e-25
32.75 6.12079e-25
33 6.0069e-25
33.25 5.89302e-25
33.5 5.77913e-25
33.75 5.66524e-25
34 5.55136e-25
34.25 5.47378e-25
34.5 5.39621e-25
34.75 5.31863e-25
35 5.24106e-25
35.25 5.16348e-25
35.5 5.08591e-25
35.75 5.00833e-25
36 4.93076e-25
36.25 4.87706e-25
36.5 4.82336e-25
36.75 4.76966e-25
37 4.71596e-25
37.25 4.66226e-25
37.5 4.60856e-25
37.75 4.55486e-25
38 4.50115e-25
38.25 4.46374e-25
38.5 4.42632e-25
38.75 4.3889e-25
39 4.35149e-25
39.25 4.31407e-25
39.5 4.27666e-25
39.75 4.23924e-25
40 4.20182e-25
40.25 4.17578e-25
40.5 4.14973e-25
40.75 4.12368e-25
41 4.09764e-25
41.25 4.07159e-25
41.5 4.04554e-25
41.75 4.0195e-25
42 3.99345e-25
42.25 3.97545e-25
42.5 3.95745e-25
42.75 3.93945e-25
43 3.92145e-25
43.25 3.90344e-25
43.5 3.88544e-25
43.75 3.86744e-25
44 3.84944e-25
44.25 3.83716e-25
44.5 3.82488e-25
44.75 3.8126e-25
45 3.80032e-25
45.25 3.78804e-25
45.5 3.77576e-25
45.75 3.76348e-25
46 3.7512e-25
46.25 3.74298e-25
46.5 3.73476e-25
46.75 3.72655e-25
47 3.71833e-25
47.25 3.71011e-25
47.5 3.7019e-25
47.75 3.69368e-25
48 3.68546e-25
48.25 3.68011e-25
48.5 3.67476e-25
48.75 3.6694e-25
49 3.66405e-25
49.25 3.6587e-25
49.5 3.65334e-25
49.75 3.64799e-25
50 3.64264e-25
50.25 3.63927e-25
50.5 3.6359e-25
50.75 3.63253e-25
51 3.62916e-25
51.25 3.62579e-25
51.5 3.62243e-25
51.75 3.61906e-25
52 3.61569e-25
52.25 3.61366e-25
52.5 3.61163e-25
52.75 3.60961e-25
53 3.60758e-25
53.25 3.60555e-25
53.5 3.60352e-25
53.75 3.60149e-25
54 3.59946e-25
54.25 3.5983e-25
54.5 3.59714e-25
54.75 3.59597e-25
55 3.59481e-25
55.25 3.59365e-25
55.5 3.59248e-25
55.75 3.59132e-25
56 3.59015e-25
56.25 3.5895e-25
56.5 3.58885e-25
56.75 3.5882e-25
57 3.58755e-25
57.25 3.5869e-25
57.5 3.58625e-25
57.75 3.5856e-25
58 3.58495e-25
58.25 3.58456e-25
58.5 3.58417e-25
58.75 3.58377e-25
59 3.58338e-25
59.25 3.58298e-25
59.5 3.58259e-25
59.75 3.58219e-25
60 3.5818e-25
60.25 3.58147e-25
60.5 3.58115e-25
60.75 3.58082e-25
61 3.58049e-25
61.25 3.58016e-25
61.5 3.57984e-25
61.75 3.57951e-25
62 3.57918e-25
62.25 3.57878e-25
62.5 3.57839e-25
62.75 3.57799e-25
63 3.57759e-25
63.25 3.57719e-25
63.5 3.5768e-25
63.75 3.5764e-25
64 3.576e-25
64.25 3.57544e-25
64.5 3.57487e-25
64.75 3.5743e-25
65 3.57374e-25
65.25 3.57317e-25
65.5 3.57261e-25
65.75 3.57204e-25
66 3.57148e-25
66.25 3.57067e-25
66.5 3.56987e-25
66.75 3.56907e-25
67 3.56827e-25
67.25 3.56747e-25
67.5 3.56666e-25
67.75 3.56586e-25
68 3.56506e-25
68.25 3.56397e-25
68.5 3.56289e-25
68.75 3.56181e-25
69 3.56072e-25
69.25 3.55964e-25
69.5 3.55855e-25
69.75 3.55747e-25
70 3.55638e-25
70.25 3.55499e-25
70.5 3.55359e-25
70.75 3.55219e-25
71 3.5508e-25
71.25 3.5494e-25
71.5 3.54801e-25
71.75 3.54661e-25
72 3.54521e-25
72.25 3.54349e-25
72.5 3.54177e-25
72.75 3.54004e-25
73 3.53832e-25
73.25 3.53659e-25
73.5 3.53487e-25
73.75 3.53315e-25
74 3.53142e-25
74.25 3.52936e-25
74.5 3.52731e-25
74.75 3.52525e-25
75 3.52319e-25
75.25 3.52113e-25
75.5 3.51908e-25
75.75 3.51702e-25
76 3.51496e-25
76.25 3.51257e-25
76.5 3.51018e-25
76.75 3.50779e-25
77 3.5054e-25
77.25 3.50301e-25
77.5 3.50062e-25
77.75 3.49823e-25
78 3.49583e-25
78.25 3.49312e-25
78.5 3.4904e-25
78.75 3.48768e-25
79 3.48497e-25
79.25 3.48225e-25
79.5 3.47953e-25
79.75 3.47682e-25
80 3.4741e-25
80.25 3.47085e-25
80.5 3.46759e-25
80.75 3.46434e-25
81 3.46108e-25
81.25 3.45783e-25
81.5 3.45457e-25
81.75 3.45132e-25
82 3.44806e-25
82.25 3.44481e-25
82.5 3.44155e-25
82.75 3.4383e-25
83 3.43504e-25
83.25 3.43179e-25
83.5 3.42853e-25
83.75 3.42528e-25
84 3.42202e-25
84.25 3.41877e-25
84.5 3.41551e-25
84.75 3.41226e-25
85 3.409e-25
85.25 3.40506e-25
85.5 3.40112e-25
85.75 3.39718e-25
86 3.39324e-25
86.25 3.3893e-25
86.5 3.38536e-25
86.75 3.38142e-25
87 3.37747e-25
87.25 3.37353e-25
87.5 3.36959e-25
87.75 3.36565e-25
88 3.36171e-25
88.25 3.35777e-25
88.5 3.35383e-25
88.75 3.34989e-25
89 3.34595e-25
89.25 3.34201e-25
89.5 3.33807e-25
89.75 3.33413e-25
90 3.33019e-25
90.25 3.32568e-25
90.5 3.32118e-25
90.75 3.31668e-25
91 3.31217e-25
91.25 3.30767e-25
91.5 3.30317e-25
91.75 3.29867e-25
92 3.29416e-25
92.25 3.28966e-25
92.5 3.28516e-25
92.75 3.28065e-25
93 3.27615e-25
93.25 3.27165e-25
93.5 3.26714e-25
93.75 3.26264e-25
94 3.25814e-25
94.25 3.25363e-25
94.5 3.24913e-25
94.75 3.24463e-25
95 3.24013e-25
95.25 3.23519e-25
95.5 3.23026e-25
95.75 3.22533e-25
96 3.2204e-25
96.25 3.21546e-25
96.5 3.21053e-25
96.75 3.2056e-25
97 3.20067e-25
97.25 3.19574e-25
97.5 3.1908e-25
97.75 3.18587e-25
98 3.18094e-25
98.25 3.17601e-25
98.5 3.17107e-25
98.75 3.16614e-25
99 3.16121e-25
99.25 3.15628e-25
99.5 3.15135e-25
99.75 3.14641e-25
100 3.14148e-25
100.25 3.13617e-25
100.5 3.13087e-25
100.75 3.12556e-25
101 3.12025e-25
101.25 3.11495e-25
101.5 3.10964e-25
101.75 3.10433e-25
102 3.09903e-25
102.25 3.09372e-25
102.5 3.08841e-25
102.75 3.08311e-25
103 3.0778e-25
103.25 3.07249e-25
103.5 3.06719e-25
103.75 3.06188e-25
104 3.05657e-25
104.25 3.05127e-25
104.5 3.04596e-25
104.75 3.04065e-25
105 3.03535e-25
105.25 3.03004e-25
105.5 3.02473e-25
105.75 3.01943e-25
106 3.01412e-25
106.25 3.00881e-25
106.5 3.00351e-25
106.75 2.9982e-25
107 2.99289e-25
107.25 2.98759e-25
107.5 2.98228e-25
107.75 2.97698e-25
108 2.97167e-25
108.25 2.96636e-25
108.5 2.96106e-25
108.75 2.95575e-25
109 2.95044e-25
109.25 2.94514e-25
109.5 2.93983e-25
109.75 2.93452e-25
110 2.92922e-25
110.25 2.92384e-25
110.5 2.91847e-25
110.75 2.9131e-25
111 2.90772e-25
111.25 2.90235e-25
111.5 2.89698e-25
111.75 2.8916e-25
112 2.88623e-25
112.25 2.88085e-25
112.5 2.87548e-25
112.75 2.87011e-25
113 2.86473e-25
113.25 2.85936e-25
113.5 2.85399e-25
113.75 2.84861e-25
114 2.84324e-25
114.25 2.83787e-25
114.5 2.83249e-25
114.75 2.82712e-25
115 2.82175e-25
115.25 2.81637e-25
115.5 2.811e-25
115.75 2.80563e-25
116 2.80025e-25
116.25 2.79488e-25
116.5 2.78951e-25
116.75 2.78413e-25
117 2.77876e-25
117.25 2.77339e-25
117.5 2.76801e-25
117.75 2.76264e-25
118 2.75727e-25
118.25 2.75189e-25
118.5 2.74652e-25
118.75 2.74115e-25
119 2.73577e-25
119.25 2.7304e-25
119.5 2.72503e-25
119.75 2.71965e-25
120 2.71428e-25
120.25 2.70932e-25
120.5 2.70437e-25
120.75 2.69941e-25
121 2.69445e-25
121.25 2.6895e-25
121.5 2.68454e-25
121.75 2.67959e-25
122 2.67463e-25
122.25 2.66967e-25
122.5 2.66472e-25
122.75 2.65976e-25
123 2.6548e-25
123.25 2.64985e-25
123.5 2.64489e-25
123.75 2.63993e-25
124 2.63498e-25
124.25 2.63002e-25
124.5 2.62506e-25
124.75 2.62011e-25
125 2.61515e-25
125.25 2.61019e-25
125.5 2.60524e-25
125.75 2.60028e-25
126 2.59532e-25
126.25 2.59037e-25
126.5 2.58541e-25
126.75 2.58045e-25
127 2.5755e-25
127.25 2.57054e-25
127.5 2.56559e-25
127.75 2.56063e-25
128 2.55567e-25
128.25 2.55072e-25
128.5 2.54576e-25
128.75 2.5408e-25
129 2.53585e-25
129.25 2.53089e-25
129.5 2.52593e-25
129.75 2.52098e-25
130 2.51602e-25
