0.9 130 92
92
0.9 0
1 5.50131e-28
1.5 1.422e-27
2 2.87626e-27
2.5 5.0776e-27
3 8.22009e-27
3.5 1.25365e-26
4 1.83107e-26
4.5 2.58948e-26
5 3.57338e-26
5.5 4.84002e-26
6 6.4642e-26
6.5 8.54508e-26
7 1.12156e-25
7.5 1.46558e-25
8 1.91114e-25
8.5 2.49158e-25
9 3.25033e-25
9.5 4.237e-25
10 5.48646e-25
10.5 6.96538e-25
11 8.51401e-25
11.5 9.9258e-25
12 1.12024e-24
12.5 1.26199e-24
13 1.45099e-24
13.5 1.71247e-24
14 2.067e-24
14.5 2.54147e-24
15 3.21646e-24
15.25 3.74762e-24
15.5 4.65607e-24
15.75 5.41024e-24
16 5.04962e-24
16.25 4.98448e-24
16.5 5.14482e-24
16.75 5.36512e-24
17 5.58516e-24
17.25 5.78605e-24
17.5 5.98065e-24
17.75 6.24733e-24
18 6.80898e-24
18.25 7.14541e-24
18.5 6.31121e-24
18.75 5.73754e-24
19 5.37581e-24
19.25 5.08107e-24
19.5 4.81007e-24
19.75 4.5514e-24
20 4.30291e-24
21 3.41663e-24
22 2.73092e-24
23 2.21855e-24
24 1.83596e-24
25 1.54642e-24
26 1.32342e-24
27 1.14864e-24
28 1.00945e-24
29 8.97108e-25
30 8.05414e-25
32 6.67277e-25
34 5.71364e-25
36 5.03846e-25
38 4.56038e-25
40 4.22173e-25
42 3.98275e-25
44 3.81531e-25
46 3.69922e-25
48 3.61982e-25
50 3.56644e-25
52 3.53126e-25
54 3.50853e-25
56 3.49404e-25
58 3.48468e-25
60 3.47816e-25
62 3.47282e-25
64 3.46745e-25
66 3.46118e-25
68 3.45339e-25
70 3.44367e-25
72 3.43175e-25
74 3.41746e-25
76 3.40072e-25
78 3.38152e-25
80 3.35989e-25
85 3.29575e-25
90 3.2187e-25
95 3.13103e-25
100 3.03523e-25
110 2.82951e-25
120 2.6215e-25
130 2.42975e-25
