0.9 130 82
82
0.9 0
1 1.0498e-27
1.5 2.92788e-27
2 6.26869e-27
2.5 1.15713e-26
3 1.94277e-26
3.5 3.05576e-26
4 4.58552e-26
4.5 6.64561e-26
5 9.38315e-26
5.5 1.2992e-25
6 1.77299e-25
6.5 2.39351e-25
7 3.20285e-25
7.5 4.24528e-25
8 5.54706e-25
8.5 7.08729e-25
9 8.81802e-25
9.5 1.07829e-24
10 1.31935e-24
10.5 1.63569e-24
11 2.06145e-24
11.5 2.63735e-24
12 3.4176e-24
12.5 4.47736e-24
13 5.92015e-24
13.5 7.88351e-24
14 1.05312e-23
14.5 1.39929e-23
15 1.81783e-23
15.5 2.2458e-23
16 2.55548e-23
16.5 2.62691e-23
17 2.45764e-23
17.5 2.1528e-23
18 1.82171e-23
18.5 1.52362e-23
19 1.27634e-23
19.5 1.0779e-23
20 9.20146e-24
21 6.91937e-24
22 5.41419e-24
23 4.37684e-24
24 3.63202e-24
25 3.07807e-24
26 2.65383e-24
27 2.321e-24
28 2.05471e-24
29 1.83828e-24
30 1.66011e-24
32 1.38789e-24
34 1.19474e-24
36 1.05553e-24
38 9.5444e-25
40 8.80872e-25
42 8.27412e-25
44 7.8872e-25
46 7.60877e-25
48 7.4098e-25
50 7.26866e-25
52 7.16916e-25
54 7.09918e-25
56 7.04963e-25
58 7.01372e-25
60 6.98634e-25
62 6.96371e-25
64 6.94301e-25
66 6.92217e-25
68 6.89969e-25
70 6.87451e-25
72 6.84589e-25
74 6.81335e-25
76 6.77659e-25
78 6.7355e-25
80 6.69004e-25
85 6.5579e-25
90 6.40168e-25
95 6.22536e-25
100 6.03358e-25
110 5.62319e-25
120 5.20912e-25
130 4.82779e-25
