1.999 130 97
97
1.999 0
2 1.25294e-26
2.45 2.40172e-26
2.9 4.09315e-26
3.35 6.48888e-26
3.8 9.82343e-26
4.25 1.42793e-25
4.7 2.06144e-25
5.15 2.8223e-25
5.6 3.92326e-25
6.05 5.23191e-25
6.5 7.04846e-25
6.95 9.39336e-25
7.4 2.48233e-24
7.85 3.32107e-24
8.3 4.42752e-24
8.75 6.05717e-24
9.2 8.10548e-24
9.65 1.11178e-23
10.1 1.52608e-23
10.55 2.13416e-23
11 3.00351e-23
11.45 4.21565e-23
11.9 5.65056e-23
12.35 7.04333e-23
12.8 7.84508e-23
13.25 7.97052e-23
13.7 8.16319e-23
14.15 8.69145e-23
14.6 9.42163e-23
15.05 9.96929e-23
15.5 9.79107e-23
15.95 8.98835e-23
16.4 7.79701e-23
16.85 6.61217e-23
17.3 5.60403e-23
17.75 4.82795e-23
18.2 4.15923e-23
18.65 3.65133e-23
19.1 3.23593e-23
19.55 2.90849e-23
20 2.63751e-23
20.45 2.41368e-23
20.9 2.22138e-23
21.35 2.07381e-23
21.8 1.97137e-23
22.25 1.90171e-23
22.7 1.85069e-23
23.15 1.80883e-23
23.6 1.77049e-23
24.05 1.73333e-23
24.5 1.69578e-23
24.95 1.65649e-23
25.4 1.61669e-23
25.85 1.57754e-23
26.3 1.53814e-23
26.75 1.50118e-23
27.2 1.46417e-23
27.65 1.43003e-23
28.1 1.39672e-23
28.55 1.36879e-23
29 1.34468e-23
29.45 1.32649e-23
29.9 1.3117e-23
30.35 1.3022e-23
30.8 1.29522e-23
31.25 1.29072e-23
31.7 1.28809e-23
32.15 1.28531e-23
32.6 1.28413e-23
33.05 1.28132e-23
33.5 1.27929e-23
33.95 1.27601e-23
34.4 1.27217e-23
34.85 1.26774e-23
35.3 1.26234e-23
35.75 1.25642e-23
36.2 1.25004e-23
36.65 1.24369e-23
37.1 1.23669e-23
37.55 1.23033e-23
38 1.22413e-23
38.45 1.21962e-23
38.9 1.21556e-23
39.35 1.21308e-23
39.8 1.21187e-23
40.25 1.21179e-23
40.7 1.21247e-23
41.15 1.2141e-23
41.6 1.21676e-23
42.05 1.21919e-23
42.5 1.22241e-23
45 1.23626e-23
50 1.25407e-23
70 1.62071e-23
100 1.5545e-23
130 1.36706e-23
