4.999 130 139
139
4.999 0
5 2.61614e-25
6 5.27933e-25
6.21903 6.36488e-25
6.29242 6.72862e-25
6.46126 7.56542e-25
6.669 8.59501e-25
6.72035 8.84952e-25
6.98085 1.01406e-24
7 1.02355e-24
7.04722 1.04695e-24
7.06271 1.05463e-24
7.13503 1.09047e-24
7.19592 1.12065e-24
7.24367 1.14432e-24
7.25833 1.15158e-24
7.3418 1.19295e-24
7.37478 1.2093e-24
7.38503 1.21438e-24
7.44417 1.24369e-24
7.48033 1.26161e-24
7.5216 1.28206e-24
7.52163 1.28208e-24
7.557 1.29961e-24
7.98843 1.51343e-24
8 1.97213e-24
8.02577 1.90051e-24
8.08241 1.77789e-24
8.1282 1.72515e-24
8.15443 1.6957e-24
8.17703 1.69908e-24
8.17943 1.70218e-24
8.19223 1.72061e-24
8.22293 1.76483e-24
8.24943 1.80579e-24
8.26343 1.84176e-24
8.28243 1.89058e-24
8.28573 1.89941e-24
8.30643 1.99873e-24
8.33123 2.11819e-24
8.35543 2.27908e-24
8.38243 2.45858e-24
8.4 2.57637e-24
8.40943 2.55152e-24
8.41833 2.52817e-24
8.44103 2.47086e-24
8.47443 2.38804e-24
8.48743 2.35691e-24
8.54643 2.21627e-24
8.569 2.1654e-24
8.56943 2.16712e-24
9 3.88892e-24
9.4 5.16562e-24
10 8.03361e-24
10.4 1.08733e-23
11 1.70442e-23
11.4 2.23831e-23
11.653 2.56547e-23
11.667 2.58357e-23
12 3.01417e-23
12.4 3.28644e-23
13.1 3.15533e-23
13.4 2.99996e-23
13.877 2.83685e-23
14 2.7948e-23
14.154 2.80018e-23
14.4 2.80878e-23
14.662 2.89417e-23
14.88 2.9915e-23
15 3.04507e-23
15.2 3.14947e-23
15.41 3.24691e-23
15.61 3.31035e-23
15.8 3.33068e-23
16 3.30193e-23
16.2 3.22156e-23
16.4 3.09674e-23
16.6 2.93936e-23
16.8 2.76268e-23
17 2.57851e-23
17.2 2.396e-23
17.4 2.22139e-23
17.6 2.05818e-23
17.8 1.90811e-23
17.924 1.82343e-23
18 1.77153e-23
19 1.26604e-23
19.648 1.07054e-23
19.674 1.0627e-23
19.863 1.00568e-23
19.8634 1.00557e-23
20 9.64346e-24
20.148 9.36005e-24
20.437 8.80662e-24
21 7.72849e-24
21.872 6.60841e-24
22 6.44399e-24
23 5.53578e-24
23.07 5.48476e-24
23.4 5.24496e-24
24 4.86694e-24
24.4 4.64721e-24
25.1 4.31299e-24
25.41 4.18228e-24
26.1 3.92297e-24
26.4 3.82222e-24
27 3.63873e-24
27.4 3.5284e-24
28 3.37827e-24
28.344 3.30404e-24
29 3.1625e-24
30 2.9814e-24
30.4 2.91692e-24
31 2.82758e-24
32 2.69561e-24
32.4 2.64799e-24
33 2.58133e-24
33.4 2.53979e-24
34 2.48142e-24
35 2.39392e-24
36 2.31632e-24
37 2.24707e-24
38 2.18533e-24
39 2.12922e-24
40 2.07916e-24
41 2.03287e-24
42 1.9914e-24
43 1.95295e-24
44 1.91755e-24
45 1.88469e-24
50.1 1.74917e-24
55 1.65125e-24
60 1.57033e-24
70 1.43884e-24
80 1.32717e-24
90 1.22473e-24
100.1 1.12762e-24
120 9.56439e-25
130 8.89707e-25
