1.5 130 258
258
1.5 0
2 1.30312e-27
2.5 2.50907e-27
3 3.71503e-27
3.5 6.27876e-27
4 8.84248e-27
4.5 8.30899e-27
5 7.7755e-27
5.5 9.88825e-27
6 1.2001e-26
6.5 1.50365e-26
7 1.8072e-26
7.5 2.2516e-26
8 2.696e-26
8.5 3.35995e-26
9 4.0239e-26
9.5 5.03729e-26
10 6.05068e-26
10.5 7.63554e-26
11 9.2204e-26
11.5 1.17717e-25
12 1.43229e-25
12.5 1.80157e-25
13 2.28247e-25
13.5 2.91943e-25
14 3.75554e-25
14.5 4.97505e-25
15 6.39569e-25
15.5 8.74295e-25
16 1.10902e-24
16.5 1.46618e-24
17 1.82333e-24
17.5 2.21073e-24
18 2.59814e-24
18.5 2.90893e-24
19 3.18794e-24
19.5 3.42839e-24
20 3.65004e-24
20.5 3.8522e-24
21 3.95e-24
21.5 3.96291e-24
22 3.86291e-24
22.5 3.6274e-24
23 3.26971e-24
23.5 3.02422e-24
24 2.80288e-24
24.5 2.59358e-24
25 2.459e-24
25.5 2.29682e-24
26 2.16107e-24
26.5 2.04925e-24
27 1.94e-24
27.5 1.85511e-24
28 1.78793e-24
28.5 1.72075e-24
29 1.66214e-24
29.5 1.60342e-24
30 1.54471e-24
30.5 1.476e-24
31 1.40729e-24
31.5 1.34765e-24
32 1.28801e-24
32.5 1.23147e-24
33 1.17493e-24
33.5 1.12219e-24
34 1.06945e-24
34.5 1.02496e-24
35 9.80471e-25
35.5 9.42994e-25
36 9.05518e-25
36.5 8.73856e-25
37 8.42194e-25
37.5 8.15286e-25
38 7.88379e-25
38.5 7.65325e-25
39 7.42272e-25
39.5 7.22368e-25
40 7.02464e-25
40.5 6.83205e-25
41 6.63946e-25
41.5 6.44687e-25
42 6.25428e-25
42.5 6.0717e-25
43 5.88912e-25
43.5 5.74036e-25
44 5.5916e-25
44.5 5.43067e-25
45 5.26974e-25
45.5 5.12901e-25
46 4.98827e-25
46.5 4.86512e-25
47 4.74198e-25
47.5 4.63403e-25
48 4.52608e-25
48.5 4.43118e-25
49 4.33628e-25
49.5 4.25256e-25
50 4.16885e-25
50.5 4.09473e-25
51 4.02061e-25
51.5 3.95826e-25
52 3.8959e-25
52.5 3.83355e-25
53 3.7712e-25
53.5 3.7211e-25
54 3.67101e-25
54.5 3.62092e-25
55 3.57082e-25
55.5 3.52988e-25
56 3.48894e-25
56.5 3.44799e-25
57 3.40705e-25
57.5 3.37301e-25
58 3.33898e-25
58.5 3.30494e-25
59 3.27091e-25
59.5 3.24214e-25
60 3.21337e-25
60.5 3.18459e-25
61 3.15582e-25
61.5 3.13109e-25
62 3.10636e-25
62.5 3.08163e-25
63 3.0569e-25
63.5 3.0353e-25
64 3.01371e-25
64.5 2.99334e-25
65 2.97296e-25
65.5 2.95259e-25
66 2.93222e-25
66.5 2.91403e-25
67 2.89585e-25
67.5 2.87767e-25
68 2.85948e-25
68.5 2.84301e-25
69 2.82654e-25
69.5 2.81007e-25
70 2.7936e-25
70.5 2.77849e-25
71 2.76338e-25
71.5 2.74826e-25
72 2.73315e-25
72.5 2.71912e-25
73 2.70509e-25
73.5 2.69106e-25
74 2.67703e-25
74.5 2.66386e-25
75 2.65069e-25
75.5 2.63752e-25
76 2.62435e-25
76.5 2.61187e-25
77 2.59938e-25
77.5 2.5869e-25
78 2.57442e-25
78.5 2.5625e-25
79 2.55057e-25
79.5 2.53865e-25
80 2.52673e-25
80.5 2.51598e-25
81 2.50524e-25
81.5 2.49449e-25
82 2.48374e-25
82.5 2.473e-25
83 2.46225e-25
83.5 2.4515e-25
84 2.44076e-25
84.5 2.43001e-25
85 2.41926e-25
85.5 2.40852e-25
86 2.39777e-25
86.5 2.38703e-25
87 2.37628e-25
87.5 2.36553e-25
88 2.35479e-25
88.5 2.34404e-25
89 2.33329e-25
89.5 2.32255e-25
90 2.3118e-25
90.5 2.3019e-25
91 2.292e-25
91.5 2.28211e-25
92 2.27221e-25
92.5 2.26231e-25
93 2.25241e-25
93.5 2.24251e-25
94 2.23262e-25
94.5 2.22272e-25
95 2.21282e-25
95.5 2.20292e-25
96 2.19302e-25
96.5 2.18313e-25
97 2.17323e-25
97.5 2.16333e-25
98 2.15343e-25
98.5 2.14353e-25
99 2.13364e-25
99.5 2.12374e-25
100 2.11384e-25
100.5 2.10554e-25
101 2.09724e-25
101.5 2.08894e-25
102 2.08064e-25
102.5 2.07233e-25
103 2.06403e-25
103.5 2.05573e-25
104 2.04743e-25
104.5 2.03913e-25
105 2.03083e-25
105.5 2.02253e-25
106 2.01423e-25
106.5 2.00592e-25
107 1.99762e-25
107.5 1.98932e-25
108 1.98102e-25
108.5 1.97272e-25
109 1.96442e-25
109.5 1.95612e-25
110 1.94782e-25
110.5 1.93952e-25
111 1.93121e-25
111.5 1.92291e-25
112 1.91461e-25
112.5 1.90631e-25
113 1.89801e-25
113.5 1.88971e-25
114 1.88141e-25
114.5 1.87311e-25
115 1.8648e-25
115.5 1.8565e-25
116 1.8482e-25
116.5 1.8399e-25
117 1.8316e-25
117.5 1.8233e-25
118 1.815e-25
118.5 1.8067e-25
119 1.7984e-25
119.5 1.79009e-25
120 1.78179e-25
120.5 1.77349e-25
121 1.76519e-25
121.5 1.75689e-25
122 1.74859e-25
122.5 1.74029e-25
123 1.73199e-25
123.5 1.72369e-25
124 1.71538e-25
124.5 1.70708e-25
125 1.69878e-25
125.5 1.69048e-25
126 1.68218e-25
126.5 1.67388e-25
127 1.66558e-25
127.5 1.65728e-25
128 1.64897e-25
128.5 1.64067e-25
129 1.63237e-25
129.5 1.62407e-25
130 1.61577e-25
