6.5 130 248
248
6.5 0
7 3.63686e-26
7.5 6.59911e-26
8 9.56136e-26
8.5 1.64682e-25
9 2.33751e-25
9.5 3.82051e-25
10 5.30352e-25
10.5 8.26192e-25
11 1.12203e-24
11.5 1.67043e-24
12 2.21882e-24
12.5 3.1502e-24
13 4.08158e-24
13.5 5.47557e-24
14 6.86957e-24
14.5 8.45979e-24
15 1.005e-23
15.5 1.10642e-23
16 1.20785e-23
16.5 1.23106e-23
17 1.25428e-23
17.5 1.19903e-23
18 1.14379e-23
18.5 1.04691e-23
19 9.50037e-24
19.5 8.58714e-24
20 7.6739e-24
20.5 6.94631e-24
21 6.21872e-24
21.5 5.66195e-24
22 5.10519e-24
22.5 4.68115e-24
23 4.25711e-24
23.5 3.93229e-24
24 3.60747e-24
24.5 3.35631e-24
25 3.10516e-24
25.5 2.90881e-24
26 2.71247e-24
26.5 2.55708e-24
27 2.4017e-24
27.5 2.27709e-24
28 2.15248e-24
28.5 2.05109e-24
29 1.9497e-24
29.5 1.86594e-24
30 1.78218e-24
30.5 1.71191e-24
31 1.64165e-24
31.5 1.5818e-24
32 1.52196e-24
32.5 1.47028e-24
33 1.41861e-24
33.5 1.37343e-24
34 1.32825e-24
34.5 1.28834e-24
35 1.24843e-24
35.5 1.21287e-24
36 1.17732e-24
36.5 1.14543e-24
37 1.11354e-24
37.5 1.0848e-24
38 1.05606e-24
38.5 1.03006e-24
39 1.00405e-24
39.5 9.8046e-25
40 9.56868e-25
40.5 9.35422e-25
41 9.13975e-25
41.5 8.94452e-25
42 8.7493e-25
42.5 8.57141e-25
43 8.39352e-25
43.5 8.23132e-25
44 8.06911e-25
44.5 7.92114e-25
45 7.77317e-25
45.5 7.63814e-25
46 7.50311e-25
46.5 7.37985e-25
47 7.2566e-25
47.5 7.14407e-25
48 7.03155e-25
48.5 6.9288e-25
49 6.82606e-25
49.5 6.73223e-25
50 6.63841e-25
50.5 6.55272e-25
51 6.46704e-25
51.5 6.38877e-25
52 6.31051e-25
52.5 6.23902e-25
53 6.16753e-25
53.5 6.10222e-25
54 6.03691e-25
54.5 5.97724e-25
55 5.91757e-25
55.5 5.86305e-25
56 5.80852e-25
56.5 5.75868e-25
57 5.70885e-25
57.5 5.66329e-25
58 5.61774e-25
58.5 5.57608e-25
59 5.53443e-25
59.5 5.49633e-25
60 5.45823e-25
60.5 5.42337e-25
61 5.3885e-25
61.5 5.35659e-25
62 5.32468e-25
62.5 5.29544e-25
63 5.26621e-25
63.5 5.23942e-25
64 5.21263e-25
64.5 5.18805e-25
65 5.16348e-25
65.5 5.14091e-25
66 5.11835e-25
66.5 5.09761e-25
67 5.07687e-25
67.5 5.05778e-25
68 5.03869e-25
68.5 5.0211e-25
69 5.00351e-25
69.5 4.98726e-25
70 4.97102e-25
70.5 4.956e-25
71 4.94097e-25
71.5 4.92705e-25
72 4.91312e-25
72.5 4.90018e-25
73 4.88724e-25
73.5 4.87518e-25
74 4.86313e-25
74.5 4.85186e-25
75 4.8406e-25
75.5 4.83004e-25
76 4.81948e-25
76.5 4.80955e-25
77 4.79962e-25
77.5 4.79025e-25
78 4.78088e-25
78.5 4.772e-25
79 4.76313e-25
79.5 4.75469e-25
80 4.74624e-25
80.5 4.73819e-25
81 4.73013e-25
81.5 4.7224e-25
82 4.71468e-25
82.5 4.70725e-25
83 4.69981e-25
83.5 4.69263e-25
84 4.68545e-25
84.5 4.67849e-25
85 4.67152e-25
85.5 4.66475e-25
86 4.65797e-25
86.5 4.65135e-25
87 4.64473e-25
87.5 4.63825e-25
88 4.63177e-25
88.5 4.62539e-25
89 4.61902e-25
89.5 4.61275e-25
90 4.60647e-25
90.5 4.60027e-25
91 4.59408e-25
91.5 4.58795e-25
92 4.58181e-25
92.5 4.57574e-25
93 4.56966e-25
93.5 4.56364e-25
94 4.55761e-25
94.5 4.55162e-25
95 4.54564e-25
95.5 4.53969e-25
96 4.53374e-25
96.5 4.52783e-25
97 4.52192e-25
97.5 4.51605e-25
98 4.51017e-25
98.5 4.50434e-25
99 4.4985e-25
99.5 4.49271e-25
100 4.48692e-25
100.5 4.48117e-25
101 4.47543e-25
101.5 4.46975e-25
102 4.46406e-25
102.5 4.45844e-25
103 4.45283e-25
103.5 4.44729e-25
104 4.44175e-25
104.5 4.43631e-25
105 4.43087e-25
105.5 4.42553e-25
106 4.33227e-25
106.5 4.32868e-25
107 4.32512e-25
107.5 4.32157e-25
108 4.31804e-25
108.5 4.31453e-25
109 4.31106e-25
109.5 4.30813e-25
110 4.30521e-25
110.5 4.30231e-25
111 4.29942e-25
111.5 4.29654e-25
112 4.29367e-25
112.5 4.29172e-25
113 4.28981e-25
113.5 4.28791e-25
114 4.28602e-25
114.5 4.28413e-25
115 4.28225e-25
115.5 4.28139e-25
116 4.28097e-25
116.5 4.28055e-25
117 4.28013e-25
117.5 4.27971e-25
118 4.27929e-25
118.5 4.2794e-25
119 4.28109e-25
119.5 4.28278e-25
120 4.28445e-25
120.5 4.28612e-25
121 4.28778e-25
121.5 4.28944e-25
122 4.29291e-25
122.5 4.29749e-25
123 4.30205e-25
123.5 4.30659e-25
124 4.31111e-25
124.5 4.31562e-25
125 4.3201e-25
125.5 4.32779e-25
126 4.33622e-25
126.5 4.34461e-25
127 4.35296e-25
127.5 4.36129e-25
128 4.36958e-25
128.5 4.37784e-25
129 4.39028e-25
129.5 4.40368e-25
130 4.41704e-25
