0.9 130 82
82
0.9 0
1 2.0654e-27
1.5 5.88706e-27
2 1.2846e-26
2.5 2.41542e-26
3 4.13417e-26
3.5 6.63956e-26
4 1.01958e-25
4.5 1.516e-25
5 2.20173e-25
5.5 3.14144e-25
6 4.41585e-25
6.5 6.11272e-25
7 8.31683e-25
7.5 1.11538e-24
8 1.49305e-24
8.5 2.02666e-24
9 2.8176e-24
9.5 4.02904e-24
10 5.93778e-24
10.5 9.01421e-24
11 1.39421e-23
11.5 2.10348e-23
12 2.79653e-23
12.5 2.97157e-23
13 2.67648e-23
13.5 2.40002e-23
14 2.36412e-23
14.5 2.53602e-23
15 2.71213e-23
15.5 2.63689e-23
16 2.29101e-23
16.5 1.86357e-23
17 1.4897e-23
17.5 1.20119e-23
18 9.86335e-24
18.5 8.26156e-24
19 7.04955e-24
19.5 6.11486e-24
20 5.37999e-24
21 4.28803e-24
22 3.54122e-24
23 3.00518e-24
24 2.60591e-24
25 2.29998e-24
26 2.06046e-24
27 1.86987e-24
28 1.71638e-24
29 1.59169e-24
30 1.48981e-24
32 1.33768e-24
34 1.23529e-24
36 1.16722e-24
38 1.12323e-24
40 1.09625e-24
42 1.08123e-24
44 1.07452e-24
46 1.07346e-24
48 1.07609e-24
50 1.081e-24
52 1.08713e-24
54 1.09371e-24
56 1.1002e-24
58 1.1062e-24
60 1.11144e-24
62 1.11572e-24
64 1.11893e-24
66 1.12098e-24
68 1.12185e-24
70 1.12152e-24
72 1.12002e-24
74 1.11735e-24
76 1.11358e-24
78 1.10873e-24
80 1.10287e-24
85 1.08417e-24
90 1.06045e-24
95 1.03273e-24
100 1.00197e-24
110 9.35112e-25
120 8.66979e-25
130 8.03948e-25
