0.9 130 82
82
0.9 0
1 3.27137e-27
1.5 9.51244e-27
2 2.10083e-26
2.5 3.97894e-26
3 6.83738e-26
3.5 1.09977e-25
4 1.68801e-25
4.5 2.50441e-25
5 3.62394e-25
5.5 5.14566e-25
6 7.19271e-25
6.5 9.89684e-25
7 1.33672e-24
7.5 1.77095e-24
8 2.31926e-24
8.5 3.04029e-24
9 4.01132e-24
9.5 5.29231e-24
10 6.87895e-24
10.5 8.6939e-24
11 1.07072e-23
11.5 1.30699e-23
12 1.6029e-23
12.5 1.97154e-23
13 2.39396e-23
13.5 2.80346e-23
14 3.09658e-23
14.5 3.18918e-23
15 3.07524e-23
15.5 2.82076e-23
16 2.50827e-23
16.5 2.19662e-23
17 1.91501e-23
17.5 1.67256e-23
18 1.46844e-23
18.5 1.29795e-23
19 1.15557e-23
19.5 1.03617e-23
20 9.35405e-24
21 7.73973e-24
22 6.53511e-24
23 5.61027e-24
24 4.8823e-24
25 4.29702e-24
26 3.81817e-24
27 3.42077e-24
28 3.08723e-24
29 2.80482e-24
30 2.56412e-24
32 2.18088e-24
34 1.89689e-24
36 1.6857e-24
38 1.52883e-24
40 1.41274e-24
42 1.32731e-24
44 1.26484e-24
46 1.21949e-24
48 1.18681e-24
50 1.16343e-24
52 1.14679e-24
54 1.13497e-24
56 1.1265e-24
58 1.12029e-24
60 1.11552e-24
62 1.11156e-24
64 1.10797e-24
66 1.1044e-24
68 1.10061e-24
70 1.09642e-24
72 1.0917e-24
74 1.08639e-24
76 1.08042e-24
78 1.07377e-24
80 1.06645e-24
85 1.04524e-24
90 1.02023e-24
95 9.92064e-25
100 9.61453e-25
110 8.95997e-25
120 8.29989e-25
130 7.69214e-25
