5.5 130 250
250
5.5 0
6 2.47433e-25
6.5 5.15157e-25
7 7.82881e-25
7.5 1.49282e-24
8 2.20275e-24
8.5 3.8518e-24
9 5.50085e-24
9.5 8.78225e-24
10 1.20636e-23
10.5 1.72956e-23
11 2.25276e-23
11.5 2.9137e-23
12 3.57465e-23
12.5 4.29486e-23
13 5.01507e-23
13.5 5.1447e-23
14 5.27433e-23
14.5 4.69615e-23
15 4.11797e-23
15.5 3.54338e-23
16 2.9688e-23
16.5 2.56496e-23
17 2.16112e-23
17.5 1.88836e-23
18 1.6156e-23
18.5 1.42876e-23
19 1.24191e-23
19.5 1.11102e-23
20 9.8014e-24
20.5 8.86471e-24
21 7.92803e-24
21.5 7.24495e-24
22 6.56187e-24
22.5 6.0557e-24
23 5.54953e-24
23.5 5.1693e-24
24 4.78908e-24
24.5 4.50004e-24
25 4.211e-24
25.5 3.98885e-24
26 3.7667e-24
26.5 3.5941e-24
27 3.4215e-24
27.5 3.28588e-24
28 3.15026e-24
28.5 3.04238e-24
29 2.9345e-24
29.5 2.84754e-24
30 2.76058e-24
30.5 2.68951e-24
31 2.61843e-24
31.5 2.5595e-24
32 2.50058e-24
32.5 2.45105e-24
33 2.40152e-24
33.5 2.35935e-24
34 2.31719e-24
34.5 2.28089e-24
35 2.2446e-24
35.5 2.21305e-24
36 2.1815e-24
36.5 2.15385e-24
37 2.12621e-24
37.5 2.10183e-24
38 2.07745e-24
38.5 2.05583e-24
39 2.03421e-24
39.5 2.01495e-24
40 1.99569e-24
40.5 1.97846e-24
41 1.96123e-24
41.5 1.94575e-24
42 1.93027e-24
42.5 1.91632e-24
43 1.90236e-24
43.5 1.88973e-24
44 1.87709e-24
44.5 1.8656e-24
45 1.85412e-24
45.5 1.84362e-24
46 1.83312e-24
46.5 1.82347e-24
47 1.81383e-24
47.5 1.80492e-24
48 1.79602e-24
48.5 1.78774e-24
49 1.77946e-24
49.5 1.77173e-24
50 1.76399e-24
50.5 1.7567e-24
51 1.74942e-24
51.5 1.74252e-24
52 1.73563e-24
52.5 1.72905e-24
53 1.72248e-24
53.5 1.71617e-24
54 1.70986e-24
54.5 1.70377e-24
55 1.69769e-24
55.5 1.69178e-24
56 1.68588e-24
56.5 1.68012e-24
57 1.67436e-24
57.5 1.66871e-24
58 1.66307e-24
58.5 1.65752e-24
59 1.65197e-24
59.5 1.64648e-24
60 1.641e-24
60.5 1.63557e-24
61 1.63015e-24
61.5 1.62476e-24
62 1.61937e-24
62.5 1.614e-24
63 1.60864e-24
63.5 1.6033e-24
64 1.59795e-24
64.5 1.59262e-24
65 1.58729e-24
65.5 1.58196e-24
66 1.57663e-24
66.5 1.57131e-24
67 1.56598e-24
67.5 1.56066e-24
68 1.55533e-24
68.5 1.55e-24
69 1.54467e-24
69.5 1.53934e-24
70 1.53401e-24
70.5 1.52867e-24
71 1.52334e-24
71.5 1.518e-24
72 1.51267e-24
72.5 1.50733e-24
73 1.50199e-24
73.5 1.49666e-24
74 1.49132e-24
74.5 1.48599e-24
75 1.48066e-24
75.5 1.47533e-24
76 1.47001e-24
76.5 1.46469e-24
77 1.45937e-24
77.5 1.45407e-24
78 1.44876e-24
78.5 1.44347e-24
79 1.43818e-24
79.5 1.43291e-24
80 1.42764e-24
80.5 1.42239e-24
81 1.41714e-24
81.5 1.41192e-24
82 1.40669e-24
82.5 1.4015e-24
83 1.3963e-24
83.5 1.39114e-24
84 1.38598e-24
84.5 1.38085e-24
85 1.37572e-24
85.5 1.37064e-24
86 1.36555e-24
86.5 1.36051e-24
87 1.35547e-24
87.5 1.35048e-24
88 1.34549e-24
88.5 1.34055e-24
89 1.33561e-24
89.5 1.33073e-24
90 1.32584e-24
90.5 1.32103e-24
91 1.31621e-24
91.5 1.31146e-24
92 1.3067e-24
92.5 1.30202e-24
93 1.29735e-24
93.5 1.29275e-24
94 1.28815e-24
94.5 1.28363e-24
95 1.27911e-24
95.5 1.27469e-24
96 1.27026e-24
96.5 1.26594e-24
97 1.26161e-24
97.5 1.25739e-24
98 1.25316e-24
98.5 1.24905e-24
99 1.24494e-24
99.5 1.24095e-24
100 1.23696e-24
100.5 1.2331e-24
101 1.22924e-24
101.5 1.22552e-24
102 1.2218e-24
102.5 1.21823e-24
103 1.21466e-24
103.5 1.21125e-24
104 1.20784e-24
104.5 1.2046e-24
105 1.20136e-24
105.5 1.19831e-24
106 1.18696e-24
106.5 1.18488e-24
107 1.18281e-24
107.5 1.18075e-24
108 1.1787e-24
108.5 1.17666e-24
109 1.17469e-24
109.5 1.17346e-24
110 1.17224e-24
110.5 1.17103e-24
111 1.16982e-24
111.5 1.16862e-24
112 1.16743e-24
112.5 1.16725e-24
113 1.16711e-24
113.5 1.16698e-24
114 1.16684e-24
114.5 1.1667e-24
115 1.16657e-24
115.5 1.16737e-24
116 1.16859e-24
116.5 1.16981e-24
117 1.17102e-24
117.5 1.17222e-24
118 1.17342e-24
118.5 1.17504e-24
119 1.17794e-24
119.5 1.18082e-24
120 1.1837e-24
120.5 1.18656e-24
121 1.18941e-24
121.5 1.19225e-24
122 1.19638e-24
122.5 1.20129e-24
123 1.20618e-24
123.5 1.21105e-24
124 1.2159e-24
124.5 1.22073e-24
125 1.22554e-24
125.5 1.23233e-24
126 1.23957e-24
126.5 1.24678e-24
127 1.25397e-24
127.5 1.26112e-24
128 1.26825e-24
128.5 1.27535e-24
129 1.28467e-24
129.5 1.2945e-24
130 1.30429e-24
