4.5 130 252
252
4.5 0
5 3.29704e-26
5.5 7.01163e-26
6 1.07262e-25
6.5 2.19216e-25
7 3.3117e-25
7.5 6.26408e-25
8 9.21647e-25
8.5 1.60973e-24
9 2.29781e-24
9.5 3.70517e-24
10 5.11254e-24
10.5 7.51198e-24
11 9.91141e-24
11.5 1.29392e-23
12 1.5967e-23
12.5 1.83647e-23
13 2.07623e-23
13.5 2.19089e-23
14 2.30555e-23
14.5 2.38618e-23
15 2.46681e-23
15.5 2.49647e-23
16 2.52613e-23
16.5 2.36249e-23
17 2.19884e-23
17.5 1.95587e-23
18 1.7129e-23
18.5 1.51072e-23
19 1.30854e-23
19.5 1.16157e-23
20 1.0146e-23
20.5 9.09561e-24
21 8.04521e-24
21.5 7.28649e-24
22 6.52777e-24
22.5 5.97118e-24
23 5.41458e-24
23.5 4.99999e-24
24 4.58541e-24
24.5 4.2722e-24
25 3.95899e-24
25.5 3.7192e-24
26 3.47941e-24
26.5 3.29342e-24
27 3.10742e-24
27.5 2.96122e-24
28 2.81501e-24
28.5 2.69846e-24
29 2.58191e-24
29.5 2.48764e-24
30 2.39336e-24
30.5 2.31595e-24
31 2.23855e-24
31.5 2.17404e-24
32 2.10954e-24
32.5 2.05503e-24
33 2.00053e-24
33.5 1.95389e-24
34 1.90725e-24
34.5 1.86691e-24
35 1.82657e-24
35.5 1.79136e-24
36 1.75615e-24
36.5 1.72519e-24
37 1.69424e-24
37.5 1.66688e-24
38 1.63952e-24
38.5 1.61523e-24
39 1.59094e-24
39.5 1.56931e-24
40 1.54768e-24
40.5 1.52837e-24
41 1.50906e-24
41.5 1.49179e-24
42 1.47452e-24
42.5 1.45905e-24
43 1.44358e-24
43.5 1.4297e-24
44 1.41581e-24
44.5 1.40334e-24
45 1.39086e-24
45.5 1.37964e-24
46 1.36841e-24
46.5 1.35829e-24
47 1.34816e-24
47.5 1.33902e-24
48 1.32987e-24
48.5 1.32158e-24
49 1.3133e-24
49.5 1.30577e-24
50 1.29824e-24
50.5 1.29137e-24
51 1.28451e-24
51.5 1.27823e-24
52 1.27195e-24
52.5 1.26618e-24
53 1.26041e-24
53.5 1.25508e-24
54 1.24975e-24
54.5 1.2448e-24
55 1.23986e-24
55.5 1.23525e-24
56 1.23063e-24
56.5 1.22631e-24
57 1.22198e-24
57.5 1.21789e-24
58 1.21381e-24
58.5 1.20993e-24
59 1.20605e-24
59.5 1.20235e-24
60 1.19865e-24
60.5 1.19509e-24
61 1.19153e-24
61.5 1.1881e-24
62 1.18467e-24
62.5 1.18133e-24
63 1.178e-24
63.5 1.17475e-24
64 1.17149e-24
64.5 1.16831e-24
65 1.16512e-24
65.5 1.16198e-24
66 1.15885e-24
66.5 1.15575e-24
67 1.15266e-24
67.5 1.14959e-24
68 1.14652e-24
68.5 1.14348e-24
69 1.14043e-24
69.5 1.1374e-24
70 1.13437e-24
70.5 1.13135e-24
71 1.12832e-24
71.5 1.1253e-24
72 1.12228e-24
72.5 1.11926e-24
73 1.11624e-24
73.5 1.11322e-24
74 1.1102e-24
74.5 1.10717e-24
75 1.10414e-24
75.5 1.1011e-24
76 1.09807e-24
76.5 1.09502e-24
77 1.09198e-24
77.5 1.08893e-24
78 1.08588e-24
78.5 1.08282e-24
79 1.07976e-24
79.5 1.0767e-24
80 1.07363e-24
80.5 1.07056e-24
81 1.06749e-24
81.5 1.06441e-24
82 1.06133e-24
82.5 1.05825e-24
83 1.05517e-24
83.5 1.05209e-24
84 1.04901e-24
84.5 1.04592e-24
85 1.04284e-24
85.5 1.03976e-24
86 1.03668e-24
86.5 1.0336e-24
87 1.03052e-24
87.5 1.02745e-24
88 1.02438e-24
88.5 1.02132e-24
89 1.01826e-24
89.5 1.01521e-24
90 1.01216e-24
90.5 1.00913e-24
91 1.0061e-24
91.5 1.00308e-24
92 1.00006e-24
92.5 9.97071e-25
93 9.94077e-25
93.5 9.91108e-25
94 9.8814e-25
94.5 9.852e-25
95 9.8226e-25
95.5 9.79353e-25
96 9.76447e-25
96.5 9.73577e-25
97 9.70707e-25
97.5 9.67878e-25
98 9.6505e-25
98.5 9.62268e-25
99 9.59485e-25
99.5 9.56754e-25
100 9.54023e-25
100.5 9.51349e-25
101 9.48675e-25
101.5 9.46063e-25
102 9.4345e-25
102.5 9.40907e-25
103 9.38363e-25
103.5 9.35894e-25
104 9.33426e-25
104.5 9.31039e-25
105 9.28652e-25
105.5 9.26354e-25
106 9.11613e-25
106.5 9.09981e-25
107 9.08357e-25
107.5 9.06741e-25
108 9.05132e-25
108.5 9.03531e-25
109 9.01964e-25
109.5 9.0079e-25
110 8.99621e-25
110.5 8.98457e-25
111 8.97299e-25
111.5 8.96146e-25
112 8.94998e-25
112.5 8.94401e-25
113 8.93826e-25
113.5 8.93255e-25
114 8.92685e-25
114.5 8.92118e-25
115 8.91554e-25
115.5 8.91516e-25
116 8.91709e-25
116.5 8.91901e-25
117 8.92092e-25
117.5 8.92283e-25
118 8.92472e-25
118.5 8.92904e-25
119 8.94072e-25
119.5 8.95234e-25
120 8.96392e-25
120.5 8.97545e-25
121 8.98693e-25
121.5 8.99837e-25
122 9.01745e-25
122.5 9.04115e-25
123 9.06476e-25
123.5 9.08827e-25
124 9.11168e-25
124.5 9.135e-25
125 9.15823e-25
125.5 9.19363e-25
126 9.2318e-25
126.5 9.26981e-25
127 9.30768e-25
127.5 9.3454e-25
128 9.38297e-25
128.5 9.4204e-25
129 9.47209e-25
129.5 9.52708e-25
130 9.58185e-25
