0.5 130 260
260
0.5 0
1 3.86974e-28
1.5 1.01053e-27
2 2.05948e-27
2.5 3.65606e-27
3 5.94284e-27
3.5 9.08928e-27
4 1.33005e-26
4.5 1.88299e-26
5 2.5997e-26
5.5 3.52144e-26
6 4.70238e-26
6.5 6.21471e-26
7 8.15559e-26
7.5 1.06567e-25
8 1.38962e-25
8.5 1.81083e-25
9 2.35717e-25
9.5 3.05224e-25
10 3.88996e-25
10.5 4.79832e-25
11 5.65904e-25
11.5 6.43992e-25
12 7.27452e-25
12.5 8.36291e-25
13 9.87932e-25
13.5 1.19819e-24
14 1.48573e-24
14.5 1.87578e-24
15 2.40204e-24
15.5 3.10475e-24
16 4.01759e-24
16.5 5.12928e-24
17 6.31393e-24
17.5 7.2925e-24
18 7.77379e-24
18.5 7.71707e-24
19 7.34339e-24
19.5 6.89078e-24
20 6.46908e-24
20.5 6.08118e-24
21 5.69329e-24
21.5 5.27807e-24
22 4.86286e-24
22.5 4.43696e-24
23 4.01106e-24
23.5 3.63624e-24
24 3.26142e-24
24.5 2.96211e-24
25 2.66281e-24
25.5 2.43303e-24
26 2.20326e-24
26.5 2.02811e-24
27 1.85296e-24
27.5 1.71839e-24
28 1.58383e-24
28.5 1.47904e-24
29 1.37426e-24
29.5 1.29144e-24
30 1.20862e-24
30.5 1.14847e-24
31 1.08831e-24
31.5 1.02816e-24
32 9.68003e-25
32.5 9.27517e-25
33 8.87031e-25
33.5 8.46546e-25
34 8.0606e-25
34.5 7.77831e-25
35 7.49602e-25
35.5 7.21372e-25
36 6.93143e-25
36.5 6.72976e-25
37 6.5281e-25
37.5 6.32643e-25
38 6.12477e-25
38.5 5.9784e-25
39 5.83204e-25
39.5 5.68568e-25
40 5.53931e-25
40.5 5.43205e-25
41 5.32478e-25
41.5 5.21751e-25
42 5.11025e-25
42.5 5.03119e-25
43 4.95213e-25
43.5 4.87308e-25
44 4.79402e-25
44.5 4.73557e-25
45 4.67713e-25
45.5 4.61869e-25
46 4.56025e-25
46.5 4.51697e-25
47 4.47369e-25
47.5 4.43042e-25
48 4.38714e-25
48.5 4.35505e-25
49 4.32296e-25
49.5 4.29086e-25
50 4.25877e-25
50.5 4.23491e-25
51 4.21104e-25
51.5 4.18718e-25
52 4.16331e-25
52.5 4.14546e-25
53 4.12762e-25
53.5 4.10977e-25
54 4.09192e-25
54.5 4.07843e-25
55 4.06494e-25
55.5 4.05145e-25
56 4.03796e-25
56.5 4.02758e-25
57 4.01719e-25
57.5 4.0068e-25
58 3.99641e-25
58.5 3.98818e-25
59 3.97995e-25
59.5 3.97171e-25
60 3.96348e-25
60.5 3.95668e-25
61 3.94988e-25
61.5 3.94309e-25
62 3.93629e-25
62.5 3.93039e-25
63 3.9245e-25
63.5 3.9186e-25
64 3.9127e-25
64.5 3.90729e-25
65 3.90189e-25
65.5 3.89648e-25
66 3.89107e-25
66.5 3.88585e-25
67 3.88064e-25
67.5 3.87542e-25
68 3.8702e-25
68.5 3.86495e-25
69 3.85969e-25
69.5 3.85444e-25
70 3.84919e-25
70.5 3.84374e-25
71 3.83829e-25
71.5 3.83284e-25
72 3.82739e-25
72.5 3.82163e-25
73 3.81586e-25
73.5 3.8101e-25
74 3.80434e-25
74.5 3.79818e-25
75 3.79203e-25
75.5 3.78587e-25
76 3.77972e-25
76.5 3.77312e-25
77 3.76652e-25
77.5 3.75992e-25
78 3.75332e-25
78.5 3.74625e-25
79 3.73918e-25
79.5 3.73211e-25
80 3.72503e-25
80.5 3.71712e-25
81 3.7092e-25
81.5 3.70128e-25
82 3.69337e-25
82.5 3.68545e-25
83 3.67753e-25
83.5 3.66962e-25
84 3.6617e-25
84.5 3.65378e-25
85 3.64586e-25
85.5 3.6368e-25
86 3.62773e-25
86.5 3.61866e-25
87 3.60959e-25
87.5 3.60052e-25
88 3.59146e-25
88.5 3.58239e-25
89 3.57332e-25
89.5 3.56425e-25
90 3.55518e-25
90.5 3.54512e-25
91 3.53507e-25
91.5 3.52501e-25
92 3.51495e-25
92.5 3.50489e-25
93 3.49483e-25
93.5 3.48477e-25
94 3.47471e-25
94.5 3.46465e-25
95 3.4546e-25
95.5 3.44376e-25
96 3.43293e-25
96.5 3.4221e-25
97 3.41127e-25
97.5 3.40044e-25
98 3.38961e-25
98.5 3.37877e-25
99 3.36794e-25
99.5 3.35711e-25
100 3.34628e-25
100.5 3.33478e-25
101 3.32328e-25
101.5 3.31179e-25
102 3.30029e-25
102.5 3.28879e-25
103 3.2773e-25
103.5 3.2658e-25
104 3.2543e-25
104.5 3.2428e-25
105 3.23131e-25
105.5 3.21981e-25
106 3.20831e-25
106.5 3.19682e-25
107 3.18532e-25
107.5 3.17382e-25
108 3.16233e-25
108.5 3.15083e-25
109 3.13933e-25
109.5 3.12783e-25
110 3.11634e-25
110.5 3.1048e-25
111 3.09326e-25
111.5 3.08172e-25
112 3.07018e-25
112.5 3.05864e-25
113 3.0471e-25
113.5 3.03557e-25
114 3.02403e-25
114.5 3.01249e-25
115 3.00095e-25
115.5 2.98941e-25
116 2.97787e-25
116.5 2.96633e-25
117 2.95479e-25
117.5 2.94326e-25
118 2.93172e-25
118.5 2.92018e-25
119 2.90864e-25
119.5 2.8971e-25
120 2.88556e-25
120.5 2.87496e-25
121 2.86436e-25
121.5 2.85376e-25
122 2.84316e-25
122.5 2.83256e-25
123 2.82196e-25
123.5 2.81136e-25
124 2.80076e-25
124.5 2.79015e-25
125 2.77955e-25
125.5 2.76895e-25
126 2.75835e-25
126.5 2.74775e-25
127 2.73715e-25
127.5 2.72655e-25
128 2.71595e-25
128.5 2.70535e-25
129 2.69475e-25
129.5 2.68415e-25
130 2.67355e-25
