0.5 130 260
260
0.5 0
1 1.72721e-27
1.5 4.97448e-27
2 1.08957e-26
2.5 2.047e-26
3 3.48771e-26
3.5 5.55771e-26
4 8.44194e-26
4.5 1.23792e-25
5 1.7682e-25
5.5 2.47581e-25
6 3.41207e-25
6.5 4.63447e-25
7 6.19038e-25
7.5 8.09614e-25
8 1.03651e-24
8.5 1.31162e-24
9 1.66323e-24
9.5 2.1307e-24
10 2.7616e-24
10.5 3.61656e-24
11 4.77652e-24
11.5 6.34977e-24
12 8.47853e-24
12.5 1.13394e-23
13 1.51019e-23
13.5 1.97684e-23
14 2.48599e-23
14.5 2.91757e-23
15 3.12396e-23
15.5 3.04669e-23
16 2.76214e-23
16.5 2.39598e-23
17 2.03762e-23
17.5 1.72589e-23
18 1.4685e-23
18.5 1.26023e-23
19 1.09238e-23
19.5 9.56549e-24
20 8.45742e-24
20.5 7.61084e-24
21 6.76426e-24
21.5 6.16529e-24
22 5.56632e-24
22.5 5.12649e-24
23 4.68665e-24
23.5 4.35314e-24
24 4.01963e-24
24.5 3.75985e-24
25 3.50007e-24
25.5 3.29319e-24
26 3.0863e-24
26.5 2.91855e-24
27 2.75079e-24
27.5 2.61278e-24
28 2.47477e-24
28.5 2.35992e-24
29 2.24508e-24
29.5 2.14867e-24
30 2.05226e-24
30.5 1.97692e-24
31 1.90158e-24
31.5 1.82624e-24
32 1.7509e-24
32.5 1.69624e-24
33 1.64158e-24
33.5 1.58692e-24
34 1.53225e-24
34.5 1.49231e-24
35 1.45236e-24
35.5 1.41241e-24
36 1.37247e-24
36.5 1.34325e-24
37 1.31404e-24
37.5 1.28482e-24
38 1.2556e-24
38.5 1.23431e-24
39 1.21302e-24
39.5 1.19172e-24
40 1.17043e-24
40.5 1.15501e-24
41 1.13959e-24
41.5 1.12417e-24
42 1.10875e-24
42.5 1.09768e-24
43 1.08661e-24
43.5 1.07554e-24
44 1.06447e-24
44.5 1.05662e-24
45 1.04876e-24
45.5 1.0409e-24
46 1.03304e-24
46.5 1.02753e-24
47 1.02203e-24
47.5 1.01652e-24
48 1.01101e-24
48.5 1.00721e-24
49 1.0034e-24
49.5 9.996e-25
50 9.95797e-25
50.5 9.93209e-25
51 9.90621e-25
51.5 9.88033e-25
52 9.85446e-25
52.5 9.83707e-25
53 9.81968e-25
53.5 9.8023e-25
54 9.78491e-25
54.5 9.77326e-25
55 9.76161e-25
55.5 9.74996e-25
56 9.73831e-25
56.5 9.73033e-25
57 9.72235e-25
57.5 9.71437e-25
58 9.70639e-25
58.5 9.70053e-25
59 9.69468e-25
59.5 9.68883e-25
60 9.68298e-25
60.5 9.67811e-25
61 9.67324e-25
61.5 9.66837e-25
62 9.6635e-25
62.5 9.65877e-25
63 9.65404e-25
63.5 9.64931e-25
64 9.64458e-25
64.5 9.63937e-25
65 9.63416e-25
65.5 9.62895e-25
66 9.62374e-25
66.5 9.61762e-25
67 9.61149e-25
67.5 9.60536e-25
68 9.59924e-25
68.5 9.59189e-25
69 9.58454e-25
69.5 9.57719e-25
70 9.56984e-25
70.5 9.56106e-25
71 9.55227e-25
71.5 9.54349e-25
72 9.53471e-25
72.5 9.52437e-25
73 9.51404e-25
73.5 9.5037e-25
74 9.49336e-25
74.5 9.4814e-25
75 9.46944e-25
75.5 9.45747e-25
76 9.44551e-25
76.5 9.4319e-25
77 9.4183e-25
77.5 9.40469e-25
78 9.39108e-25
78.5 9.37584e-25
79 9.36061e-25
79.5 9.34537e-25
80 9.33013e-25
80.5 9.31216e-25
81 9.2942e-25
81.5 9.27623e-25
82 9.25826e-25
82.5 9.2403e-25
83 9.22233e-25
83.5 9.20436e-25
84 9.1864e-25
84.5 9.16843e-25
85 9.15046e-25
85.5 9.12899e-25
86 9.10751e-25
86.5 9.08603e-25
87 9.06455e-25
87.5 9.04307e-25
88 9.02159e-25
88.5 9.00011e-25
89 8.97863e-25
89.5 8.95715e-25
90 8.93567e-25
90.5 8.91129e-25
91 8.8869e-25
91.5 8.86252e-25
92 8.83813e-25
92.5 8.81374e-25
93 8.78936e-25
93.5 8.76497e-25
94 8.74059e-25
94.5 8.7162e-25
95 8.69181e-25
95.5 8.6652e-25
96 8.63859e-25
96.5 8.61197e-25
97 8.58536e-25
97.5 8.55874e-25
98 8.53213e-25
98.5 8.50552e-25
99 8.4789e-25
99.5 8.45229e-25
100 8.42567e-25
100.5 8.39712e-25
101 8.36857e-25
101.5 8.34001e-25
102 8.31146e-25
102.5 8.2829e-25
103 8.25435e-25
103.5 8.2258e-25
104 8.19724e-25
104.5 8.16869e-25
105 8.14013e-25
105.5 8.11158e-25
106 8.08303e-25
106.5 8.05447e-25
107 8.02592e-25
107.5 7.99736e-25
108 7.96881e-25
108.5 7.94026e-25
109 7.9117e-25
109.5 7.88315e-25
110 7.85459e-25
110.5 7.82573e-25
111 7.79687e-25
111.5 7.76801e-25
112 7.73915e-25
112.5 7.71029e-25
113 7.68143e-25
113.5 7.65256e-25
114 7.6237e-25
114.5 7.59484e-25
115 7.56598e-25
115.5 7.53712e-25
116 7.50826e-25
116.5 7.4794e-25
117 7.45053e-25
117.5 7.42167e-25
118 7.39281e-25
118.5 7.36395e-25
119 7.33509e-25
119.5 7.30623e-25
120 7.27737e-25
120.5 7.25077e-25
121 7.22416e-25
121.5 7.19756e-25
122 7.17096e-25
122.5 7.14436e-25
123 7.11776e-25
123.5 7.09116e-25
124 7.06456e-25
124.5 7.03796e-25
125 7.01136e-25
125.5 6.98476e-25
126 6.95816e-25
126.5 6.93156e-25
127 6.90496e-25
127.5 6.87836e-25
128 6.85176e-25
128.5 6.82515e-25
129 6.79855e-25
129.5 6.77195e-25
130 6.74535e-25
