0.5 130 260
260
0.5 0
1 3.98335e-28
1.5 1.04433e-27
2 2.13587e-27
2.5 3.80435e-27
3 6.20449e-27
3.5 9.52218e-27
4 1.3985e-26
4.5 1.9877e-26
5 2.7561e-26
5.5 3.75097e-26
6 5.03503e-26
6.5 6.69257e-26
7 8.83781e-26
7.5 1.1626e-25
8 1.52655e-25
8.5 2.00222e-25
9 2.61834e-25
9.5 3.39124e-25
10 4.29416e-25
10.5 5.24273e-25
11 6.17437e-25
11.5 7.17178e-25
12 8.44206e-25
12.5 1.02151e-24
13 1.27265e-24
13.5 1.62648e-24
14 2.12157e-24
14.5 2.80527e-24
15 3.71567e-24
15.5 4.82415e-24
16 5.94122e-24
16.5 6.72896e-24
17 6.99474e-24
17.5 6.91564e-24
18 6.80268e-24
18.5 6.81401e-24
19 6.91294e-24
19.5 6.94933e-24
20 6.77669e-24
20.5 6.25946e-24
21 5.74222e-24
21.5 5.08354e-24
22 4.42486e-24
22.5 3.88972e-24
23 3.35459e-24
23.5 2.97511e-24
24 2.59564e-24
24.5 2.33204e-24
25 2.06844e-24
25.5 1.88216e-24
26 1.69588e-24
26.5 1.56065e-24
27 1.42543e-24
27.5 1.32458e-24
28 1.22374e-24
28.5 1.14671e-24
29 1.06968e-24
29.5 1.00962e-24
30 9.49571e-25
30.5 9.06621e-25
31 8.63672e-25
31.5 8.20722e-25
32 7.77773e-25
32.5 7.49444e-25
33 7.21115e-25
33.5 6.92786e-25
34 6.64457e-25
34.5 6.45151e-25
35 6.25844e-25
35.5 6.06537e-25
36 5.8723e-25
36.5 5.73813e-25
37 5.60397e-25
37.5 5.4698e-25
38 5.33564e-25
38.5 5.24149e-25
39 5.14734e-25
39.5 5.0532e-25
40 4.95905e-25
40.5 4.89281e-25
41 4.82657e-25
41.5 4.76033e-25
42 4.69409e-25
42.5 4.64763e-25
43 4.60117e-25
43.5 4.55471e-25
44 4.50825e-25
44.5 4.47592e-25
45 4.44359e-25
45.5 4.41126e-25
46 4.37893e-25
46.5 4.3567e-25
47 4.33447e-25
47.5 4.31225e-25
48 4.29002e-25
48.5 4.27498e-25
49 4.25994e-25
49.5 4.2449e-25
50 4.22986e-25
50.5 4.21987e-25
51 4.20989e-25
51.5 4.1999e-25
52 4.18991e-25
52.5 4.18341e-25
53 4.1769e-25
53.5 4.17039e-25
54 4.16388e-25
54.5 4.15968e-25
55 4.15548e-25
55.5 4.15128e-25
56 4.14708e-25
56.5 4.14432e-25
57 4.14157e-25
57.5 4.13881e-25
58 4.13606e-25
58.5 4.1341e-25
59 4.13215e-25
59.5 4.1302e-25
60 4.12825e-25
60.5 4.12663e-25
61 4.12501e-25
61.5 4.12339e-25
62 4.12176e-25
62.5 4.12013e-25
63 4.11849e-25
63.5 4.11685e-25
64 4.11522e-25
64.5 4.11331e-25
65 4.11141e-25
65.5 4.10951e-25
66 4.1076e-25
66.5 4.10526e-25
67 4.10291e-25
67.5 4.10056e-25
68 4.09822e-25
68.5 4.0953e-25
69 4.09239e-25
69.5 4.08947e-25
70 4.08656e-25
70.5 4.083e-25
71 4.07944e-25
71.5 4.07588e-25
72 4.07231e-25
72.5 4.06806e-25
73 4.0638e-25
73.5 4.05954e-25
74 4.05529e-25
74.5 4.05031e-25
75 4.04533e-25
75.5 4.04035e-25
76 4.03538e-25
76.5 4.02968e-25
77 4.02398e-25
77.5 4.01827e-25
78 4.01257e-25
78.5 4.00616e-25
79 3.99974e-25
79.5 3.99332e-25
80 3.98691e-25
80.5 3.9793e-25
81 3.97169e-25
81.5 3.96409e-25
82 3.95648e-25
82.5 3.94887e-25
83 3.94127e-25
83.5 3.93366e-25
84 3.92605e-25
84.5 3.91845e-25
85 3.91084e-25
85.5 3.90171e-25
86 3.89257e-25
86.5 3.88344e-25
87 3.87431e-25
87.5 3.86517e-25
88 3.85604e-25
88.5 3.84691e-25
89 3.83777e-25
89.5 3.82864e-25
90 3.8195e-25
90.5 3.80911e-25
91 3.79872e-25
91.5 3.78833e-25
92 3.77793e-25
92.5 3.76754e-25
93 3.75715e-25
93.5 3.74675e-25
94 3.73636e-25
94.5 3.72597e-25
95 3.71558e-25
95.5 3.70422e-25
96 3.69286e-25
96.5 3.68151e-25
97 3.67015e-25
97.5 3.65879e-25
98 3.64744e-25
98.5 3.63608e-25
99 3.62473e-25
99.5 3.61337e-25
100 3.60201e-25
100.5 3.58982e-25
101 3.57762e-25
101.5 3.56543e-25
102 3.55323e-25
102.5 3.54103e-25
103 3.52884e-25
103.5 3.51664e-25
104 3.50445e-25
104.5 3.49225e-25
105 3.48006e-25
105.5 3.46786e-25
106 3.45566e-25
106.5 3.44347e-25
107 3.43127e-25
107.5 3.41908e-25
108 3.40688e-25
108.5 3.39468e-25
109 3.38249e-25
109.5 3.37029e-25
110 3.3581e-25
110.5 3.34576e-25
111 3.33343e-25
111.5 3.32109e-25
112 3.30876e-25
112.5 3.29642e-25
113 3.28409e-25
113.5 3.27176e-25
114 3.25942e-25
114.5 3.24709e-25
115 3.23475e-25
115.5 3.22242e-25
116 3.21008e-25
116.5 3.19775e-25
117 3.18542e-25
117.5 3.17308e-25
118 3.16075e-25
118.5 3.14841e-25
119 3.13608e-25
119.5 3.12374e-25
120 3.11141e-25
120.5 3.10004e-25
121 3.08867e-25
121.5 3.07729e-25
122 3.06592e-25
122.5 3.05455e-25
123 3.04318e-25
123.5 3.03181e-25
124 3.02044e-25
124.5 3.00907e-25
125 2.99769e-25
125.5 2.98632e-25
126 2.97495e-25
126.5 2.96358e-25
127 2.95221e-25
127.5 2.94084e-25
128 2.92947e-25
128.5 2.9181e-25
129 2.90672e-25
129.5 2.89535e-25
130 2.88398e-25
