4 130 631
631
4 0
4.2 1.2181e-26
4.4 2.5152e-26
4.6 3.8124e-26
4.8 5.1096e-26
5 6.4068e-26
5.2 7.704e-26
5.4 9.0011e-26
5.6 1.0298e-25
5.8 1.1595e-25
6 1.2893e-25
6.2 1.419e-25
6.4 1.5487e-25
6.6 1.6784e-25
6.8 1.8081e-25
7 1.9379e-25
7.2 2.0676e-25
7.4 2.1973e-25
7.6 2.327e-25
7.8 2.4567e-25
8 2.5883e-25
8.2 2.78e-25
8.4 3.0987e-25
8.6 3.4175e-25
8.8 3.7362e-25
9 4.055e-25
9.2 4.3737e-25
9.4 4.6925e-25
9.6 5.0112e-25
9.8 5.3299e-25
10 5.6487e-25
10.2 6.6943e-25
10.4 8.089e-25
10.6 9.7649e-25
10.8 1.1506e-24
11 1.3068e-24
11.2 1.44e-24
11.4 1.5861e-24
11.6 1.7543e-24
11.8 2.1545e-24
12 2.3506e-24
12.2 2.2961e-24
12.4 2.0026e-24
12.6 1.9178e-24
12.8 1.838e-24
13 1.8498e-24
13.2 1.7015e-24
13.4 1.626e-24
13.6 1.6214e-24
13.8 1.67e-24
14 1.51e-24
14.2 1.4953e-24
14.4 1.5577e-24
14.6 1.5901e-24
14.8 1.5875e-24
15 1.6283e-24
15.2 1.6889e-24
15.4 1.7563e-24
15.6 1.815e-24
15.8 1.85e-24
16 1.8624e-24
16.2 1.8553e-24
16.4 1.8544e-24
16.6 1.8646e-24
16.8 1.8888e-24
17 1.9272e-24
17.2 1.9705e-24
17.4 1.9974e-24
17.6 2.0103e-24
17.8 2.0333e-24
18 2.0786e-24
18.2 2.1311e-24
18.4 2.186e-24
18.6 2.1947e-24
18.8 2.1592e-24
19 2.126e-24
19.2 2.1117e-24
19.4 2.1137e-24
19.6 2.1397e-24
19.8 2.1696e-24
20 2.2118e-24
20.2 2.2631e-24
20.4 2.3321e-24
20.6 2.3999e-24
20.8 2.4234e-24
21 2.4049e-24
21.2 2.3872e-24
21.4 2.3857e-24
21.6 2.3971e-24
21.8 2.4162e-24
22 1.6857e-24
22.2 1.7167e-24
22.4 1.7519e-24
22.6 1.7877e-24
22.8 1.8216e-24
23 1.8515e-24
23.2 1.8761e-24
23.4 1.8941e-24
23.6 1.9049e-24
23.8 1.9082e-24
24 1.9042e-24
24.2 1.8935e-24
24.4 1.8772e-24
24.6 1.8566e-24
24.8 1.8334e-24
25 1.8093e-24
25.2 1.7863e-24
25.4 1.7663e-24
25.6 1.7514e-24
25.8 1.7437e-24
26 1.7455e-24
26.2 1.7591e-24
26.4 1.7869e-24
26.6 1.8311e-24
26.8 1.8934e-24
27 1.9734e-24
27.2 2.0674e-24
27.4 2.1656e-24
27.6 2.2508e-24
27.8 2.3009e-24
28 2.2967e-24
28.2 2.233e-24
28.4 2.1217e-24
28.6 1.9846e-24
28.8 1.8427e-24
29 1.7101e-24
29.2 1.5933e-24
29.4 1.4941e-24
29.6 1.4111e-24
29.8 1.342e-24
30 1.2844e-24
30.2 1.24108e-24
30.4 1.19776e-24
30.6 1.16046e-24
30.8 1.12918e-24
31 1.0979e-24
31.2 1.0719e-24
31.4 1.0459e-24
31.6 1.0207e-24
31.8 9.963e-25
32 9.719e-25
32.2 9.47396e-25
32.4 9.22892e-25
32.6 8.98118e-25
32.8 8.73074e-25
33 8.4803e-25
33.2 8.22754e-25
33.4 7.97478e-25
33.6 7.72394e-25
33.8 7.47502e-25
34 7.2261e-25
34.2 6.9875e-25
34.4 6.7489e-25
34.6 6.51798e-25
34.8 6.29474e-25
35 6.0715e-25
35.2 5.91126e-25
35.4 5.75102e-25
35.6 5.59706e-25
35.8 5.44938e-25
36 5.30171e-25
36.2 5.16768e-25
36.4 5.03365e-25
36.6 4.9066e-25
36.8 4.78653e-25
37 4.66646e-25
37.2 4.55975e-25
37.4 4.45303e-25
37.6 4.35261e-25
37.8 4.2585e-25
38 4.16438e-25
38.2 4.08173e-25
38.4 3.99907e-25
38.6 3.92161e-25
38.8 3.84934e-25
39 3.77708e-25
39.2 3.71411e-25
39.4 3.65114e-25
39.6 3.59227e-25
39.8 3.53752e-25
40 3.48276e-25
40.2 3.41326e-25
40.4 3.34375e-25
40.6 3.2785e-25
40.8 3.21749e-25
41 3.15648e-25
41.2 3.10282e-25
41.4 3.04915e-25
41.6 2.99868e-25
41.8 2.9514e-25
42 2.90412e-25
42.2 2.86241e-25
42.4 2.8207e-25
42.6 2.78138e-25
42.8 2.74447e-25
43 2.70756e-25
43.2 2.67492e-25
43.4 2.64228e-25
43.6 2.61146e-25
43.8 2.58247e-25
44 2.55348e-25
44.2 2.5277e-25
44.4 2.50193e-25
44.6 2.47759e-25
44.8 2.4547e-25
45 2.4318e-25
45.2 2.41135e-25
45.4 2.3909e-25
45.6 2.37158e-25
45.8 2.35339e-25
46 2.3352e-25
46.2 2.31888e-25
46.4 2.30256e-25
46.6 2.28713e-25
46.8 2.27258e-25
47 2.25804e-25
47.2 2.24498e-25
47.4 2.23193e-25
47.6 2.21957e-25
47.8 2.2079e-25
48 2.19624e-25
48.2 2.18573e-25
48.4 2.17522e-25
48.6 2.16526e-25
48.8 2.15585e-25
49 2.14644e-25
49.2 2.13794e-25
49.4 2.12945e-25
49.6 2.12138e-25
49.8 2.11375e-25
50 2.10612e-25
50.2 2.09962e-25
50.4 2.09311e-25
50.6 2.08661e-25
50.8 2.0801e-25
51 2.0736e-25
51.2 2.0683e-25
51.4 2.06299e-25
51.6 2.05769e-25
51.8 2.05238e-25
52 2.04708e-25
52.2 2.04276e-25
52.4 2.03844e-25
52.6 2.03412e-25
52.8 2.0298e-25
53 2.02548e-25
53.2 2.02195e-25
53.4 2.01842e-25
53.6 2.0149e-25
53.8 2.01137e-25
54 2.00784e-25
54.2 2.00494e-25
54.4 2.00203e-25
54.6 1.99913e-25
54.8 1.99622e-25
55 1.99332e-25
55.2 1.99094e-25
55.4 1.98857e-25
55.6 1.98619e-25
55.8 1.98382e-25
56 1.98144e-25
56.2 1.97945e-25
56.4 1.97746e-25
56.6 1.97546e-25
56.8 1.97347e-25
57 1.97148e-25
57.2 1.96982e-25
57.4 1.96817e-25
57.6 1.96651e-25
57.8 1.96486e-25
58 1.9632e-25
58.2 1.96178e-25
58.4 1.96037e-25
58.6 1.95895e-25
58.8 1.95754e-25
59 1.95612e-25
59.2 1.95492e-25
59.4 1.95372e-25
59.6 1.95252e-25
59.8 1.95132e-25
60 1.95012e-25
60.2 1.94909e-25
60.4 1.94806e-25
60.6 1.94702e-25
60.8 1.94599e-25
61 1.94496e-25
61.2 1.94402e-25
61.4 1.94309e-25
61.6 1.94215e-25
61.8 1.94122e-25
62 1.94028e-25
62.2 1.93942e-25
62.4 1.93855e-25
62.6 1.93769e-25
62.8 1.93682e-25
63 1.93596e-25
63.2 1.93517e-25
63.4 1.93438e-25
63.6 1.93358e-25
63.8 1.93279e-25
64 1.932e-25
64.2 1.93123e-25
64.4 1.93046e-25
64.6 1.9297e-25
64.8 1.92893e-25
65 1.92816e-25
65.2 1.92742e-25
65.4 1.92667e-25
65.6 1.92593e-25
65.8 1.92518e-25
66 1.92444e-25
66.2 1.92372e-25
66.4 1.923e-25
66.6 1.92228e-25
66.8 1.92156e-25
67 1.92084e-25
67.2 1.92007e-25
67.4 1.9193e-25
67.6 1.91854e-25
67.8 1.91777e-25
68 1.917e-25
68.2 1.91623e-25
68.4 1.91546e-25
68.6 1.9147e-25
68.8 1.91393e-25
69 1.91316e-25
69.2 1.91237e-25
69.4 1.91158e-25
69.6 1.91078e-25
69.8 1.90999e-25
70 1.9092e-25
70.2 1.90836e-25
70.4 1.90752e-25
70.6 1.90668e-25
70.8 1.90584e-25
71 1.905e-25
71.2 1.90411e-25
71.4 1.90322e-25
71.6 1.90234e-25
71.8 1.90145e-25
72 1.90056e-25
72.2 1.89962e-25
72.4 1.89869e-25
72.6 1.89775e-25
72.8 1.89682e-25
73 1.89588e-25
73.2 1.8949e-25
73.4 1.89391e-25
73.6 1.89293e-25
73.8 1.89194e-25
74 1.89096e-25
74.2 1.88993e-25
74.4 1.8889e-25
74.6 1.88786e-25
74.8 1.88683e-25
75 1.8858e-25
75.2 1.88472e-25
75.4 1.88364e-25
75.6 1.88256e-25
75.8 1.88148e-25
76 1.8804e-25
76.2 1.87925e-25
76.4 1.8781e-25
76.6 1.87694e-25
76.8 1.87579e-25
77 1.87464e-25
77.2 1.87344e-25
77.4 1.87224e-25
77.6 1.87104e-25
77.8 1.86984e-25
78 1.86864e-25
78.2 1.86737e-25
78.4 1.8661e-25
78.6 1.86482e-25
78.8 1.86355e-25
79 1.86228e-25
79.2 1.86096e-25
79.4 1.85964e-25
79.6 1.85832e-25
79.8 1.857e-25
80 1.85568e-25
80.2 1.85431e-25
80.4 1.85294e-25
80.6 1.85158e-25
80.8 1.85021e-25
81 1.84884e-25
81.2 1.8474e-25
81.4 1.84596e-25
81.6 1.84452e-25
81.8 1.84308e-25
82 1.84164e-25
82.2 1.84015e-25
82.4 1.83866e-25
82.6 1.83718e-25
82.8 1.83569e-25
83 1.8342e-25
83.2 1.83266e-25
83.4 1.83113e-25
83.6 1.82959e-25
83.8 1.82806e-25
84 1.82652e-25
84.2 1.82491e-25
84.4 1.8233e-25
84.6 1.8217e-25
84.8 1.82009e-25
85 1.81848e-25
85.2 1.81682e-25
85.4 1.81517e-25
85.6 1.81351e-25
85.8 1.81186e-25
86 1.8102e-25
86.2 1.8085e-25
86.4 1.80679e-25
86.6 1.80509e-25
86.8 1.80338e-25
87 1.80168e-25
87.2 1.79993e-25
87.4 1.79818e-25
87.6 1.79642e-25
87.8 1.79467e-25
88 1.79292e-25
88.2 1.79112e-25
88.4 1.78932e-25
88.6 1.78752e-25
88.8 1.78572e-25
89 1.78392e-25
89.2 1.7821e-25
89.4 1.78027e-25
89.6 1.77845e-25
89.8 1.77662e-25
90 1.7748e-25
90.2 1.7729e-25
90.4 1.77101e-25
90.6 1.76911e-25
90.8 1.76722e-25
91 1.76532e-25
91.2 1.76338e-25
91.4 1.76143e-25
91.6 1.75949e-25
91.8 1.75754e-25
92 1.7556e-25
92.2 1.75363e-25
92.4 1.75166e-25
92.6 1.7497e-25
92.8 1.74773e-25
93 1.74576e-25
93.2 1.74374e-25
93.4 1.74173e-25
93.6 1.73971e-25
93.8 1.7377e-25
94 1.73568e-25
94.2 1.73364e-25
94.4 1.7316e-25
94.6 1.72956e-25
94.8 1.72752e-25
95 1.72548e-25
95.2 1.72342e-25
95.4 1.72135e-25
95.6 1.71929e-25
95.8 1.71722e-25
96 1.71516e-25
96.2 1.71305e-25
96.4 1.71094e-25
96.6 1.70882e-25
96.8 1.70671e-25
97 1.7046e-25
97.2 1.70244e-25
97.4 1.70028e-25
97.6 1.69812e-25
97.8 1.69596e-25
98 1.6938e-25
98.2 1.69164e-25
98.4 1.68948e-25
98.6 1.68732e-25
98.8 1.68516e-25
99 1.683e-25
99.2 1.68082e-25
99.4 1.67863e-25
99.6 1.67645e-25
99.8 1.67426e-25
100 1.67208e-25
100.2 1.66682e-25
100.4 1.66157e-25
100.6 1.65631e-25
100.8 1.65106e-25
101 1.6458e-25
101.2 1.64369e-25
101.4 1.64158e-25
101.6 1.63946e-25
101.8 1.63735e-25
102 1.63524e-25
102.2 1.6331e-25
102.4 1.63097e-25
102.6 1.62883e-25
102.8 1.6267e-25
103 1.62456e-25
103.2 1.6224e-25
103.4 1.62024e-25
103.6 1.61808e-25
103.8 1.61592e-25
104 1.61376e-25
104.2 1.61158e-25
104.4 1.60939e-25
104.6 1.60721e-25
104.8 1.60502e-25
105 1.60284e-25
105.2 1.60066e-25
105.4 1.59847e-25
105.6 1.59629e-25
105.8 1.5941e-25
106 1.59192e-25
106.2 1.58971e-25
106.4 1.5875e-25
106.6 1.5853e-25
106.8 1.58309e-25
107 1.58088e-25
107.2 1.57865e-25
107.4 1.57642e-25
107.6 1.57418e-25
107.8 1.57195e-25
108 1.56972e-25
108.2 1.56749e-25
108.4 1.56526e-25
108.6 1.56302e-25
108.8 1.56079e-25
109 1.55856e-25
109.2 1.55633e-25
109.4 1.5541e-25
109.6 1.55186e-25
109.8 1.54963e-25
110 1.5474e-25
110.2 1.54514e-25
110.4 1.54289e-25
110.6 1.54063e-25
110.8 1.53838e-25
111 1.53612e-25
111.2 1.53386e-25
111.4 1.53161e-25
111.6 1.52935e-25
111.8 1.5271e-25
112 1.52484e-25
112.2 1.52258e-25
112.4 1.52033e-25
112.6 1.51807e-25
112.8 1.51582e-25
113 1.51356e-25
113.2 1.5113e-25
113.4 1.50905e-25
113.6 1.50679e-25
113.8 1.50454e-25
114 1.50228e-25
114.2 1.50005e-25
114.4 1.49782e-25
114.6 1.49558e-25
114.8 1.49335e-25
115 1.49112e-25
115.2 1.48886e-25
115.4 1.48661e-25
115.6 1.48435e-25
115.8 1.4821e-25
116 1.47984e-25
116.2 1.47761e-25
116.4 1.47538e-25
116.6 1.47314e-25
116.8 1.47091e-25
117 1.46868e-25
117.2 1.46647e-25
117.4 1.46426e-25
117.6 1.46206e-25
117.8 1.45985e-25
118 1.45764e-25
118.2 1.45541e-25
118.4 1.45318e-25
118.6 1.45094e-25
118.8 1.44871e-25
119 1.44648e-25
119.2 1.4443e-25
119.4 1.44211e-25
119.6 1.43993e-25
119.8 1.43774e-25
120 1.43556e-25
120.2 1.43338e-25
120.4 1.43119e-25
120.6 1.42901e-25
120.8 1.42682e-25
121 1.42464e-25
121.2 1.42248e-25
121.4 1.42032e-25
121.6 1.41816e-25
121.8 1.416e-25
122 1.41384e-25
122.2 1.41168e-25
122.4 1.40952e-25
122.6 1.40736e-25
122.8 1.4052e-25
123 1.40304e-25
123.2 1.40093e-25
123.4 1.39882e-25
123.6 1.3967e-25
123.8 1.39459e-25
124 1.39248e-25
124.2 1.39039e-25
124.4 1.3883e-25
124.6 1.38622e-25
124.8 1.38413e-25
125 1.38204e-25
125.2 1.37995e-25
125.4 1.37786e-25
125.6 1.37578e-25
125.8 1.37369e-25
126 1.3716e-25
126.2 1.36956e-25
126.4 1.36752e-25
126.6 1.36548e-25
126.8 1.36344e-25
127 1.3614e-25
127.2 1.35938e-25
127.4 1.35737e-25
127.6 1.35535e-25
127.8 1.35334e-25
128 1.35132e-25
128.2 1.34935e-25
128.4 1.34738e-25
128.6 1.34542e-25
128.8 1.34345e-25
129 1.34148e-25
129.2 1.33954e-25
129.4 1.33759e-25
129.6 1.33565e-25
129.8 1.3337e-25
130 1.33176e-25
