0.9 130 82
82
0.9 0
1 5.66283e-28
1.5 1.47343e-27
2 2.99415e-27
2.5 5.30229e-27
3 8.60008e-27
3.5 1.31271e-26
4 1.91719e-26
4.5 2.70886e-26
5 3.73204e-26
5.5 5.04324e-26
6 6.7159e-26
6.5 8.84686e-26
7 1.15655e-25
7.5 1.50468e-25
8 1.95288e-25
8.5 2.5332e-25
9 3.28662e-25
9.5 4.25707e-25
10 5.46612e-25
10.5 6.85471e-25
11 8.23519e-25
11.5 9.40414e-25
12 1.03903e-24
12.5 1.14583e-24
13 1.28817e-24
13.5 1.48395e-24
14 1.74511e-24
14.5 2.08213e-24
15 2.50544e-24
15.5 3.02397e-24
16 3.64081e-24
16.5 4.34623e-24
17 5.10918e-24
17.5 5.87119e-24
18 6.54907e-24
18.5 7.05217e-24
19 7.31171e-24
19.5 7.30717e-24
20 7.07107e-24
21 6.16887e-24
22 5.12235e-24
23 4.19683e-24
24 3.45462e-24
25 2.87744e-24
26 2.42969e-24
27 2.07914e-24
28 1.801e-24
29 1.57718e-24
30 1.39467e-24
32 1.11856e-24
34 9.23754e-25
36 7.82731e-25
38 6.78952e-25
40 6.01803e-25
42 5.44095e-25
44 5.0076e-25
46 4.68127e-25
48 4.43489e-25
50 4.24828e-25
52 4.10633e-25
54 3.99762e-25
56 3.91355e-25
58 3.84759e-25
60 3.79481e-25
62 3.75143e-25
64 3.71463e-25
66 3.68224e-25
68 3.65262e-25
70 3.62455e-25
72 3.59712e-25
74 3.56964e-25
76 3.54163e-25
78 3.51273e-25
80 3.48271e-25
85 3.40194e-25
90 3.31268e-25
95 3.21569e-25
100 3.11252e-25
110 2.89574e-25
120 2.67965e-25
130 2.48176e-25
