4.999 130 185
185
4.999 0
5 1.979e-25
5.019 2.01704e-25
5.57203 3.12419e-25
5.65183 3.28395e-25
5.83612 3.65289e-25
6 3.98097e-25
6.12078 4.44625e-25
6.3932 5.49572e-25
6.46783 5.78321e-25
6.56678 6.16441e-25
6.66607 6.54692e-25
6.6896 6.63757e-25
6.76506 6.92826e-25
6.788 7.01665e-25
6.7892 7.02127e-25
6.83594 7.20131e-25
6.8381 7.20965e-25
6.8483 7.24896e-25
6.88349 7.38452e-25
6.93093 7.56727e-25
6.97577 7.73999e-25
6.98313 7.76835e-25
6.99415 7.81082e-25
7.0035 7.84682e-25
7.00498 7.85254e-25
7.02099 7.9142e-25
7.06516 8.08439e-25
7.1 8.21859e-25
7.11359 8.31847e-25
7.11374 8.3196e-25
7.14148 8.52356e-25
7.14615 8.55785e-25
7.17788 8.79114e-25
7.18737 8.86092e-25
7.18884 8.87168e-25
7.20173 8.96646e-25
7.20549 8.99414e-25
7.22558 9.1418e-25
7.2283 9.16183e-25
7.28002 9.54205e-25
7.29121 9.62429e-25
7.30869 9.75279e-25
7.30872 9.75301e-25
8 1.4835e-24
8.03343 1.50808e-24
8.03643 1.49082e-24
8.05043 1.47194e-24
8.07443 1.44735e-24
8.08043 1.45874e-24
8.09774 1.49162e-24
8.11343 1.52141e-24
8.14543 1.58404e-24
8.17818 1.65098e-24
8.18188 1.65854e-24
8.2 1.69558e-24
8.20043 1.69444e-24
8.21216 1.67135e-24
8.21843 1.65936e-24
8.22671 1.64352e-24
8.23263 1.63251e-24
8.23708 1.62445e-24
8.23743 1.62387e-24
8.2625 1.60769e-24
8.26343 1.60709e-24
8.26843 1.61367e-24
8.27539 1.63084e-24
8.27553 1.63118e-24
8.28043 1.64327e-24
8.34113 1.79302e-24
8.34643 1.80609e-24
8.34749 1.80871e-24
8.35843 1.83569e-24
8.36119 1.8426e-24
8.37128 1.86785e-24
8.38043 1.89087e-24
8.38239 1.89586e-24
8.39143 1.91892e-24
8.39943 1.93933e-24
8.4 1.9408e-24
8.41643 1.92786e-24
8.42508 1.92131e-24
8.42548 1.92101e-24
8.42623 1.92044e-24
8.47243 1.88544e-24
8.4757 1.88302e-24
8.47934 1.88033e-24
8.47977 1.88156e-24
8.6 2.22536e-24
9 2.94439e-24
9.4 3.93648e-24
10 6.22778e-24
10.4 8.58417e-24
11 1.39845e-23
11.119 1.53981e-23
11.298 1.75243e-23
12 2.58632e-23
12.1 2.66109e-23
12.4 2.77402e-23
12.6 2.76405e-23
13 2.63143e-23
13.133 2.58132e-23
13.2 2.55607e-23
13.343 2.51513e-23
13.4 2.49881e-23
13.5 2.48054e-23
13.567 2.4798e-23
13.8 2.47722e-23
14.1 2.5584e-23
14.2 2.60422e-23
14.4 2.72154e-23
14.6 2.86742e-23
14.873 3.09194e-23
15 3.1976e-23
15.2 3.3473e-23
15.41 3.46418e-23
15.6 3.51782e-23
15.8 3.51116e-23
16 3.43978e-23
16.2 3.31266e-23
16.4 3.14447e-23
16.6 2.95146e-23
16.8 2.74807e-23
17 2.54545e-23
17.2 2.35117e-23
17.4 2.16957e-23
17.555 2.04031e-23
17.6 2.00278e-23
17.8 1.85133e-23
18 1.71478e-23
18.4 1.4823e-23
18.614 1.38749e-23
18.627 1.38173e-23
19 1.2165e-23
19.377 1.09128e-23
19.772 9.60094e-24
19.7724 9.59971e-24
19.779 9.57769e-24
20 8.84369e-24
20.851 7.5576e-24
21 7.33243e-24
22 6.50075e-24
23 5.91647e-24
23.2 5.7558e-24
23.4 5.60452e-24
23.6 5.46188e-24
23.8 5.32723e-24
24 5.19997e-24
24.2 5.07956e-24
24.45 4.93794e-24
24.55 4.88388e-24
24.65 4.83121e-24
24.8 4.75472e-24
25 4.65723e-24
25.2 4.5645e-24
25.4 4.47624e-24
25.61 4.38806e-24
26 4.23547e-24
27 3.89785e-24
28.1 3.60665e-24
28.253 3.57371e-24
29.2 3.36984e-24
30 3.22536e-24
31 3.07096e-24
32 2.9401e-24
33 2.82808e-24
34 2.73149e-24
35 2.64758e-24
36 2.57422e-24
38 2.45256e-24
40 2.35622e-24
41 2.3153e-24
42 2.27831e-24
43 2.2447e-24
44 2.21401e-24
45 2.18585e-24
50 2.07276e-24
55 1.9768e-24
60 1.84489e-24
70 1.67072e-24
80 1.57762e-24
90 1.51147e-24
100 1.36886e-24
120 1.18989e-24
130 1.11225e-24
