0.9 130 82
82
0.9 0
1 1.31678e-27
1.5 3.71338e-27
2 8.0123e-27
2.5 1.4876e-26
3 2.50914e-26
3.5 3.96169e-26
4 5.96458e-26
4.5 8.6695e-26
5 1.22731e-25
5.5 1.70342e-25
6 2.32951e-25
6.5 3.15007e-25
7 4.21885e-25
7.5 5.58821e-25
8 7.27977e-25
8.5 9.25475e-25
9 1.14686e-24
9.5 1.40229e-24
10 1.72037e-24
10.5 2.13694e-24
11 2.68941e-24
11.5 3.41958e-24
12 4.37688e-24
12.5 5.6169e-24
13 7.19191e-24
13.5 9.12807e-24
14 1.13825e-23
14.5 1.37802e-23
15 1.59724e-23
15.5 1.75124e-23
16 1.8079e-23
16.5 1.76731e-23
17 1.65837e-23
17.5 1.51828e-23
18 1.37586e-23
18.5 1.24637e-23
19 1.13319e-23
19.5 1.03199e-23
20 9.36755e-24
21 7.57604e-24
22 6.10404e-24
23 5.00185e-24
24 4.18695e-24
25 3.57203e-24
26 3.09569e-24
27 2.7178e-24
28 2.41203e-24
29 2.16062e-24
30 1.95131e-24
32 1.62627e-24
34 1.39067e-24
36 1.2174e-24
38 1.08907e-24
40 9.93812e-25
42 9.23122e-25
44 8.7076e-25
46 8.3207e-25
48 8.03554e-25
50 7.82571e-25
52 7.67128e-25
54 7.55717e-25
56 7.47199e-25
58 7.40711e-25
60 7.35603e-25
62 7.31384e-25
64 7.27687e-25
66 7.24236e-25
68 7.20828e-25
70 7.17313e-25
72 7.13584e-25
74 7.09566e-25
76 7.0521e-25
78 7.00485e-25
80 6.95376e-25
85 6.80918e-25
90 6.64202e-25
95 6.45562e-25
100 6.2543e-25
110 5.82588e-25
120 5.39522e-25
130 4.99928e-25
