0.9 130 82
82
0.9 0
1 1.58159e-27
1.5 4.5325e-27
2 9.89224e-27
2.5 1.85316e-26
3 3.14958e-26
3.5 5.00724e-26
4 7.58845e-26
4.5 1.1102e-25
5 1.58208e-25
5.5 2.21025e-25
6 3.04058e-25
6.5 4.1271e-25
7 5.52024e-25
7.5 7.24301e-25
8 9.29023e-25
8.5 1.17129e-24
9 1.47183e-24
9.5 1.8646e-24
10 2.39062e-24
10.5 3.09972e-24
11 4.0567e-24
11.5 5.34745e-24
12 7.08378e-24
12.5 9.40476e-24
13 1.24589e-23
13.5 1.63182e-23
14 2.07683e-23
14.5 2.50498e-23
15 2.79281e-23
15.5 2.8456e-23
16 2.67603e-23
16.5 2.37974e-23
17 2.05273e-23
17.5 1.75029e-23
18 1.49225e-23
18.5 1.27981e-23
19 1.10712e-23
19.5 9.66853e-24
20 8.52345e-24
21 6.7786e-24
22 5.54979e-24
23 4.65222e-24
24 3.9751e-24
25 3.45009e-24
26 3.03362e-24
27 2.69704e-24
28 2.42089e-24
29 2.19157e-24
30 1.99937e-24
32 1.6994e-24
34 1.4819e-24
36 1.32283e-24
38 1.20627e-24
40 1.12106e-24
42 1.05908e-24
44 1.01435e-24
46 9.82353e-25
48 9.5971e-25
50 9.43869e-25
52 9.3291e-25
54 9.25385e-25
56 9.20205e-25
58 9.16555e-25
60 9.13823e-25
62 9.11555e-25
64 9.09415e-25
66 9.07155e-25
68 9.046e-25
70 9.01623e-25
72 8.98142e-25
74 8.94102e-25
76 8.89473e-25
78 8.84243e-25
80 8.78415e-25
85 8.61332e-25
90 8.40997e-25
95 8.17964e-25
100 7.92861e-25
110 7.3905e-25
120 6.84697e-25
130 6.34617e-25
