0.5 130 260
260
0.5 0
1 1.56083e-27
1.5 4.4714e-27
2 9.75931e-27
2.5 1.82889e-26
3 3.11022e-26
3.5 4.94883e-26
4 7.50801e-26
4.5 1.09986e-25
5 1.5697e-25
5.5 2.19657e-25
6 3.02671e-25
6.5 4.11371e-25
7 5.50557e-25
7.5 7.22301e-25
8 9.27026e-25
8.5 1.17278e-24
9 1.48317e-24
9.5 1.89358e-24
10 2.44679e-24
10.5 3.19598e-24
11 4.21079e-24
11.5 5.5822e-24
12 7.42409e-24
12.5 9.86554e-24
13 1.3007e-23
13.5 1.67845e-23
14 2.07377e-23
14.5 2.39101e-23
15 2.5297e-23
15.5 2.46559e-23
16 2.26662e-23
16.5 2.02764e-23
17 1.81257e-23
17.5 1.63397e-23
18 1.45867e-23
18.5 1.26609e-23
19 1.08151e-23
19.5 9.27157e-24
20 8.0454e-24
20.5 7.15985e-24
21 6.27429e-24
21.5 5.68347e-24
22 5.09265e-24
22.5 4.67423e-24
23 4.25582e-24
23.5 3.94563e-24
24 3.63543e-24
24.5 3.39737e-24
25 3.15932e-24
25.5 2.97169e-24
26 2.78406e-24
26.5 2.6331e-24
27 2.48213e-24
27.5 2.35869e-24
28 2.23525e-24
28.5 2.13305e-24
29 2.03085e-24
29.5 1.94544e-24
30 1.86003e-24
30.5 1.79367e-24
31 1.72732e-24
31.5 1.66097e-24
32 1.59462e-24
32.5 1.54685e-24
33 1.49907e-24
33.5 1.4513e-24
34 1.40353e-24
34.5 1.36889e-24
35 1.33425e-24
35.5 1.29962e-24
36 1.26498e-24
36.5 1.23987e-24
37 1.21476e-24
37.5 1.18965e-24
38 1.16453e-24
38.5 1.14642e-24
39 1.1283e-24
39.5 1.11018e-24
40 1.09207e-24
40.5 1.07911e-24
41 1.06615e-24
41.5 1.05319e-24
42 1.04024e-24
42.5 1.03108e-24
43 1.02192e-24
43.5 1.01276e-24
44 1.0036e-24
44.5 9.97232e-25
45 9.90859e-25
45.5 9.84487e-25
46 9.78114e-25
46.5 9.73765e-25
47 9.69416e-25
47.5 9.65067e-25
48 9.60717e-25
48.5 9.5782e-25
49 9.54923e-25
49.5 9.52025e-25
50 9.49127e-25
50.5 9.47252e-25
51 9.45377e-25
51.5 9.43502e-25
52 9.41626e-25
52.5 9.40451e-25
53 9.39276e-25
53.5 9.38101e-25
54 9.36925e-25
54.5 9.36209e-25
55 9.35493e-25
55.5 9.34777e-25
56 9.3406e-25
56.5 9.33623e-25
57 9.33186e-25
57.5 9.32749e-25
58 9.32312e-25
58.5 9.3202e-25
59 9.31728e-25
59.5 9.31436e-25
60 9.31144e-25
60.5 9.30899e-25
61 9.30653e-25
61.5 9.30408e-25
62 9.30163e-25
62.5 9.29892e-25
63 9.29621e-25
63.5 9.2935e-25
64 9.29079e-25
64.5 9.2873e-25
65 9.28381e-25
65.5 9.28033e-25
66 9.27684e-25
66.5 9.27221e-25
67 9.26758e-25
67.5 9.26295e-25
68 9.25832e-25
68.5 9.25229e-25
69 9.24627e-25
69.5 9.24024e-25
70 9.23422e-25
70.5 9.22664e-25
71 9.21906e-25
71.5 9.21148e-25
72 9.2039e-25
72.5 9.19467e-25
73 9.18544e-25
73.5 9.17621e-25
74 9.16698e-25
74.5 9.15607e-25
75 9.14515e-25
75.5 9.13423e-25
76 9.12332e-25
76.5 9.11071e-25
77 9.0981e-25
77.5 9.0855e-25
78 9.07289e-25
78.5 9.05863e-25
79 9.04436e-25
79.5 9.0301e-25
80 9.01583e-25
80.5 8.99882e-25
81 8.9818e-25
81.5 8.96479e-25
82 8.94777e-25
82.5 8.93076e-25
83 8.91374e-25
83.5 8.89673e-25
84 8.87971e-25
84.5 8.8627e-25
85 8.84568e-25
85.5 8.82516e-25
86 8.80463e-25
86.5 8.7841e-25
87 8.76358e-25
87.5 8.74305e-25
88 8.72252e-25
88.5 8.702e-25
89 8.68147e-25
89.5 8.66094e-25
90 8.64042e-25
90.5 8.617e-25
91 8.59359e-25
91.5 8.57017e-25
92 8.54676e-25
92.5 8.52334e-25
93 8.49993e-25
93.5 8.47651e-25
94 8.4531e-25
94.5 8.42968e-25
95 8.40627e-25
95.5 8.38064e-25
96 8.35502e-25
96.5 8.3294e-25
97 8.30378e-25
97.5 8.27815e-25
98 8.25253e-25
98.5 8.22691e-25
99 8.20129e-25
99.5 8.17566e-25
100 8.15004e-25
100.5 8.12249e-25
101 8.09495e-25
101.5 8.0674e-25
102 8.03985e-25
102.5 8.0123e-25
103 7.98475e-25
103.5 7.9572e-25
104 7.92966e-25
104.5 7.90211e-25
105 7.87456e-25
105.5 7.84701e-25
106 7.81946e-25
106.5 7.79192e-25
107 7.76437e-25
107.5 7.73682e-25
108 7.70927e-25
108.5 7.68172e-25
109 7.65418e-25
109.5 7.62663e-25
110 7.59908e-25
110.5 7.5712e-25
111 7.54331e-25
111.5 7.51543e-25
112 7.48755e-25
112.5 7.45966e-25
113 7.43178e-25
113.5 7.4039e-25
114 7.37602e-25
114.5 7.34813e-25
115 7.32025e-25
115.5 7.29237e-25
116 7.26448e-25
116.5 7.2366e-25
117 7.20872e-25
117.5 7.18084e-25
118 7.15295e-25
118.5 7.12507e-25
119 7.09719e-25
119.5 7.0693e-25
120 7.04142e-25
120.5 7.01571e-25
121 6.98999e-25
121.5 6.96428e-25
122 6.93856e-25
122.5 6.91285e-25
123 6.88713e-25
123.5 6.86142e-25
124 6.8357e-25
124.5 6.80999e-25
125 6.78427e-25
125.5 6.75856e-25
126 6.73284e-25
126.5 6.70713e-25
127 6.68141e-25
127.5 6.6557e-25
128 6.62998e-25
128.5 6.60427e-25
129 6.57855e-25
129.5 6.55284e-25
130 6.52712e-25
