7.5925 130 69
69
7.5925 0
9 5.13289e-26
10 1.10839e-25
11 1.67272e-25
12 2.55048e-25
13 3.95816e-25
14 6.28588e-25
15 1.02757e-24
16 1.73675e-24
16.5 2.28515e-24
17 3.02269e-24
17.5 3.99796e-24
18 5.23413e-24
18.5 6.6716e-24
19 8.09491e-24
19.5 9.14096e-24
20 9.49557e-24
20.5 9.13483e-24
21 8.3082e-24
21.5 7.3138e-24
22 6.34876e-24
22.5 5.49952e-24
23 4.78553e-24
24 3.71312e-24
25 2.98672e-24
26 2.48199e-24
27 2.1194e-24
28 1.85036e-24
29 1.6449e-24
30 1.48382e-24
31 1.35484e-24
32 1.24955e-24
33 1.16206e-24
34 1.08837e-24
35 1.02547e-24
36 9.71028e-25
37 9.23521e-25
38 8.81644e-25
39 8.44406e-25
40 8.11017e-25
42 7.5349e-25
44 7.05432e-25
46 6.64413e-25
48 6.28764e-25
50 5.97295e-25
52 5.69236e-25
54 5.43717e-25
56 5.20457e-25
58 4.99147e-25
60 4.79408e-25
62 4.60958e-25
64 4.43748e-25
66 4.27538e-25
68 4.12289e-25
70 3.97849e-25
72 3.84189e-25
74 3.71189e-25
76 3.58839e-25
78 3.47059e-25
80 3.35829e-25
85 3.09879e-25
90 2.86619e-25
95 2.657e-25
100 2.4674e-25
105 2.2959e-25
110 2.1402e-25
115 1.9985e-25
120 1.8694e-25
130 1.6434e-25
