0.5 130 260
260
0.5 0
1 1.31753e-28
1.5 1.73104e-27
2 5.94738e-27
2.5 1.40314e-26
3 2.73021e-26
3.5 4.7202e-26
4 7.65839e-26
4.5 1.20058e-25
5 1.78965e-25
5.5 2.52687e-25
6 3.42369e-25
6.5 4.51665e-25
7 5.86532e-25
7.5 7.5447e-25
8 9.61954e-25
8.5 1.20751e-24
9 1.47209e-24
9.5 1.75181e-24
10 1.98152e-24
10.5 2.23252e-24
11 2.53379e-24
11.5 2.93199e-24
12 3.45729e-24
12.5 4.14275e-24
13 5.02672e-24
13.5 6.1532e-24
14 7.55718e-24
14.5 9.20732e-24
15 1.0872e-23
15.5 1.21631e-23
16 1.29807e-23
16.5 1.33886e-23
17 1.3356e-23
17.5 1.28844e-23
18 1.20691e-23
18.5 1.10486e-23
19 9.95045e-24
19.5 8.86772e-24
20 7.85909e-24
20.5 7.00517e-24
21 6.15125e-24
21.5 5.51452e-24
22 4.87779e-24
22.5 4.41442e-24
23 3.95105e-24
23.5 3.61239e-24
24 3.27373e-24
24.5 3.02238e-24
25 2.77102e-24
25.5 2.58099e-24
26 2.39095e-24
26.5 2.24464e-24
27 2.09832e-24
27.5 1.98377e-24
28 1.86922e-24
28.5 1.77817e-24
29 1.68713e-24
29.5 1.6138e-24
30 1.54047e-24
30.5 1.486e-24
31 1.43153e-24
31.5 1.37706e-24
32 1.32259e-24
32.5 1.28504e-24
33 1.24749e-24
33.5 1.20994e-24
34 1.17239e-24
34.5 1.14568e-24
35 1.11897e-24
35.5 1.09227e-24
36 1.06556e-24
36.5 1.04608e-24
37 1.02661e-24
37.5 1.00713e-24
38 9.8765e-25
38.5 9.73135e-25
39 9.5862e-25
39.5 9.44105e-25
40 9.2959e-25
40.5 9.18568e-25
41 9.07546e-25
41.5 8.96524e-25
42 8.85503e-25
42.5 8.76984e-25
43 8.68466e-25
43.5 8.59947e-25
44 8.51429e-25
44.5 8.4473e-25
45 8.38031e-25
45.5 8.31333e-25
46 8.24634e-25
46.5 8.19272e-25
47 8.13909e-25
47.5 8.08547e-25
48 8.03184e-25
48.5 7.9881e-25
49 7.94435e-25
49.5 7.90061e-25
50 7.85686e-25
50.5 7.82044e-25
51 7.78401e-25
51.5 7.74759e-25
52 7.71116e-25
52.5 7.68016e-25
53 7.64916e-25
53.5 7.61817e-25
54 7.58717e-25
54.5 7.56017e-25
55 7.53317e-25
55.5 7.50617e-25
56 7.47917e-25
56.5 7.4551e-25
57 7.43102e-25
57.5 7.40694e-25
58 7.38287e-25
58.5 7.36089e-25
59 7.33892e-25
59.5 7.31694e-25
60 7.29497e-25
60.5 7.27447e-25
61 7.25396e-25
61.5 7.23346e-25
62 7.21296e-25
62.5 7.19345e-25
63 7.17393e-25
63.5 7.15442e-25
64 7.13491e-25
64.5 7.11602e-25
65 7.09712e-25
65.5 7.07823e-25
66 7.05934e-25
66.5 7.04078e-25
67 7.02223e-25
67.5 7.00367e-25
68 6.98512e-25
68.5 6.96669e-25
69 6.94826e-25
69.5 6.92983e-25
70 6.9114e-25
70.5 6.89293e-25
71 6.87446e-25
71.5 6.85599e-25
72 6.83753e-25
72.5 6.81891e-25
73 6.80029e-25
73.5 6.78167e-25
74 6.76304e-25
74.5 6.74419e-25
75 6.72533e-25
75.5 6.70647e-25
76 6.68761e-25
76.5 6.66845e-25
77 6.6493e-25
77.5 6.63014e-25
78 6.61099e-25
78.5 6.5915e-25
79 6.57202e-25
79.5 6.55253e-25
80 6.53305e-25
80.5 6.51295e-25
81 6.49285e-25
81.5 6.47276e-25
82 6.45266e-25
82.5 6.43256e-25
83 6.41247e-25
83.5 6.39237e-25
84 6.37227e-25
84.5 6.35218e-25
85 6.33208e-25
85.5 6.31115e-25
86 6.29022e-25
86.5 6.26929e-25
87 6.24837e-25
87.5 6.22744e-25
88 6.20651e-25
88.5 6.18558e-25
89 6.16465e-25
89.5 6.14372e-25
90 6.12279e-25
90.5 6.10118e-25
91 6.07958e-25
91.5 6.05797e-25
92 6.03637e-25
92.5 6.01476e-25
93 5.99316e-25
93.5 5.97155e-25
94 5.94995e-25
94.5 5.92834e-25
95 5.90674e-25
95.5 5.88469e-25
96 5.86264e-25
96.5 5.84059e-25
97 5.81855e-25
97.5 5.7965e-25
98 5.77445e-25
98.5 5.7524e-25
99 5.73036e-25
99.5 5.70831e-25
100 5.68626e-25
100.5 5.66412e-25
101 5.64198e-25
101.5 5.61984e-25
102 5.5977e-25
102.5 5.57556e-25
103 5.55342e-25
103.5 5.53128e-25
104 5.50914e-25
104.5 5.487e-25
105 5.46486e-25
105.5 5.44272e-25
106 5.42058e-25
106.5 5.39844e-25
107 5.3763e-25
107.5 5.35416e-25
108 5.33202e-25
108.5 5.30988e-25
109 5.28774e-25
109.5 5.2656e-25
110 5.24346e-25
110.5 5.22223e-25
111 5.201e-25
111.5 5.17977e-25
112 5.15854e-25
112.5 5.13731e-25
113 5.11608e-25
113.5 5.09485e-25
114 5.07362e-25
114.5 5.05239e-25
115 5.03116e-25
115.5 5.00993e-25
116 4.9887e-25
116.5 4.96747e-25
117 4.94624e-25
117.5 4.92501e-25
118 4.90378e-25
118.5 4.88255e-25
119 4.86132e-25
119.5 4.84009e-25
120 4.81886e-25
120.5 4.7998e-25
121 4.78074e-25
121.5 4.76168e-25
122 4.74261e-25
122.5 4.72355e-25
123 4.70449e-25
123.5 4.68543e-25
124 4.66637e-25
124.5 4.64731e-25
125 4.62824e-25
125.5 4.60918e-25
126 4.59012e-25
126.5 4.57106e-25
127 4.552e-25
127.5 4.53294e-25
128 4.51387e-25
128.5 4.49481e-25
129 4.47575e-25
129.5 4.45669e-25
130 4.43763e-25
