0.9 130 82
82
0.9 0
1 6.46529e-27
1.5 1.84687e-26
2 4.03772e-26
2.5 7.90852e-26
3 1.39961e-25
3.5 2.19506e-25
4 3.17196e-25
4.5 4.3735e-25
5 5.86897e-25
5.5 7.74832e-25
6 1.01166e-24
6.5 1.30681e-24
7 1.66384e-24
7.5 2.08206e-24
8 2.58343e-24
8.5 3.21236e-24
9 4.07082e-24
9.5 5.2926e-24
10 7.06963e-24
10.5 9.67246e-24
11 1.33797e-23
11.5 1.80586e-23
12 2.22918e-23
12.5 2.38913e-23
13 2.30065e-23
13.5 2.18645e-23
14 2.18323e-23
14.5 2.30084e-23
15 2.4787e-23
15.5 2.61596e-23
16 2.61654e-23
16.5 2.45309e-23
17 2.17824e-23
17.5 1.86932e-23
18 1.57992e-23
18.5 1.33236e-23
19 1.12955e-23
19.5 9.66288e-24
20 8.35349e-24
21 6.42203e-24
22 5.12807e-24
23 4.22971e-24
24 3.58506e-24
25 3.10913e-24
26 2.74927e-24
27 2.47172e-24
28 2.25406e-24
29 2.08098e-24
30 1.94176e-24
32 1.73601e-24
34 1.59615e-24
36 1.49891e-24
38 1.43014e-24
40 1.38085e-24
42 1.34512e-24
44 1.31893e-24
46 1.29945e-24
48 1.2847e-24
50 1.27324e-24
52 1.26402e-24
54 1.25625e-24
56 1.24937e-24
58 1.24295e-24
60 1.23667e-24
62 1.23029e-24
64 1.22364e-24
66 1.2166e-24
68 1.20908e-24
70 1.20102e-24
72 1.19238e-24
74 1.18316e-24
76 1.17334e-24
78 1.16294e-24
80 1.15197e-24
85 1.12221e-24
90 1.08955e-24
95 1.05458e-24
100 1.01798e-24
110 9.42603e-25
120 8.68873e-25
130 8.02008e-25
