0.9 130 82
82
0.9 0
1 6.82559e-28
1.5 1.81708e-27
2 3.75926e-27
2.5 6.75545e-27
3 1.10943e-26
3.5 1.71212e-26
4 2.52568e-26
4.5 3.60246e-26
5 5.00888e-26
5.5 6.83096e-26
6 9.18216e-26
6.5 1.22143e-25
7 1.61326e-25
7.5 2.12146e-25
8 2.78268e-25
8.5 3.64144e-25
9 4.73886e-25
9.5 6.07782e-25
10 7.56999e-25
10.5 9.05554e-25
11 1.04887e-24
11.5 1.20679e-24
12 1.41013e-24
12.5 1.68587e-24
13 2.05613e-24
13.5 2.54047e-24
14 3.15259e-24
14.5 3.88824e-24
15 4.7069e-24
15.5 5.52372e-24
16 6.23971e-24
16.5 6.80351e-24
17 7.23795e-24
17.5 7.59551e-24
18 7.89833e-24
18.5 8.11968e-24
19 8.20704e-24
19.5 8.11927e-24
20 7.85178e-24
21 6.91924e-24
22 5.81301e-24
23 4.8055e-24
24 3.98178e-24
25 3.33376e-24
26 2.82755e-24
27 2.4295e-24
28 2.11276e-24
29 1.85734e-24
30 1.64871e-24
32 1.33235e-24
34 1.10829e-24
36 9.45289e-25
38 8.24583e-25
40 7.34195e-25
42 6.66044e-25
44 6.14444e-25
46 5.75265e-25
48 5.45442e-25
50 5.22677e-25
52 5.05228e-25
54 4.91768e-25
56 4.81289e-25
58 4.73017e-25
60 4.66362e-25
62 4.60873e-25
64 4.56204e-25
66 4.52093e-25
68 4.48339e-25
70 4.44791e-25
72 4.41335e-25
74 4.37887e-25
76 4.34384e-25
78 4.30783e-25
80 4.27053e-25
85 4.17057e-25
90 4.06053e-25
95 3.94122e-25
100 3.8145e-25
110 3.54852e-25
120 3.28358e-25
130 3.04103e-25
