11.499 130 184
184
11.499 0
11.5 6.9295e-26
11.604 7.0956e-26
12.132 7.9449e-26
13 2.3276e-25
13.5 2.5862e-25
14 2.6724e-25
14.444 3.0552e-25
14.5 3.1034e-25
14.823 3.3262e-25
15 3.4483e-25
15.5 3.8793e-25
15.671 4.1469e-25
16 4.569e-25
16.5 5e-25
17 9.1379e-25
17.407 6.0503e-25
17.436 5.8303e-25
17.5 5.3448e-25
18 5.5172e-25
18.462 5.7562e-25
18.5 5.7759e-25
19 6.6379e-25
19.295 7.0448e-25
19.44 7.2448e-25
19.5 7.3276e-25
19.707 7.5774e-25
20.454 9.0269e-25
20.713 9.9459e-25
20.75 1.0086e-24
20.861 1.0507e-24
20.919 1.0727e-24
21 1.1034e-24
21.192 1.2359e-24
21.294 1.3123e-24
21.297 1.3148e-24
21.364 1.3702e-24
21.5 1.4828e-24
21.855 2.1391e-24
21.903 2.25e-24
21.972 2.4095e-24
22 2.4741e-24
22.068 2.6207e-24
22.21 2.9267e-24
22.352 3.2328e-24
22.473 2.8147e-24
22.5 2.6983e-24
22.539 2.6499e-24
22.593 2.5828e-24
22.677 2.4786e-24
22.81 2.4698e-24
22.846 2.5189e-24
22.949 2.6595e-24
22.957 2.6704e-24
22.978 2.6991e-24
23 2.7291e-24
23.067 2.8205e-24
23.136 2.9147e-24
23.5 2.0086e-24
24 2.25e-24
24.25 2.9052e-24
24.705 2.3822e-24
25 2.2759e-24
25.053 2.2667e-24
25.5 2.1897e-24
25.673 2.0853e-24
25.864 1.97e-24
25.904 1.9459e-24
25.905 1.9453e-24
26 1.8879e-24
26.451 1.5458e-24
26.501 1.5081e-24
26.594 1.46e-24
26.671 1.4202e-24
26.964 1.2686e-24
27 1.25e-24
27.207 1.1501e-24
27.5 1.0086e-24
27.765 9.4922e-25
27.791 9.434e-25
28 8.9655e-25
28.314 8.5866e-25
28.5 8.3621e-25
28.731 8.2426e-25
28.826 8.1934e-25
28.913 8.1484e-25
29 8.1034e-25
29.255 7.9716e-25
29.383 7.9053e-25
29.5 7.8448e-25
29.542 7.8376e-25
30 7.7586e-25
30.327 7.691e-25
30.5 7.6552e-25
31 7.5517e-25
31.041 7.5432e-25
32 7.3448e-25
32.382 7.2658e-25
33 7.1724e-25
33.464 7.1084e-25
33.551 7.0964e-25
34 7.0345e-25
34.284 6.9953e-25
34.577 6.9549e-25
35.055 6.8909e-25
36 6.7931e-25
36.5 6.7414e-25
37 6.6897e-25
37.5 6.6379e-25
38 6.5172e-25
39 6.2759e-25
40 6.0345e-25
41 5.7931e-25
42 5.5517e-25
43 5.3276e-25
44 5.1207e-25
45 4.9138e-25
46 4.7759e-25
47 4.6379e-25
48 4.4828e-25
49 4.3103e-25
50 4.1379e-25
51 3.8621e-25
52 3.5862e-25
53 3.2931e-25
54 2.9828e-25
55 2.6724e-25
56 2.569e-25
57 2.4655e-25
58 2.3793e-25
59 2.3103e-25
60 2.2414e-25
61 2.2414e-25
62 2.2414e-25
63 2.2586e-25
64 2.2931e-25
65 2.3276e-25
66 2.431e-25
67 2.5345e-25
68 2.6207e-25
69 2.6897e-25
70 2.7586e-25
71 2.4828e-25
72 2.2069e-25
73 1.8966e-25
74 1.5517e-25
75 1.2069e-25
76 1.069e-25
77 9.3104e-26
78 8.2759e-26
79 7.5862e-26
80 6.8966e-26
81 7.2414e-26
82 7.5862e-26
83 7.931e-26
84 8.2759e-26
85 8.6207e-26
86 8.6207e-26
87 8.6207e-26
88 8.6207e-26
89 8.6207e-26
90 8.6207e-26
91 9.3103e-26
92 1e-25
93 1.069e-25
94 1.1379e-25
95 1.2069e-25
96 1.1035e-25
97 1e-25
98 8.9655e-26
99 7.931e-26
100 6.8966e-26
102.5 9.4828e-26
105 1.4655e-25
107.5 1.8966e-25
110 2.069e-25
112.5 2.069e-25
115 1.9828e-25
117.5 1.9828e-25
120 1.8966e-25
122.5 1.8966e-25
125 1.8103e-25
127.5 1.8103e-25
130 1.7241e-25
