0.9 130 82
82
0.9 0
1 3.00604e-27
1.5 8.59523e-27
2 1.8814e-26
2.5 3.54939e-26
3 6.09767e-26
3.5 9.83457e-26
4 1.51754e-25
4.5 2.26869e-25
5 3.3139e-25
5.5 4.7537e-25
6 6.70749e-25
6.5 9.30172e-25
7 1.27029e-24
7.5 1.72958e-24
8 2.39704e-24
8.5 3.44153e-24
9 5.12086e-24
9.5 7.46508e-24
10 9.77509e-24
10.5 1.25789e-23
11 1.73146e-23
11.5 2.44486e-23
12 3.24382e-23
12.5 3.68458e-23
13 3.53633e-23
13.5 3.14943e-23
14 2.90195e-23
14.5 2.92799e-23
15 3.18566e-23
15.5 3.43863e-23
16 3.35729e-23
16.5 2.9133e-23
17 2.3633e-23
17.5 1.88694e-23
18 1.52275e-23
18.5 1.25314e-23
19 1.0527e-23
19.5 9.01084e-24
20 7.83981e-24
21 6.14666e-24
22 5.01412e-24
23 4.21269e-24
24 3.62069e-24
25 3.16885e-24
26 2.81526e-24
27 2.53326e-24
28 2.30508e-24
29 2.11847e-24
30 1.96465e-24
32 1.73114e-24
34 1.56913e-24
36 1.45677e-24
38 1.3796e-24
40 1.32765e-24
42 1.29379e-24
44 1.27285e-24
46 1.26105e-24
48 1.25556e-24
50 1.25431e-24
52 1.25575e-24
54 1.25876e-24
56 1.26248e-24
58 1.26631e-24
60 1.2698e-24
62 1.27263e-24
64 1.27459e-24
66 1.27552e-24
68 1.27534e-24
70 1.274e-24
72 1.27147e-24
74 1.26776e-24
76 1.26289e-24
78 1.2569e-24
80 1.24984e-24
85 1.22785e-24
90 1.20046e-24
95 1.16869e-24
100 1.13361e-24
110 1.05764e-24
120 9.804e-25
130 9.09014e-25
