0.9 130 82
82
0.9 0
1 3.71349e-28
1.5 1.12991e-27
2 2.55246e-27
2.5 4.88042e-27
3 8.39127e-27
3.5 1.34112e-26
4 2.03315e-26
4.5 2.96296e-26
5 4.18997e-26
5.5 5.78929e-26
6 7.85722e-26
6.5 1.05185e-25
7 1.39362e-25
7.5 1.83261e-25
8 2.39788e-25
8.5 3.12963e-25
9 4.08597e-25
9.5 5.35735e-25
10 7.10402e-25
10.5 9.67384e-25
11 1.38435e-24
11.5 1.84493e-24
12 2.12325e-24
12.5 2.637e-24
13 3.41785e-24
13.5 4.45672e-24
14 5.7115e-24
14.5 7.02455e-24
15 8.11715e-24
15.5 8.76057e-24
16 8.97933e-24
16.5 8.98888e-24
17 8.95685e-24
17.5 8.88105e-24
18 8.64646e-24
18.5 8.16552e-24
19 7.46602e-24
19.5 6.65853e-24
20 5.85428e-24
21 4.47398e-24
22 3.47685e-24
23 2.77809e-24
24 2.28128e-24
25 1.91857e-24
26 1.6465e-24
27 1.43744e-24
28 1.2735e-24
29 1.14278e-24
30 1.03713e-24
32 8.79806e-25
34 7.71946e-25
36 6.96837e-25
38 6.44246e-25
40 6.07506e-25
42 5.82068e-25
44 5.64732e-25
46 5.53195e-25
48 5.45778e-25
50 5.41249e-25
52 5.38695e-25
54 5.37442e-25
56 5.36994e-25
58 5.36981e-25
60 5.37132e-25
62 5.37252e-25
64 5.37198e-25
66 5.3687e-25
68 5.36198e-25
70 5.35139e-25
72 5.33666e-25
74 5.31766e-25
76 5.29438e-25
78 5.26685e-25
80 5.23522e-25
85 5.13925e-25
90 5.02196e-25
95 4.88725e-25
100 4.73927e-25
110 4.4201e-25
120 4.09642e-25
130 3.79763e-25
