0.8 130 647
647
0.8 0
1 3.1536e-28
1.2 5.21804e-28
1.4 7.28248e-28
1.6 1.00354e-27
1.8 1.34768e-27
2 1.69181e-27
2.2 2.22862e-27
2.4 2.76543e-27
2.6 3.41422e-27
2.8 4.17499e-27
3 4.93575e-27
3.2 6.01186e-27
3.4 7.08796e-27
3.6 8.33764e-27
3.8 9.76089e-27
4 1.11841e-26
4.2 1.31078e-26
4.4 1.50315e-26
4.6 1.7224e-26
4.8 1.96851e-26
5 2.21463e-26
5.2 2.54063e-26
5.4 2.86663e-26
5.6 3.23551e-26
5.8 3.64724e-26
6 4.05898e-26
6.2 4.6019e-26
6.4 5.14482e-26
6.6 5.75919e-26
6.8 6.44501e-26
7 7.13082e-26
7.2 8.12511e-26
7.4 9.11941e-26
7.6 1.02375e-25
7.8 1.14795e-25
8 1.27215e-25
8.2 1.43314e-25
8.4 1.59413e-25
8.6 1.77604e-25
8.8 1.97888e-25
9 2.18172e-25
9.2 2.47654e-25
9.4 2.77137e-25
9.6 3.08916e-25
9.8 3.4299e-25
10 3.77064e-25
10.2 4.13305e-25
10.4 4.49546e-25
10.6 4.85175e-25
10.8 5.20192e-25
11 5.55209e-25
11.2 5.97045e-25
11.4 6.38491e-25
11.6 6.81538e-25
11.8 7.25955e-25
12 7.70372e-25
12.2 8.34301e-25
12.4 8.98229e-25
12.6 9.70729e-25
12.8 1.05185e-24
13 1.14096e-24
13.2 1.25401e-24
13.4 1.37505e-24
13.6 1.51244e-24
13.8 1.66618e-24
14 1.81991e-24
14.2 2.04764e-24
14.4 2.27538e-24
14.6 2.53395e-24
14.8 2.82335e-24
15 3.12916e-24
15.2 3.51518e-24
15.4 3.92451e-24
15.6 4.3784e-24
15.8 4.89757e-24
16 5.41674e-24
16.2 6.02475e-24
16.4 6.63276e-24
16.6 7.23968e-24
16.8 7.82703e-24
17 8.42238e-24
17.2 8.85581e-24
17.4 9.28215e-24
17.6 9.6192e-24
17.8 9.84044e-24
18 1.00617e-23
18.2 1.01455e-23
18.4 1.02293e-23
18.6 1.02798e-23
18.8 1.03427e-23
19 1.03702e-23
19.2 1.043e-23
19.4 1.04638e-23
19.6 1.04794e-23
19.8 1.04594e-23
20 1.04395e-23
20.2 1.02295e-23
20.4 1.00195e-23
20.6 9.8129e-24
20.8 9.60628e-24
21 9.39966e-24
21.2 9.04237e-24
21.4 8.68583e-24
21.6 8.32898e-24
21.8 7.96997e-24
22 7.61095e-24
22.2 7.29176e-24
22.4 6.97258e-24
22.6 6.65108e-24
22.8 6.32957e-24
23 6.00711e-24
23.2 5.76875e-24
23.4 5.53129e-24
23.6 5.29383e-24
23.8 5.05866e-24
24 4.8235e-24
24.2 4.65547e-24
24.4 4.48743e-24
24.6 4.32243e-24
24.8 4.15742e-24
25 3.99458e-24
25.2 3.87111e-24
25.4 3.75039e-24
25.6 3.62966e-24
25.8 3.51082e-24
26 3.39199e-24
26.2 3.30099e-24
26.4 3.20998e-24
26.6 3.12082e-24
26.8 3.03165e-24
27 2.94418e-24
27.2 2.8726e-24
27.4 2.80264e-24
27.6 2.73268e-24
27.8 2.66422e-24
28 2.59576e-24
28.2 2.54027e-24
28.4 2.48479e-24
28.6 2.43058e-24
28.8 2.37637e-24
29 2.32298e-24
29.2 2.27776e-24
29.4 2.23349e-24
29.6 2.18922e-24
29.8 2.14626e-24
30 2.1033e-24
30.2 2.06932e-24
30.4 2.03533e-24
30.6 2.00224e-24
30.8 1.97005e-24
31 1.93786e-24
31.2 1.90824e-24
31.4 1.87863e-24
31.6 1.84901e-24
31.8 1.81939e-24
32 1.78978e-24
32.2 1.76911e-24
32.4 1.74843e-24
32.6 1.72776e-24
32.8 1.70709e-24
33 1.68642e-24
33.2 1.66767e-24
33.4 1.64891e-24
33.6 1.63015e-24
33.8 1.6114e-24
34 1.59264e-24
34.2 1.57911e-24
34.4 1.56558e-24
34.6 1.55205e-24
34.8 1.53852e-24
35 1.52499e-24
35.2 1.51263e-24
35.4 1.50027e-24
35.6 1.48791e-24
35.8 1.47555e-24
36 1.46319e-24
36.2 1.45395e-24
36.4 1.44471e-24
36.6 1.43547e-24
36.8 1.42624e-24
37 1.417e-24
37.2 1.40831e-24
37.4 1.39962e-24
37.6 1.39093e-24
37.8 1.38224e-24
38 1.37355e-24
38.2 1.36673e-24
38.4 1.35991e-24
38.6 1.35309e-24
38.8 1.34627e-24
39 1.33946e-24
39.2 1.33276e-24
39.4 1.32607e-24
39.6 1.31938e-24
39.8 1.31268e-24
40 1.30599e-24
40.2 1.30068e-24
40.4 1.29537e-24
40.6 1.29005e-24
40.8 1.28474e-24
41 1.27943e-24
41.2 1.27414e-24
41.4 1.26885e-24
41.6 1.26357e-24
41.8 1.25828e-24
42 1.25299e-24
42.2 1.24859e-24
42.4 1.2442e-24
42.6 1.2398e-24
42.8 1.2354e-24
43 1.231e-24
43.2 1.22671e-24
43.4 1.22242e-24
43.6 1.21813e-24
43.8 1.21384e-24
44 1.20955e-24
44.2 1.20601e-24
44.4 1.20248e-24
44.6 1.19895e-24
44.8 1.19541e-24
45 1.19188e-24
45.2 1.18866e-24
45.4 1.18543e-24
45.6 1.18221e-24
45.8 1.17899e-24
46 1.17577e-24
46.2 1.17314e-24
46.4 1.17052e-24
46.6 1.16789e-24
46.8 1.16526e-24
47 1.16263e-24
47.2 1.16001e-24
47.4 1.15771e-24
47.6 1.15542e-24
47.8 1.15312e-24
48 1.15083e-24
48.2 1.14881e-24
48.4 1.14687e-24
48.6 1.14493e-24
48.8 1.14299e-24
49 1.14106e-24
49.2 1.13931e-24
49.4 1.13757e-24
49.6 1.13583e-24
49.8 1.13408e-24
50 1.13234e-24
50.2 1.13088e-24
50.4 1.12941e-24
50.6 1.12795e-24
50.8 1.12649e-24
51 1.12503e-24
51.2 1.12365e-24
51.4 1.12227e-24
51.6 1.12089e-24
51.8 1.11951e-24
52 1.11813e-24
52.2 1.11681e-24
52.4 1.11548e-24
52.6 1.11416e-24
52.8 1.11284e-24
53 1.11151e-24
53.2 1.11028e-24
53.4 1.10905e-24
53.6 1.10782e-24
53.8 1.10659e-24
54 1.10536e-24
54.2 1.10421e-24
54.4 1.10307e-24
54.6 1.10192e-24
54.8 1.10078e-24
55 1.09963e-24
55.2 1.09849e-24
55.4 1.0973e-24
55.6 1.09611e-24
55.8 1.09492e-24
56 1.09373e-24
56.2 1.09269e-24
56.4 1.09166e-24
56.6 1.09063e-24
56.8 1.08959e-24
57 1.08856e-24
57.2 1.08747e-24
57.4 1.08637e-24
57.6 1.08527e-24
57.8 1.08418e-24
58 1.08308e-24
58.2 1.08202e-24
58.4 1.08103e-24
58.6 1.08003e-24
58.8 1.07903e-24
59 1.07804e-24
59.2 1.07704e-24
59.4 1.07604e-24
59.6 1.07505e-24
59.8 1.07405e-24
60 1.07305e-24
60.2 1.07216e-24
60.4 1.07126e-24
60.6 1.07037e-24
60.8 1.06947e-24
61 1.06857e-24
61.2 1.06768e-24
61.4 1.06678e-24
61.6 1.06589e-24
61.8 1.06499e-24
62 1.0641e-24
62.2 1.06321e-24
62.4 1.06232e-24
62.6 1.06143e-24
62.8 1.06055e-24
63 1.05966e-24
63.2 1.05877e-24
63.4 1.05788e-24
63.6 1.05699e-24
63.8 1.05611e-24
64 1.05522e-24
64.2 1.05433e-24
64.4 1.05344e-24
64.6 1.05255e-24
64.8 1.05166e-24
65 1.05077e-24
65.2 1.04988e-24
65.4 1.04899e-24
65.6 1.0481e-24
65.8 1.04722e-24
66 1.04633e-24
66.2 1.04543e-24
66.4 1.04453e-24
66.6 1.04363e-24
66.8 1.04273e-24
67 1.04184e-24
67.2 1.04094e-24
67.4 1.04004e-24
67.6 1.03914e-24
67.8 1.03824e-24
68 1.03735e-24
68.2 1.03643e-24
68.4 1.03552e-24
68.6 1.03461e-24
68.8 1.0337e-24
69 1.03279e-24
69.2 1.03188e-24
69.4 1.03097e-24
69.6 1.03005e-24
69.8 1.02914e-24
70 1.02823e-24
70.2 1.02732e-24
70.4 1.02641e-24
70.6 1.02549e-24
70.8 1.02458e-24
71 1.02367e-24
71.2 1.02276e-24
71.4 1.02184e-24
71.6 1.02093e-24
71.8 1.02002e-24
72 1.0191e-24
72.2 1.01817e-24
72.4 1.01724e-24
72.6 1.01631e-24
72.8 1.01538e-24
73 1.01445e-24
73.2 1.01351e-24
73.4 1.01258e-24
73.6 1.01165e-24
73.8 1.01072e-24
74 1.00979e-24
74.2 1.00884e-24
74.4 1.00788e-24
74.6 1.00693e-24
74.8 1.00598e-24
75 1.00503e-24
75.2 1.00407e-24
75.4 1.00312e-24
75.6 1.00217e-24
75.8 1.00122e-24
76 1.00027e-24
76.2 9.99293e-25
76.4 9.9832e-25
76.6 9.97346e-25
76.8 9.96373e-25
77 9.954e-25
77.2 9.94427e-25
77.4 9.93454e-25
77.6 9.92481e-25
77.8 9.91508e-25
78 9.90535e-25
78.2 9.8954e-25
78.4 9.88546e-25
78.6 9.87552e-25
78.8 9.86558e-25
79 9.85564e-25
79.2 9.8457e-25
79.4 9.83576e-25
79.6 9.82581e-25
79.8 9.81587e-25
80 9.80593e-25
80.2 9.7956e-25
80.4 9.78526e-25
80.6 9.77493e-25
80.8 9.7646e-25
81 9.75426e-25
81.2 9.74393e-25
81.4 9.7336e-25
81.6 9.72326e-25
81.8 9.71293e-25
82 9.7026e-25
82.2 9.69226e-25
82.4 9.68193e-25
82.6 9.67159e-25
82.8 9.66126e-25
83 9.65093e-25
83.2 9.64059e-25
83.4 9.63026e-25
83.6 9.61993e-25
83.8 9.60959e-25
84 9.59926e-25
84.2 9.58893e-25
84.4 9.57859e-25
84.6 9.56826e-25
84.8 9.55793e-25
85 9.54759e-25
85.2 9.5368e-25
85.4 9.526e-25
85.6 9.51521e-25
85.8 9.50441e-25
86 9.49362e-25
86.2 9.48282e-25
86.4 9.47203e-25
86.6 9.46123e-25
86.8 9.45044e-25
87 9.43964e-25
87.2 9.42885e-25
87.4 9.41805e-25
87.6 9.40726e-25
87.8 9.39646e-25
88 9.38567e-25
88.2 9.37487e-25
88.4 9.36408e-25
88.6 9.35328e-25
88.8 9.34248e-25
89 9.33169e-25
89.2 9.32089e-25
89.4 9.3101e-25
89.6 9.2993e-25
89.8 9.28851e-25
90 9.27771e-25
90.2 9.26616e-25
90.4 9.25461e-25
90.6 9.24306e-25
90.8 9.23151e-25
91 9.21996e-25
91.2 9.20841e-25
91.4 9.19686e-25
91.6 9.18531e-25
91.8 9.17375e-25
92 9.1622e-25
92.2 9.15065e-25
92.4 9.1391e-25
92.6 9.12755e-25
92.8 9.116e-25
93 9.10445e-25
93.2 9.0929e-25
93.4 9.08134e-25
93.6 9.06979e-25
93.8 9.05824e-25
94 9.04669e-25
94.2 9.03514e-25
94.4 9.02359e-25
94.6 9.01204e-25
94.8 9.00049e-25
95 8.98894e-25
95.2 8.97709e-25
95.4 8.96524e-25
95.6 8.9534e-25
95.8 8.94155e-25
96 8.9297e-25
96.2 8.91786e-25
96.4 8.90601e-25
96.6 8.89416e-25
96.8 8.88232e-25
97 8.87047e-25
97.2 8.85862e-25
97.4 8.84678e-25
97.6 8.83493e-25
97.8 8.82308e-25
98 8.81124e-25
98.2 8.79939e-25
98.4 8.78754e-25
98.6 8.7757e-25
98.8 8.76385e-25
99 8.75201e-25
99.2 8.74016e-25
99.4 8.72831e-25
99.6 8.71647e-25
99.8 8.70462e-25
100 8.69277e-25
100.2 8.68064e-25
100.4 8.66851e-25
100.6 8.65638e-25
100.8 8.64425e-25
101 8.63212e-25
101.2 8.61999e-25
101.4 8.60786e-25
101.6 8.59573e-25
101.8 8.5836e-25
102 8.57147e-25
102.2 8.55934e-25
102.4 8.54721e-25
102.6 8.53508e-25
102.8 8.52295e-25
103 8.51082e-25
103.2 8.49869e-25
103.4 8.48656e-25
103.6 8.47443e-25
103.8 8.4623e-25
104 8.45017e-25
104.2 8.43804e-25
104.4 8.4259e-25
104.6 8.41377e-25
104.8 8.40164e-25
105 8.38951e-25
105.2 8.37738e-25
105.4 8.36525e-25
105.6 8.35312e-25
105.8 8.34099e-25
106 8.32886e-25
106.2 8.31673e-25
106.4 8.3046e-25
106.6 8.29247e-25
106.8 8.28034e-25
107 8.26821e-25
107.2 8.25608e-25
107.4 8.24395e-25
107.6 8.23182e-25
107.8 8.21969e-25
108 8.20756e-25
108.2 8.19543e-25
108.4 8.1833e-25
108.6 8.17117e-25
108.8 8.15904e-25
109 8.14691e-25
109.2 8.13478e-25
109.4 8.12265e-25
109.6 8.11052e-25
109.8 8.09839e-25
110 8.08625e-25
110.2 8.0742e-25
110.4 8.06215e-25
110.6 8.0501e-25
110.8 8.03805e-25
111 8.026e-25
111.2 8.01394e-25
111.4 8.00189e-25
111.6 7.98984e-25
111.8 7.97779e-25
112 7.96574e-25
112.2 7.95369e-25
112.4 7.94163e-25
112.6 7.92958e-25
112.8 7.91753e-25
113 7.90548e-25
113.2 7.89343e-25
113.4 7.88137e-25
113.6 7.86932e-25
113.8 7.85727e-25
114 7.84522e-25
114.2 7.83317e-25
114.4 7.82112e-25
114.6 7.80906e-25
114.8 7.79701e-25
115 7.78496e-25
115.2 7.77291e-25
115.4 7.76086e-25
115.6 7.7488e-25
115.8 7.73675e-25
116 7.7247e-25
116.2 7.71265e-25
116.4 7.7006e-25
116.6 7.68855e-25
116.8 7.67649e-25
117 7.66444e-25
117.2 7.65239e-25
117.4 7.64034e-25
117.6 7.62829e-25
117.8 7.61623e-25
118 7.60418e-25
118.2 7.59213e-25
118.4 7.58008e-25
118.6 7.56803e-25
118.8 7.55598e-25
119 7.54392e-25
119.2 7.53187e-25
119.4 7.51982e-25
119.6 7.50777e-25
119.8 7.49572e-25
120 7.48366e-25
120.2 7.47334e-25
120.4 7.46301e-25
120.6 7.45268e-25
120.8 7.44236e-25
121 7.43203e-25
121.2 7.4217e-25
121.4 7.41137e-25
121.6 7.40105e-25
121.8 7.39072e-25
122 7.38039e-25
122.2 7.37006e-25
122.4 7.35974e-25
122.6 7.34941e-25
122.8 7.33908e-25
123 7.32875e-25
123.2 7.31843e-25
123.4 7.3081e-25
123.6 7.29777e-25
123.8 7.28744e-25
124 7.27712e-25
124.2 7.26679e-25
124.4 7.25646e-25
124.6 7.24613e-25
124.8 7.23581e-25
125 7.22548e-25
125.2 7.21515e-25
125.4 7.20482e-25
125.6 7.1945e-25
125.8 7.18417e-25
126 7.17384e-25
126.2 7.16351e-25
126.4 7.15319e-25
126.6 7.14286e-25
126.8 7.13253e-25
127 7.1222e-25
127.2 7.11188e-25
127.4 7.10155e-25
127.6 7.09122e-25
127.8 7.0809e-25
128 7.07057e-25
128.2 7.06024e-25
128.4 7.04991e-25
128.6 7.03959e-25
128.8 7.02926e-25
129 7.01893e-25
129.2 7.0086e-25
129.4 6.99828e-25
129.6 6.98795e-25
129.8 6.97762e-25
130 6.96729e-25
