0.9 130 82
82
0.9 0
1 5.41297e-28
1.5 1.42818e-27
2 2.93308e-27
2.5 5.23716e-27
3 8.55039e-27
3.5 1.31208e-26
4 1.9247e-26
4.5 2.72958e-26
5 3.77272e-26
5.5 5.11318e-26
6 6.82816e-26
6.5 9.02026e-26
7 1.18274e-25
7.5 1.54362e-25
8 2.00962e-25
8.5 2.61256e-25
9 3.38657e-25
9.5 4.34939e-25
10 5.45992e-25
10.5 6.5862e-25
11 7.59302e-25
11.5 8.51945e-25
12 9.57366e-25
12.5 1.09734e-24
13 1.28827e-24
13.5 1.54481e-24
14 1.88463e-24
14.5 2.33237e-24
15 2.92396e-24
15.5 3.71416e-24
16 4.79377e-24
16.5 6.33282e-24
17 8.66169e-24
17.5 1.19455e-23
18 1.40823e-23
18.5 1.45785e-23
19 1.52547e-23
19.5 1.57281e-23
20 1.54975e-23
21 1.30873e-23
22 9.98227e-24
23 7.48197e-24
24 5.71235e-24
25 4.48294e-24
26 3.61383e-24
27 2.98247e-24
28 2.51087e-24
29 2.14953e-24
30 1.86645e-24
32 1.45711e-24
34 1.18111e-24
36 9.87208e-25
38 8.47153e-25
40 7.44105e-25
42 6.67341e-25
44 6.0967e-25
46 5.66073e-25
48 5.32947e-25
50 5.07651e-25
52 4.88224e-25
54 4.73198e-25
56 4.61462e-25
58 4.52176e-25
60 4.44701e-25
62 4.38548e-25
64 4.33345e-25
66 4.2881e-25
68 4.24724e-25
70 4.20925e-25
72 4.17287e-25
74 4.13717e-25
76 4.10147e-25
78 4.06525e-25
80 4.02818e-25
85 3.93035e-25
90 3.82422e-25
95 3.71017e-25
100 3.58968e-25
110 3.33791e-25
120 3.08789e-25
130 2.85932e-25
