0.9 130 82
82
0.9 0
1 1.76487e-27
1.5 5.04982e-27
2 1.10066e-26
2.5 2.05923e-26
3 3.49504e-26
3.5 5.54817e-26
4 8.39424e-26
4.5 1.2258e-25
5 1.7432e-25
5.5 2.43009e-25
6 3.33653e-25
6.5 4.52438e-25
7 6.0589e-25
7.5 7.98268e-25
8 1.02855e-24
8.5 1.29497e-24
9 1.61005e-24
9.5 2.0067e-24
10 2.52855e-24
10.5 3.22464e-24
11 4.15356e-24
11.5 5.38905e-24
12 7.02204e-24
12.5 9.15587e-24
13 1.18871e-23
13.5 1.52509e-23
14 1.91007e-23
14.5 2.29528e-23
15 2.59796e-23
15.5 2.73734e-23
16 2.68886e-23
16.5 2.49673e-23
17 2.23345e-23
17.5 1.95807e-23
18 1.70332e-23
18.5 1.48157e-23
19 1.29411e-23
19.5 1.13753e-23
20 1.00706e-23
21 8.04615e-24
22 6.59494e-24
23 5.52313e-24
24 4.70837e-24
25 4.0729e-24
26 3.56626e-24
27 3.15483e-24
28 2.81565e-24
29 2.53262e-24
30 2.29415e-24
32 1.91893e-24
34 1.64346e-24
36 1.43912e-24
38 1.2869e-24
40 1.17342e-24
42 1.08896e-24
44 1.02623e-24
46 9.79778e-25
48 9.45464e-25
50 9.20156e-25
52 9.01482e-25
54 8.87647e-25
56 8.77289e-25
58 8.69382e-25
60 8.63148e-25
62 8.58e-25
64 8.53498e-25
66 8.49314e-25
68 8.45203e-25
70 8.40985e-25
72 8.36532e-25
74 8.31754e-25
76 8.26591e-25
78 8.21003e-25
80 8.14974e-25
85 7.97949e-25
90 7.78304e-25
95 7.56424e-25
100 7.32807e-25
110 6.82577e-25
120 6.32101e-25
130 5.85703e-25
