0.9 130 82
82
0.9 0
1 3.04772e-27
1.5 8.71209e-27
2 1.90684e-26
2.5 3.59797e-26
3 6.1841e-26
3.5 9.98337e-26
4 1.543e-25
4.5 2.3129e-25
5 3.39308e-25
5.5 4.90144e-25
6 6.99292e-25
6.5 9.85253e-25
7 1.3695e-24
7.5 1.88419e-24
8 2.57984e-24
8.5 3.48477e-24
9 4.52176e-24
9.5 5.60017e-24
10 6.94462e-24
10.5 9.18889e-24
11 1.33705e-23
11.5 2.08188e-23
12 2.9605e-23
12.5 3.05846e-23
13 2.6038e-23
13.5 2.36434e-23
14 2.41587e-23
14.5 2.64318e-23
15 2.91247e-23
15.5 3.08622e-23
16 3.07405e-23
16.5 2.88101e-23
17 2.58148e-23
17.5 2.25424e-23
18 1.94787e-23
18.5 1.6819e-23
19 1.45908e-23
19.5 1.27508e-23
20 1.12355e-23
21 8.91685e-24
22 7.28526e-24
23 6.09862e-24
24 5.2082e-24
25 4.52152e-24
26 3.97952e-24
27 3.54332e-24
28 3.18662e-24
29 2.89109e-24
30 2.64366e-24
32 2.25726e-24
34 1.97582e-24
36 1.76825e-24
38 1.61439e-24
40 1.50034e-24
42 1.41608e-24
44 1.35416e-24
46 1.30898e-24
48 1.27626e-24
50 1.25274e-24
52 1.23594e-24
54 1.22394e-24
56 1.21532e-24
58 1.20896e-24
60 1.20403e-24
62 1.19991e-24
64 1.19613e-24
66 1.19234e-24
68 1.18828e-24
70 1.18378e-24
72 1.17871e-24
74 1.17298e-24
76 1.16654e-24
78 1.15937e-24
80 1.15146e-24
85 1.12855e-24
90 1.10156e-24
95 1.07114e-24
100 1.03809e-24
110 9.67419e-25
120 8.9615e-25
130 8.30535e-25
