0.9 130 82
82
0.9 0
1 1.60903e-27
1.5 4.6176e-27
2 1.00864e-26
2.5 1.89049e-26
3 3.21386e-26
3.5 5.10986e-26
4 7.74351e-26
4.5 1.13268e-25
5 1.61365e-25
5.5 2.2536e-25
6 3.09931e-25
6.5 4.20674e-25
7 5.62999e-25
7.5 7.39633e-25
8 9.49701e-25
8.5 1.19644e-24
9 1.49891e-24
9.5 1.8911e-24
10 2.4146e-24
10.5 3.11895e-24
11 4.06761e-24
11.5 5.34426e-24
12 7.05691e-24
12.5 9.33744e-24
13 1.23234e-23
13.5 1.60806e-23
14 2.04172e-23
14.5 2.46469e-23
15 2.76286e-23
15.5 2.84197e-23
16 2.70309e-23
16.5 2.43053e-23
17 2.11792e-23
17.5 1.82415e-23
18 1.57397e-23
18.5 1.37276e-23
19 1.21678e-23
19.5 1.09424e-23
20 9.84603e-24
21 7.72795e-24
22 6.14434e-24
23 5.05568e-24
24 4.27098e-24
25 3.67862e-24
26 3.21617e-24
27 2.84609e-24
28 2.54435e-24
29 2.2948e-24
30 2.08614e-24
32 1.76103e-24
34 1.52526e-24
36 1.35242e-24
38 1.22525e-24
40 1.13173e-24
42 1.06318e-24
44 1.01319e-24
46 9.76963e-25
48 9.50892e-25
50 9.32257e-25
52 9.1901e-25
54 9.09605e-25
56 9.02876e-25
58 8.97948e-25
60 8.94163e-25
62 8.91028e-25
64 8.88178e-25
66 8.85342e-25
68 8.82324e-25
70 8.78983e-25
72 8.75221e-25
74 8.70975e-25
76 8.66204e-25
78 8.60889e-25
80 8.55027e-25
85 8.38041e-25
90 8.18012e-25
95 7.95437e-25
100 7.70904e-25
110 7.18434e-25
120 6.65514e-25
130 6.16789e-25
