0.9 130 82
82
0.9 0
1 3.53035e-28
1.5 9.22549e-28
2 1.88242e-27
2.5 3.34745e-27
3 5.45355e-27
3.5 8.36469e-27
4 1.22826e-26
4.5 1.74602e-26
5 2.42222e-26
5.5 3.29937e-26
6 4.43409e-26
6.5 5.90268e-26
7 7.80871e-26
7.5 1.02927e-25
8 1.35427e-25
8.5 1.77957e-25
9 2.33008e-25
9.5 3.0181e-25
10 3.8169e-25
10.5 4.65543e-25
11 5.49673e-25
11.5 6.43333e-25
12 7.65274e-25
12.5 9.35842e-25
13 1.17687e-24
13.5 1.51653e-24
14 1.9946e-24
14.5 2.66562e-24
15 3.59331e-24
15.5 4.81647e-24
16 6.25376e-24
16.5 7.57634e-24
17 8.30053e-24
17.5 8.26393e-24
18 7.83644e-24
18.5 7.49535e-24
19 7.40951e-24
19.5 7.30316e-24
20 6.73548e-24
21 4.65602e-24
22 3.08908e-24
23 2.19787e-24
24 1.67195e-24
25 1.33744e-24
26 1.11076e-24
27 9.4954e-25
28 8.30633e-25
29 7.40498e-25
30 6.70746e-25
32 5.72338e-25
34 5.09248e-25
36 4.68062e-25
38 4.41154e-25
40 4.23836e-25
42 4.13066e-25
44 4.06786e-25
46 4.0357e-25
48 4.02407e-25
50 4.02579e-25
52 4.03564e-25
54 4.0499e-25
56 4.06587e-25
58 4.08161e-25
60 4.09576e-25
62 4.10734e-25
64 4.11571e-25
66 4.12046e-25
68 4.12132e-25
70 4.11819e-25
72 4.11103e-25
74 4.09989e-25
76 4.08487e-25
78 4.06611e-25
80 4.04377e-25
85 3.97358e-25
90 3.88553e-25
95 3.78312e-25
100 3.66984e-25
110 3.42421e-25
120 3.17426e-25
130 2.94318e-25
