0.75 130 518
518
0.75 0
1 8.96104e-27
1.25 1.72186e-26
1.5 2.54761e-26
1.75 4.06034e-26
2 5.57306e-26
2.25 8.05946e-26
2.5 1.05459e-25
2.75 1.43854e-25
3 1.82249e-25
3.25 2.39321e-25
3.5 2.96393e-25
3.75 3.79182e-25
4 4.61971e-25
4.25 5.79904e-25
4.5 6.97838e-25
4.75 8.62106e-25
5 1.02637e-24
5.25 1.22778e-24
5.5 1.429e-24
5.75 1.50708e-24
6 1.22273e-24
6.25 1.68348e-24
6.5 2.14423e-24
6.75 2.59001e-24
7 3.03578e-24
7.25 3.7168e-24
7.5 4.39781e-24
7.75 5.23133e-24
8 6.06484e-24
8.25 7.29245e-24
8.5 8.52005e-24
8.75 1.06172e-23
9 1.27143e-23
9.25 1.58235e-23
9.5 1.89327e-23
9.75 2.31507e-23
10 2.73687e-23
10.25 3.13534e-23
10.5 3.53381e-23
10.75 3.68672e-23
11 3.83963e-23
11.25 3.77428e-23
11.5 3.70892e-23
11.75 3.6403e-23
12 3.57168e-23
12.25 3.5665e-23
12.5 3.56131e-23
12.75 3.56887e-23
13 3.57644e-23
13.25 3.53398e-23
13.5 3.49152e-23
13.75 3.38148e-23
14 3.27144e-23
14.25 3.1019e-23
14.5 2.93235e-23
14.75 2.74147e-23
15 2.5506e-23
15.25 2.3704e-23
15.5 2.1902e-23
15.75 2.03644e-23
16 1.88268e-23
16.25 1.75433e-23
16.5 1.62598e-23
16.75 1.52391e-23
17 1.42185e-23
17.25 1.33575e-23
17.5 1.24965e-23
17.75 1.16593e-23
18 1.08221e-23
18.25 9.93965e-24
18.5 9.05716e-24
18.75 8.27025e-24
19 7.48335e-24
19.25 6.89585e-24
19.5 6.30835e-24
19.75 5.93767e-24
20 5.56699e-24
20.25 5.41617e-24
20.5 5.26534e-24
20.75 5.11451e-24
21 4.96369e-24
21.25 4.88861e-24
21.5 4.81354e-24
21.75 4.73846e-24
22 4.66339e-24
22.25 4.58921e-24
22.5 4.51503e-24
22.75 4.44085e-24
23 4.36667e-24
23.25 4.29606e-24
23.5 4.22544e-24
23.75 4.15482e-24
24 4.08421e-24
24.25 3.9891e-24
24.5 3.894e-24
24.75 3.79889e-24
25 3.70378e-24
25.25 3.54511e-24
25.5 3.38645e-24
25.75 3.22778e-24
26 3.06911e-24
26.25 2.88869e-24
26.5 2.70826e-24
26.75 2.52784e-24
27 2.34741e-24
27.25 2.20255e-24
27.5 2.05769e-24
27.75 1.91284e-24
28 1.76798e-24
28.25 1.68e-24
28.5 1.59202e-24
28.75 1.50405e-24
29 1.41607e-24
29.25 1.36316e-24
29.5 1.31025e-24
29.75 1.25734e-24
30 1.20442e-24
30.25 1.1781e-24
30.5 1.15178e-24
30.75 1.12546e-24
31 1.09914e-24
31.25 1.07281e-24
31.5 1.04649e-24
31.75 1.02017e-24
32 9.93848e-25
32.25 9.70497e-25
32.5 9.47146e-25
32.75 9.23794e-25
33 9.00443e-25
33.25 8.77092e-25
33.5 8.5374e-25
33.75 8.30389e-25
34 8.07038e-25
34.25 7.90339e-25
34.5 7.7364e-25
34.75 7.56942e-25
35 7.40243e-25
35.25 7.23545e-25
35.5 7.06846e-25
35.75 6.90148e-25
36 6.73449e-25
36.25 6.66233e-25
36.5 6.59018e-25
36.75 6.51803e-25
37 6.44587e-25
37.25 6.37372e-25
37.5 6.30156e-25
37.75 6.22941e-25
38 6.15725e-25
38.25 6.13091e-25
38.5 6.10457e-25
38.75 6.07822e-25
39 6.05188e-25
39.25 6.02554e-25
39.5 5.99919e-25
39.75 5.97285e-25
40 5.94651e-25
40.25 5.91177e-25
40.5 5.87703e-25
40.75 5.84229e-25
41 5.80754e-25
41.25 5.7728e-25
41.5 5.73806e-25
41.75 5.70332e-25
42 5.66858e-25
42.25 5.62561e-25
42.5 5.58263e-25
42.75 5.53966e-25
43 5.49668e-25
43.25 5.4537e-25
43.5 5.41073e-25
43.75 5.36775e-25
44 5.32478e-25
44.25 5.29285e-25
44.5 5.26093e-25
44.75 5.22901e-25
45 5.19709e-25
45.25 5.16517e-25
45.5 5.13324e-25
45.75 5.10132e-25
46 5.0694e-25
46.25 5.05269e-25
46.5 5.03599e-25
46.75 5.01928e-25
47 5.00257e-25
47.25 4.98587e-25
47.5 4.96916e-25
47.75 4.95246e-25
48 4.93575e-25
48.25 4.93074e-25
48.5 4.92572e-25
48.75 4.92071e-25
49 4.9157e-25
49.25 4.91069e-25
49.5 4.90567e-25
49.75 4.90066e-25
50 4.89565e-25
50.25 4.89518e-25
50.5 4.89472e-25
50.75 4.89425e-25
51 4.89378e-25
51.25 4.89332e-25
51.5 4.89285e-25
51.75 4.89238e-25
52 4.89192e-25
52.25 4.89543e-25
52.5 4.89894e-25
52.75 4.90245e-25
53 4.90596e-25
53.25 4.90948e-25
53.5 4.91299e-25
53.75 4.9165e-25
54 4.92001e-25
54.25 4.92488e-25
54.5 4.92975e-25
54.75 4.93462e-25
55 4.93949e-25
55.25 4.94436e-25
55.5 4.94923e-25
55.75 4.95409e-25
56 4.95896e-25
56.25 4.97009e-25
56.5 4.98122e-25
56.75 4.99234e-25
57 5.00347e-25
57.25 5.0146e-25
57.5 5.02572e-25
57.75 5.03685e-25
58 5.04798e-25
58.25 5.05732e-25
58.5 5.06667e-25
58.75 5.07602e-25
59 5.08537e-25
59.25 5.09471e-25
59.5 5.10406e-25
59.75 5.11341e-25
60 5.12275e-25
60.25 5.12494e-25
60.5 5.12712e-25
60.75 5.1293e-25
61 5.13149e-25
61.25 5.13367e-25
61.5 5.13585e-25
61.75 5.13804e-25
62 5.14022e-25
62.25 5.14703e-25
62.5 5.15384e-25
62.75 5.16065e-25
63 5.16746e-25
63.25 5.17427e-25
63.5 5.18108e-25
63.75 5.18789e-25
64 5.1947e-25
64.25 5.19683e-25
64.5 5.19897e-25
64.75 5.2011e-25
65 5.20324e-25
65.25 5.20537e-25
65.5 5.20751e-25
65.75 5.20964e-25
66 5.21178e-25
66.25 5.2147e-25
66.5 5.21763e-25
66.75 5.22056e-25
67 5.22349e-25
67.25 5.22642e-25
67.5 5.22935e-25
67.75 5.23228e-25
68 5.2352e-25
68.25 5.23439e-25
68.5 5.23358e-25
68.75 5.23277e-25
69 5.23196e-25
69.25 5.23115e-25
69.5 5.23034e-25
69.75 5.22952e-25
70 5.22871e-25
70.25 5.2294e-25
70.5 5.23009e-25
70.75 5.23078e-25
71 5.23146e-25
71.25 5.23215e-25
71.5 5.23284e-25
71.75 5.23353e-25
72 5.23422e-25
72.25 5.23311e-25
72.5 5.232e-25
72.75 5.23089e-25
73 5.22978e-25
73.25 5.22867e-25
73.5 5.22756e-25
73.75 5.22645e-25
74 5.22534e-25
74.25 5.22198e-25
74.5 5.21862e-25
74.75 5.21527e-25
75 5.21191e-25
75.25 5.20855e-25
75.5 5.2052e-25
75.75 5.20184e-25
76 5.19848e-25
76.25 5.19558e-25
76.5 5.19268e-25
76.75 5.18978e-25
77 5.18688e-25
77.25 5.18398e-25
77.5 5.18108e-25
77.75 5.17817e-25
78 5.17527e-25
78.25 5.17328e-25
78.5 5.17128e-25
78.75 5.16929e-25
79 5.1673e-25
79.25 5.1653e-25
79.5 5.16331e-25
79.75 5.16131e-25
80 5.15932e-25
80.25 5.15395e-25
80.5 5.14858e-25
80.75 5.14322e-25
81 5.13785e-25
81.25 5.13248e-25
81.5 5.12711e-25
81.75 5.12175e-25
82 5.11638e-25
82.25 5.11101e-25
82.5 5.10565e-25
82.75 5.10028e-25
83 5.09491e-25
83.25 5.08954e-25
83.5 5.08418e-25
83.75 5.07881e-25
84 5.07344e-25
84.25 5.06808e-25
84.5 5.06271e-25
84.75 5.05734e-25
85 5.05198e-25
85.25 5.04456e-25
85.5 5.03714e-25
85.75 5.02973e-25
86 5.02231e-25
86.25 5.01489e-25
86.5 5.00748e-25
86.75 5.00006e-25
87 4.99264e-25
87.25 4.98523e-25
87.5 4.97781e-25
87.75 4.97039e-25
88 4.96298e-25
88.25 4.95556e-25
88.5 4.94814e-25
88.75 4.94073e-25
89 4.93331e-25
89.25 4.92589e-25
89.5 4.91848e-25
89.75 4.91106e-25
90 4.90364e-25
90.25 4.89505e-25
90.5 4.88645e-25
90.75 4.87786e-25
91 4.86927e-25
91.25 4.86067e-25
91.5 4.85208e-25
91.75 4.84348e-25
92 4.83489e-25
92.25 4.82629e-25
92.5 4.8177e-25
92.75 4.80911e-25
93 4.80051e-25
93.25 4.79192e-25
93.5 4.78332e-25
93.75 4.77473e-25
94 4.76614e-25
94.25 4.75754e-25
94.5 4.74895e-25
94.75 4.74035e-25
95 4.73176e-25
95.25 4.72374e-25
95.5 4.71572e-25
95.75 4.7077e-25
96 4.69967e-25
96.25 4.69165e-25
96.5 4.68363e-25
96.75 4.67561e-25
97 4.66759e-25
97.25 4.65957e-25
97.5 4.65155e-25
97.75 4.64353e-25
98 4.63551e-25
98.25 4.62748e-25
98.5 4.61946e-25
98.75 4.61144e-25
99 4.60342e-25
99.25 4.5954e-25
99.5 4.58738e-25
99.75 4.57936e-25
100 4.57134e-25
100.25 4.56374e-25
100.5 4.55614e-25
100.75 4.54855e-25
101 4.54095e-25
101.25 4.53335e-25
101.5 4.52576e-25
101.75 4.51816e-25
102 4.51057e-25
102.25 4.50297e-25
102.5 4.49537e-25
102.75 4.48778e-25
103 4.48018e-25
103.25 4.47258e-25
103.5 4.46499e-25
103.75 4.45739e-25
104 4.44979e-25
104.25 4.4422e-25
104.5 4.4346e-25
104.75 4.427e-25
105 4.41941e-25
105.25 4.41181e-25
105.5 4.40421e-25
105.75 4.39662e-25
106 4.38902e-25
106.25 4.38142e-25
106.5 4.37383e-25
106.75 4.36623e-25
107 4.35863e-25
107.25 4.35104e-25
107.5 4.34344e-25
107.75 4.33584e-25
108 4.32825e-25
108.25 4.32065e-25
108.5 4.31305e-25
108.75 4.30546e-25
109 4.29786e-25
109.25 4.29026e-25
109.5 4.28267e-25
109.75 4.27507e-25
110 4.26747e-25
110.25 4.258e-25
110.5 4.24853e-25
110.75 4.23906e-25
111 4.22959e-25
111.25 4.22012e-25
111.5 4.21064e-25
111.75 4.20117e-25
112 4.1917e-25
112.25 4.18223e-25
112.5 4.17276e-25
112.75 4.16328e-25
113 4.15381e-25
113.25 4.14434e-25
113.5 4.13487e-25
113.75 4.1254e-25
114 4.11592e-25
114.25 4.10645e-25
114.5 4.09698e-25
114.75 4.08751e-25
115 4.07804e-25
115.25 4.06856e-25
115.5 4.05909e-25
115.75 4.04962e-25
116 4.04015e-25
116.25 4.03068e-25
116.5 4.02121e-25
116.75 4.01173e-25
117 4.00226e-25
117.25 3.99279e-25
117.5 3.98332e-25
117.75 3.97385e-25
118 3.96437e-25
118.25 3.9549e-25
118.5 3.94543e-25
118.75 3.93596e-25
119 3.92649e-25
119.25 3.91701e-25
119.5 3.90754e-25
119.75 3.89807e-25
120 3.8886e-25
120.25 3.87765e-25
120.5 3.8667e-25
120.75 3.85575e-25
121 3.84479e-25
121.25 3.83384e-25
121.5 3.82289e-25
121.75 3.81194e-25
122 3.80099e-25
122.25 3.79004e-25
122.5 3.77909e-25
122.75 3.76814e-25
123 3.75718e-25
123.25 3.74623e-25
123.5 3.73528e-25
123.75 3.72433e-25
124 3.71338e-25
124.25 3.70243e-25
124.5 3.69148e-25
124.75 3.68053e-25
125 3.66958e-25
125.25 3.65862e-25
125.5 3.64767e-25
125.75 3.63672e-25
126 3.62577e-25
126.25 3.61482e-25
126.5 3.60387e-25
126.75 3.59292e-25
127 3.58197e-25
127.25 3.57101e-25
127.5 3.56006e-25
127.75 3.54911e-25
128 3.53816e-25
128.25 3.52721e-25
128.5 3.51626e-25
128.75 3.50531e-25
129 3.49436e-25
129.25 3.48341e-25
129.5 3.47245e-25
129.75 3.4615e-25
130 3.45055e-25
