0.9 130 82
82
0.9 0
1 2.46938e-27
1.5 6.07741e-27
2 1.1864e-26
2.5 2.04417e-26
3 3.26145e-26
3.5 4.94544e-26
4 7.24176e-26
4.5 1.03518e-25
5 1.45588e-25
5.5 2.02645e-25
6 2.80344e-25
6.5 3.86284e-25
7 5.29267e-25
7.5 7.15103e-25
8 9.35431e-25
8.5 1.15443e-24
9 1.32288e-24
9.5 1.43106e-24
10 1.52661e-24
10.5 1.67092e-24
11 1.90982e-24
11.5 2.27905e-24
12 2.81787e-24
12.5 3.57882e-24
13 4.63342e-24
13.5 6.07299e-24
14 7.99449e-24
14.5 1.04399e-23
15 1.32468e-23
15.5 1.5861e-23
16 1.74246e-23
16.5 1.73871e-23
17 1.60076e-23
17.5 1.402e-23
18 1.20356e-23
18.5 1.03504e-23
19 9.02686e-24
19.5 7.98318e-24
20 7.06824e-24
21 5.3847e-24
22 4.13742e-24
23 3.30379e-24
24 2.72968e-24
25 2.31529e-24
26 2.00438e-24
27 1.76407e-24
28 1.57404e-24
29 1.42111e-24
30 1.29637e-24
32 1.10816e-24
34 9.77037e-25
36 8.84449e-25
38 8.18836e-25
40 7.72501e-25
42 7.40083e-25
44 7.1774e-25
46 7.02667e-25
48 6.92796e-25
50 6.86594e-25
52 6.82921e-25
54 6.8093e-25
56 6.79991e-25
58 6.79638e-25
60 6.79526e-25
62 6.79404e-25
64 6.79091e-25
66 6.78456e-25
68 6.77411e-25
70 6.75897e-25
72 6.73878e-25
74 6.71337e-25
76 6.6827e-25
78 6.64681e-25
80 6.60585e-25
85 6.48263e-25
90 6.333e-25
95 6.16182e-25
100 5.97423e-25
110 5.57045e-25
120 5.16157e-25
130 4.78441e-25
