0.75 130 518
518
0.75 0
1 7.67681e-27
1.25 1.48214e-26
1.5 2.1966e-26
1.75 3.50995e-26
2 4.82329e-26
2.25 6.98458e-26
2.5 9.14587e-26
2.75 1.24822e-25
3 1.58185e-25
3.25 2.07703e-25
3.5 2.5722e-25
3.75 3.28874e-25
4 4.00528e-25
4.25 5.02315e-25
4.5 6.04102e-25
4.75 7.45992e-25
5 8.87881e-25
5.25 1.06548e-24
5.5 1.26205e-24
5.75 1.33666e-24
6 1.31011e-24
6.25 1.24929e-24
6.5 1.18848e-24
6.75 1.88853e-24
7 2.58859e-24
7.25 3.18791e-24
7.5 3.78723e-24
7.75 4.62124e-24
8 5.45524e-24
8.25 6.66282e-24
8.5 7.8704e-24
8.75 9.75617e-24
9 1.16419e-23
9.25 1.45558e-23
9.5 1.74696e-23
9.75 2.16367e-23
10 2.58037e-23
10.25 3.07328e-23
10.5 3.5662e-23
10.75 3.9489e-23
11 4.3316e-23
11.25 4.42709e-23
11.5 4.52257e-23
11.75 4.44783e-23
12 4.3731e-23
12.25 4.35677e-23
12.5 4.34045e-23
12.75 4.4072e-23
13 4.47396e-23
13.25 4.55314e-23
13.5 4.63232e-23
13.75 4.59428e-23
14 4.55625e-23
14.25 4.36265e-23
14.5 4.16906e-23
14.75 3.8904e-23
15 3.61174e-23
15.25 3.33226e-23
15.5 3.05277e-23
15.75 2.81347e-23
16 2.57416e-23
16.25 2.37904e-23
16.5 2.18393e-23
16.75 2.02841e-23
17 1.87289e-23
17.25 1.74472e-23
17.5 1.61655e-23
17.75 1.50522e-23
18 1.39388e-23
18.25 1.29098e-23
18.5 1.18808e-23
18.75 1.09195e-23
19 9.95814e-24
19.25 9.19679e-24
19.5 8.43543e-24
19.75 7.88937e-24
20 7.34331e-24
20.25 7.06179e-24
20.5 6.78027e-24
20.75 6.49875e-24
21 6.21723e-24
21.25 6.07318e-24
21.5 5.92912e-24
21.75 5.78506e-24
22 5.64101e-24
22.25 5.50839e-24
22.5 5.37578e-24
22.75 5.24316e-24
23 5.11055e-24
23.25 4.95484e-24
23.5 4.79913e-24
23.75 4.64342e-24
24 4.48771e-24
24.25 4.3155e-24
24.5 4.14329e-24
24.75 3.97107e-24
25 3.79886e-24
25.25 3.62618e-24
25.5 3.4535e-24
25.75 3.28082e-24
26 3.10814e-24
26.25 2.97171e-24
26.5 2.83528e-24
26.75 2.69885e-24
27 2.56242e-24
27.25 2.47344e-24
27.5 2.38447e-24
27.75 2.29549e-24
28 2.20651e-24
28.25 2.14925e-24
28.5 2.09198e-24
28.75 2.03472e-24
29 1.97745e-24
29.25 1.93944e-24
29.5 1.90143e-24
29.75 1.86342e-24
30 1.82541e-24
30.25 1.79638e-24
30.5 1.76734e-24
30.75 1.73831e-24
31 1.70928e-24
31.25 1.68025e-24
31.5 1.65122e-24
31.75 1.62219e-24
32 1.59315e-24
32.25 1.55312e-24
32.5 1.51309e-24
32.75 1.47306e-24
33 1.43302e-24
33.25 1.39299e-24
33.5 1.35296e-24
33.75 1.31292e-24
34 1.27289e-24
34.25 1.24441e-24
34.5 1.21594e-24
34.75 1.18746e-24
35 1.15898e-24
35.25 1.13051e-24
35.5 1.10203e-24
35.75 1.07355e-24
36 1.04507e-24
36.25 1.03944e-24
36.5 1.03381e-24
36.75 1.02818e-24
37 1.02255e-24
37.25 1.01692e-24
37.5 1.01129e-24
37.75 1.00566e-24
38 1.00003e-24
38.25 1.00299e-24
38.5 1.00595e-24
38.75 1.00892e-24
39 1.01188e-24
39.25 1.01485e-24
39.5 1.01782e-24
39.75 1.02078e-24
40 1.02374e-24
40.25 1.02035e-24
40.5 1.01695e-24
40.75 1.01355e-24
41 1.01015e-24
41.25 1.00675e-24
41.5 1.00335e-24
41.75 9.99945e-25
42 9.96545e-25
42.25 9.87842e-25
42.5 9.79139e-25
42.75 9.70436e-25
43 9.61732e-25
43.25 9.53029e-25
43.5 9.44326e-25
43.75 9.35623e-25
44 9.26919e-25
44.25 9.17733e-25
44.5 9.08546e-25
44.75 8.99359e-25
45 8.90172e-25
45.25 8.80985e-25
45.5 8.71798e-25
45.75 8.62612e-25
46 8.53425e-25
46.25 8.45958e-25
46.5 8.38491e-25
46.75 8.31024e-25
47 8.23557e-25
47.25 8.1609e-25
47.5 8.08623e-25
47.75 8.01156e-25
48 7.93689e-25
48.25 7.89024e-25
48.5 7.84358e-25
48.75 7.79692e-25
49 7.75027e-25
49.25 7.70361e-25
49.5 7.65695e-25
49.75 7.6103e-25
50 7.56364e-25
50.25 7.54559e-25
50.5 7.52754e-25
50.75 7.50949e-25
51 7.49144e-25
51.25 7.4734e-25
51.5 7.45535e-25
51.75 7.4373e-25
52 7.41925e-25
52.25 7.43092e-25
52.5 7.44258e-25
52.75 7.45425e-25
53 7.46591e-25
53.25 7.47758e-25
53.5 7.48924e-25
53.75 7.50091e-25
54 7.51257e-25
54.25 7.55389e-25
54.5 7.5952e-25
54.75 7.63651e-25
55 7.67782e-25
55.25 7.71914e-25
55.5 7.76045e-25
55.75 7.80176e-25
56 7.84307e-25
56.25 7.88456e-25
56.5 7.92604e-25
56.75 7.96752e-25
57 8.009e-25
57.25 8.05048e-25
57.5 8.09197e-25
57.75 8.13345e-25
58 8.17493e-25
58.25 8.20013e-25
58.5 8.22532e-25
58.75 8.25052e-25
59 8.27571e-25
59.25 8.30091e-25
59.5 8.3261e-25
59.75 8.3513e-25
60 8.37649e-25
60.25 8.39384e-25
60.5 8.4112e-25
60.75 8.42855e-25
61 8.4459e-25
61.25 8.46325e-25
61.5 8.48061e-25
61.75 8.49796e-25
62 8.51531e-25
62.25 8.52648e-25
62.5 8.53765e-25
62.75 8.54882e-25
63 8.55999e-25
63.25 8.57116e-25
63.5 8.58233e-25
63.75 8.5935e-25
64 8.60467e-25
64.25 8.61996e-25
64.5 8.63525e-25
64.75 8.65054e-25
65 8.66583e-25
65.25 8.68112e-25
65.5 8.69641e-25
65.75 8.7117e-25
66 8.72699e-25
66.25 8.722e-25
66.5 8.71701e-25
66.75 8.71202e-25
67 8.70702e-25
67.25 8.70203e-25
67.5 8.69704e-25
67.75 8.69205e-25
68 8.68705e-25
68.25 8.67827e-25
68.5 8.6695e-25
68.75 8.66072e-25
69 8.65194e-25
69.25 8.64316e-25
69.5 8.63438e-25
69.75 8.6256e-25
70 8.61682e-25
70.25 8.60765e-25
70.5 8.59848e-25
70.75 8.5893e-25
71 8.58013e-25
71.25 8.57096e-25
71.5 8.56178e-25
71.75 8.55261e-25
72 8.54344e-25
72.25 8.53831e-25
72.5 8.53317e-25
72.75 8.52804e-25
73 8.52291e-25
73.25 8.51777e-25
73.5 8.51264e-25
73.75 8.50751e-25
74 8.50238e-25
74.25 8.48503e-25
74.5 8.46768e-25
74.75 8.45033e-25
75 8.43299e-25
75.25 8.41564e-25
75.5 8.39829e-25
75.75 8.38094e-25
76 8.3636e-25
76.25 8.37362e-25
76.5 8.38363e-25
76.75 8.39365e-25
77 8.40367e-25
77.25 8.41369e-25
77.5 8.42371e-25
77.75 8.43373e-25
78 8.44374e-25
78.25 8.42315e-25
78.5 8.40256e-25
78.75 8.38197e-25
79 8.36138e-25
79.25 8.34079e-25
79.5 8.32019e-25
79.75 8.2996e-25
80 8.27901e-25
80.25 8.26952e-25
80.5 8.26002e-25
80.75 8.25053e-25
81 8.24103e-25
81.25 8.23154e-25
81.5 8.22205e-25
81.75 8.21255e-25
82 8.20306e-25
82.25 8.19357e-25
82.5 8.18407e-25
82.75 8.17458e-25
83 8.16509e-25
83.25 8.15559e-25
83.5 8.1461e-25
83.75 8.13661e-25
84 8.12711e-25
84.25 8.11762e-25
84.5 8.10813e-25
84.75 8.09863e-25
85 8.08914e-25
85.25 8.06341e-25
85.5 8.03769e-25
85.75 8.01196e-25
86 7.98624e-25
86.25 7.96051e-25
86.5 7.93479e-25
86.75 7.90906e-25
87 7.88334e-25
87.25 7.85762e-25
87.5 7.83189e-25
87.75 7.80617e-25
88 7.78044e-25
88.25 7.75472e-25
88.5 7.72899e-25
88.75 7.70327e-25
89 7.67754e-25
89.25 7.65182e-25
89.5 7.62609e-25
89.75 7.60037e-25
90 7.57464e-25
90.25 7.55948e-25
90.5 7.54431e-25
90.75 7.52915e-25
91 7.51398e-25
91.25 7.49882e-25
91.5 7.48366e-25
91.75 7.46849e-25
92 7.45333e-25
92.25 7.43816e-25
92.5 7.423e-25
92.75 7.40783e-25
93 7.39267e-25
93.25 7.3775e-25
93.5 7.36234e-25
93.75 7.34717e-25
94 7.33201e-25
94.25 7.31685e-25
94.5 7.30168e-25
94.75 7.28652e-25
95 7.27135e-25
95.25 7.25714e-25
95.5 7.24293e-25
95.75 7.22871e-25
96 7.2145e-25
96.25 7.20029e-25
96.5 7.18608e-25
96.75 7.17186e-25
97 7.15765e-25
97.25 7.14344e-25
97.5 7.12922e-25
97.75 7.11501e-25
98 7.1008e-25
98.25 7.08659e-25
98.5 7.07237e-25
98.75 7.05816e-25
99 7.04395e-25
99.25 7.02974e-25
99.5 7.01552e-25
99.75 7.00131e-25
100 6.9871e-25
100.25 6.96858e-25
100.5 6.95007e-25
100.75 6.93155e-25
101 6.91304e-25
101.25 6.89452e-25
101.5 6.87601e-25
101.75 6.85749e-25
102 6.83898e-25
102.25 6.82046e-25
102.5 6.80194e-25
102.75 6.78343e-25
103 6.76491e-25
103.25 6.7464e-25
103.5 6.72788e-25
103.75 6.70937e-25
104 6.69085e-25
104.25 6.67234e-25
104.5 6.65382e-25
104.75 6.63531e-25
105 6.61679e-25
105.25 6.59828e-25
105.5 6.57976e-25
105.75 6.56124e-25
106 6.54273e-25
106.25 6.52421e-25
106.5 6.5057e-25
106.75 6.48718e-25
107 6.46867e-25
107.25 6.45015e-25
107.5 6.43164e-25
107.75 6.41312e-25
108 6.39461e-25
108.25 6.37609e-25
108.5 6.35758e-25
108.75 6.33906e-25
109 6.32055e-25
109.25 6.30203e-25
109.5 6.28351e-25
109.75 6.265e-25
110 6.24648e-25
110.25 6.23064e-25
110.5 6.2148e-25
110.75 6.19896e-25
111 6.18312e-25
111.25 6.16728e-25
111.5 6.15144e-25
111.75 6.1356e-25
112 6.11975e-25
112.25 6.10391e-25
112.5 6.08807e-25
112.75 6.07223e-25
113 6.05639e-25
113.25 6.04055e-25
113.5 6.02471e-25
113.75 6.00887e-25
114 5.99303e-25
114.25 5.97718e-25
114.5 5.96134e-25
114.75 5.9455e-25
115 5.92966e-25
115.25 5.91382e-25
115.5 5.89798e-25
115.75 5.88214e-25
116 5.8663e-25
116.25 5.85046e-25
116.5 5.83461e-25
116.75 5.81877e-25
117 5.80293e-25
117.25 5.78709e-25
117.5 5.77125e-25
117.75 5.75541e-25
118 5.73957e-25
118.25 5.72373e-25
118.5 5.70788e-25
118.75 5.69204e-25
119 5.6762e-25
119.25 5.66036e-25
119.5 5.64452e-25
119.75 5.62868e-25
120 5.61284e-25
120.25 5.6027e-25
120.5 5.59256e-25
120.75 5.58242e-25
121 5.57228e-25
121.25 5.56215e-25
121.5 5.55201e-25
121.75 5.54187e-25
122 5.53173e-25
122.25 5.52159e-25
122.5 5.51145e-25
122.75 5.50132e-25
123 5.49118e-25
123.25 5.48104e-25
123.5 5.4709e-25
123.75 5.46076e-25
124 5.45062e-25
124.25 5.44048e-25
124.5 5.43035e-25
124.75 5.42021e-25
125 5.41007e-25
125.25 5.39993e-25
125.5 5.38979e-25
125.75 5.37965e-25
126 5.36952e-25
126.25 5.35938e-25
126.5 5.34924e-25
126.75 5.3391e-25
127 5.32896e-25
127.25 5.31882e-25
127.5 5.30868e-25
127.75 5.29855e-25
128 5.28841e-25
128.25 5.27827e-25
128.5 5.26813e-25
128.75 5.25799e-25
129 5.24785e-25
129.25 5.23772e-25
129.5 5.22758e-25
129.75 5.21744e-25
130 5.2073e-25
