0.5 130 260
260
0.5 0
1 2.88947e-27
1.5 8.32589e-27
2 1.82959e-26
2.5 3.45672e-26
3 5.93659e-26
3.5 9.5581e-26
4 1.47059e-25
4.5 2.19022e-25
5 3.18637e-25
5.5 4.55646e-25
6 6.42666e-25
6.5 8.94214e-25
7 1.22419e-24
7.5 1.6461e-24
8 2.18037e-24
8.5 2.85986e-24
9 3.74245e-24
9.5 4.93262e-24
10 6.55961e-24
10.5 8.73942e-24
11 1.15675e-23
11.5 1.50023e-23
12 1.85232e-23
12.5 2.1352e-23
13 2.34004e-23
13.5 2.51458e-23
14 2.69078e-23
14.5 2.85099e-23
15 2.94536e-23
15.5 2.92715e-23
16 2.77393e-23
16.5 2.508e-23
17 2.19024e-23
17.5 1.87925e-23
18 1.60628e-23
18.5 1.37911e-23
19 1.19408e-23
19.5 1.04402e-23
20 9.21812e-24
20.5 8.28802e-24
21 7.35792e-24
21.5 6.70353e-24
22 6.04915e-24
22.5 5.57054e-24
23 5.09192e-24
23.5 4.72995e-24
24 4.36798e-24
24.5 4.08654e-24
25 3.80511e-24
25.5 3.58133e-24
26 3.35755e-24
26.5 3.17639e-24
27 2.99522e-24
27.5 2.84646e-24
28 2.69769e-24
28.5 2.57415e-24
29 2.45061e-24
29.5 2.34714e-24
30 2.24367e-24
30.5 2.16311e-24
31 2.08256e-24
31.5 2.002e-24
32 1.92144e-24
32.5 1.8633e-24
33 1.80515e-24
33.5 1.74701e-24
34 1.68887e-24
34.5 1.6466e-24
35 1.60433e-24
35.5 1.56206e-24
36 1.51978e-24
36.5 1.48903e-24
37 1.45827e-24
37.5 1.42751e-24
38 1.39676e-24
38.5 1.37446e-24
39 1.35216e-24
39.5 1.32986e-24
40 1.30757e-24
40.5 1.29152e-24
41 1.27547e-24
41.5 1.25942e-24
42 1.24336e-24
42.5 1.23193e-24
43 1.22049e-24
43.5 1.20905e-24
44 1.19761e-24
44.5 1.18957e-24
45 1.18152e-24
45.5 1.17347e-24
46 1.16543e-24
46.5 1.15986e-24
47 1.15429e-24
47.5 1.14872e-24
48 1.14314e-24
48.5 1.13936e-24
49 1.13557e-24
49.5 1.13179e-24
50 1.128e-24
50.5 1.12549e-24
51 1.12297e-24
51.5 1.12045e-24
52 1.11793e-24
52.5 1.11629e-24
53 1.11465e-24
53.5 1.11301e-24
54 1.11137e-24
54.5 1.11031e-24
55 1.10925e-24
55.5 1.10819e-24
56 1.10714e-24
56.5 1.10644e-24
57 1.10575e-24
57.5 1.10505e-24
58 1.10436e-24
58.5 1.10387e-24
59 1.10337e-24
59.5 1.10288e-24
60 1.10239e-24
60.5 1.10197e-24
61 1.10156e-24
61.5 1.10114e-24
62 1.10073e-24
62.5 1.1003e-24
63 1.09988e-24
63.5 1.09945e-24
64 1.09903e-24
64.5 1.09853e-24
65 1.09802e-24
65.5 1.09752e-24
66 1.09702e-24
66.5 1.0964e-24
67 1.09578e-24
67.5 1.09516e-24
68 1.09453e-24
68.5 1.09376e-24
69 1.09298e-24
69.5 1.09221e-24
70 1.09143e-24
70.5 1.09048e-24
71 1.08953e-24
71.5 1.08859e-24
72 1.08764e-24
72.5 1.0865e-24
73 1.08536e-24
73.5 1.08423e-24
74 1.08309e-24
74.5 1.08176e-24
75 1.08044e-24
75.5 1.07911e-24
76 1.07778e-24
76.5 1.07626e-24
77 1.07473e-24
77.5 1.07321e-24
78 1.07169e-24
78.5 1.06998e-24
79 1.06826e-24
79.5 1.06655e-24
80 1.06484e-24
80.5 1.0628e-24
81 1.06077e-24
81.5 1.05874e-24
82 1.05671e-24
82.5 1.05468e-24
83 1.05265e-24
83.5 1.05062e-24
84 1.04858e-24
84.5 1.04655e-24
85 1.04452e-24
85.5 1.04208e-24
86 1.03964e-24
86.5 1.0372e-24
87 1.03477e-24
87.5 1.03233e-24
88 1.02989e-24
88.5 1.02745e-24
89 1.02501e-24
89.5 1.02257e-24
90 1.02013e-24
90.5 1.01736e-24
91 1.01458e-24
91.5 1.01181e-24
92 1.00903e-24
92.5 1.00626e-24
93 1.00348e-24
93.5 1.00071e-24
94 9.9793e-25
94.5 9.95155e-25
95 9.9238e-25
95.5 9.89347e-25
96 9.86315e-25
96.5 9.83283e-25
97 9.8025e-25
97.5 9.77218e-25
98 9.74185e-25
98.5 9.71153e-25
99 9.6812e-25
99.5 9.65088e-25
100 9.62055e-25
100.5 9.58798e-25
101 9.55542e-25
101.5 9.52285e-25
102 9.49028e-25
102.5 9.45772e-25
103 9.42515e-25
103.5 9.39259e-25
104 9.36002e-25
104.5 9.32745e-25
105 9.29489e-25
105.5 9.26232e-25
106 9.22975e-25
106.5 9.19719e-25
107 9.16462e-25
107.5 9.13205e-25
108 9.09949e-25
108.5 9.06692e-25
109 9.03435e-25
109.5 9.00179e-25
110 8.96922e-25
110.5 8.93628e-25
111 8.90335e-25
111.5 8.87041e-25
112 8.83747e-25
112.5 8.80453e-25
113 8.7716e-25
113.5 8.73866e-25
114 8.70572e-25
114.5 8.67278e-25
115 8.63985e-25
115.5 8.60691e-25
116 8.57397e-25
116.5 8.54103e-25
117 8.5081e-25
117.5 8.47516e-25
118 8.44222e-25
118.5 8.40929e-25
119 8.37635e-25
119.5 8.34341e-25
120 8.31047e-25
120.5 8.28011e-25
121 8.24974e-25
121.5 8.21938e-25
122 8.18901e-25
122.5 8.15865e-25
123 8.12828e-25
123.5 8.09791e-25
124 8.06755e-25
124.5 8.03718e-25
125 8.00682e-25
125.5 7.97645e-25
126 7.94609e-25
126.5 7.91572e-25
127 7.88535e-25
127.5 7.85499e-25
128 7.82462e-25
128.5 7.79426e-25
129 7.76389e-25
129.5 7.73353e-25
130 7.70316e-25
