0.9 130 82
82
0.9 0
1 1.21325e-27
1.5 3.2172e-27
2 6.74726e-27
2.5 1.246e-26
3 2.12838e-26
3.5 3.46031e-26
4 5.46746e-26
4.5 8.56981e-26
5 1.36669e-25
5.5 2.23954e-25
6 3.22488e-25
6.5 3.60613e-25
7 4.21548e-25
7.5 5.33604e-25
8 6.89089e-25
8.5 8.83432e-25
9 1.12497e-24
9.5 1.44237e-24
10 1.8801e-24
10.5 2.49427e-24
11 3.35626e-24
11.5 4.55528e-24
12 6.18315e-24
12.5 8.27494e-24
13 1.06929e-23
13.5 1.3068e-23
14 1.50424e-23
14.5 1.66168e-23
15 1.79879e-23
15.5 1.91082e-23
16 1.9646e-23
16.5 1.93361e-23
17 1.82445e-23
17.5 1.66843e-23
18 1.49834e-23
18.5 1.33564e-23
19 1.19027e-23
19.5 1.06479e-23
20 9.58209e-24
21 7.90315e-24
22 6.69163e-24
23 5.79748e-24
24 5.12048e-24
25 4.59535e-24
26 4.17917e-24
27 3.84308e-24
28 3.56722e-24
29 3.3376e-24
30 3.1441e-24
32 2.83748e-24
34 2.60689e-24
36 2.42807e-24
38 2.28569e-24
40 2.16961e-24
42 2.07293e-24
44 1.99085e-24
46 1.91991e-24
48 1.85761e-24
50 1.80209e-24
52 1.75196e-24
54 1.70616e-24
56 1.66389e-24
58 1.6245e-24
60 1.58752e-24
62 1.55253e-24
64 1.51923e-24
66 1.48737e-24
68 1.45673e-24
70 1.42716e-24
72 1.39852e-24
74 1.37069e-24
76 1.34358e-24
78 1.31712e-24
80 1.29126e-24
85 1.22885e-24
90 1.16929e-24
95 1.11226e-24
100 1.05766e-24
110 9.55769e-25
120 8.6444e-25
130 7.85225e-25
