0.9 130 82
82
0.9 0
1 1.14034e-27
1.5 3.20137e-27
2 6.88531e-27
2.5 1.27515e-26
3 2.1463e-26
3.5 3.38255e-26
4 5.08398e-26
4.5 7.37759e-26
5 1.04278e-25
5.5 1.44508e-25
6 1.97327e-25
6.5 2.66461e-25
7 3.56438e-25
7.5 4.71744e-25
8 6.1439e-25
8.5 7.81189e-25
9 9.67781e-25
9.5 1.18164e-24
10 1.44655e-24
10.5 1.79339e-24
11 2.25502e-24
11.5 2.86927e-24
12 3.68356e-24
12.5 4.75738e-24
13 6.16096e-24
13.5 7.96627e-24
14 1.02201e-23
14.5 1.28783e-23
15 1.56983e-23
15.5 1.81718e-23
16 1.96696e-23
16.5 1.98204e-23
17 1.87633e-23
17.5 1.69829e-23
18 1.49683e-23
18.5 1.30324e-23
19 1.1316e-23
19.5 9.85347e-24
20 8.62938e-24
21 6.74689e-24
22 5.42605e-24
23 4.47443e-24
24 3.76822e-24
25 3.22942e-24
26 2.80825e-24
27 2.47217e-24
28 2.19936e-24
29 1.97479e-24
30 1.78784e-24
32 1.498e-24
34 1.28874e-24
36 1.13559e-24
38 1.02282e-24
40 9.39673e-25
42 8.78452e-25
44 8.33525e-25
46 8.007e-25
48 7.76829e-25
50 7.59546e-25
52 7.47063e-25
54 7.38035e-25
56 7.31444e-25
58 7.26525e-25
60 7.22702e-25
62 7.19543e-25
64 7.16725e-25
66 7.1401e-25
68 7.1122e-25
70 7.0823e-25
72 7.04951e-25
74 7.01321e-25
76 6.97303e-25
78 6.92875e-25
80 6.8803e-25
85 6.74119e-25
90 6.57841e-25
95 6.39569e-25
100 6.19759e-25
110 5.77472e-25
120 5.34876e-25
130 4.95679e-25
