2.5 130 256
256
2.5 0
3 1.0574e-26
3.5 1.9338e-26
4 2.8102e-26
4.5 6.06075e-26
5 9.31131e-26
5.5 2.08567e-25
6 3.24022e-25
6.5 6.77208e-25
7 1.03039e-24
7.5 1.96197e-24
8 2.89354e-24
8.5 5.01438e-24
9 7.13521e-24
9.5 1.11115e-23
10 1.50879e-23
10.5 2.04869e-23
11 2.5886e-23
11.5 3.04916e-23
12 3.50973e-23
12.5 3.83544e-23
13 4.16114e-23
13.5 4.31965e-23
14 4.47816e-23
14.5 4.13278e-23
15 3.7874e-23
15.5 3.30249e-23
16 2.81758e-23
16.5 2.44879e-23
17 2.08001e-23
17.5 1.82543e-23
18 1.57085e-23
18.5 1.39463e-23
19 1.21842e-23
19.5 1.09405e-23
20 9.69689e-24
20.5 8.80129e-24
21 7.9057e-24
21.5 7.24923e-24
22 6.59277e-24
22.5 6.10436e-24
23 5.61595e-24
23.5 5.24799e-24
24 4.88002e-24
24.5 4.59977e-24
25 4.31952e-24
25.5 4.10392e-24
26 3.88833e-24
26.5 3.72082e-24
27 3.55331e-24
27.5 3.42178e-24
28 3.29025e-24
28.5 3.18577e-24
29 3.08129e-24
29.5 2.99722e-24
30 2.91316e-24
30.5 2.84458e-24
31 2.776e-24
31.5 2.71926e-24
32 2.66251e-24
32.5 2.61491e-24
33 2.5673e-24
33.5 2.52683e-24
34 2.48635e-24
34.5 2.45154e-24
35 2.41673e-24
35.5 2.38647e-24
36 2.35622e-24
36.5 2.32969e-24
37 2.30317e-24
37.5 2.27974e-24
38 2.25632e-24
38.5 2.23549e-24
39 2.21467e-24
39.5 2.19605e-24
40 2.17744e-24
40.5 2.16071e-24
41 2.14398e-24
41.5 2.12887e-24
42 2.11376e-24
42.5 2.10004e-24
43 2.08632e-24
43.5 2.0738e-24
44 2.06128e-24
44.5 2.04979e-24
45 2.03829e-24
45.5 2.02768e-24
46 2.01707e-24
46.5 2.00721e-24
47 1.99735e-24
47.5 1.98813e-24
48 1.97892e-24
48.5 1.97024e-24
49 1.96156e-24
49.5 1.95334e-24
50 1.94512e-24
50.5 1.93727e-24
51 1.92943e-24
51.5 1.92191e-24
52 1.91438e-24
52.5 1.90712e-24
53 1.89985e-24
53.5 1.8928e-24
54 1.88574e-24
54.5 1.87886e-24
55 1.87198e-24
55.5 1.86524e-24
56 1.85849e-24
56.5 1.85186e-24
57 1.84522e-24
57.5 1.83866e-24
58 1.83211e-24
58.5 1.82562e-24
59 1.81913e-24
59.5 1.81269e-24
60 1.80625e-24
60.5 1.79984e-24
61 1.79343e-24
61.5 1.78705e-24
62 1.78067e-24
62.5 1.7743e-24
63 1.76793e-24
63.5 1.76158e-24
64 1.75522e-24
64.5 1.74887e-24
65 1.74252e-24
65.5 1.73617e-24
66 1.72983e-24
66.5 1.72348e-24
67 1.71714e-24
67.5 1.7108e-24
68 1.70446e-24
68.5 1.69812e-24
69 1.69179e-24
69.5 1.68545e-24
70 1.67912e-24
70.5 1.67279e-24
71 1.66646e-24
71.5 1.66015e-24
72 1.65383e-24
72.5 1.64752e-24
73 1.64121e-24
73.5 1.63492e-24
74 1.62863e-24
74.5 1.62235e-24
75 1.61608e-24
75.5 1.60982e-24
76 1.60357e-24
76.5 1.59734e-24
77 1.59111e-24
77.5 1.58491e-24
78 1.5787e-24
78.5 1.57254e-24
79 1.56637e-24
79.5 1.56023e-24
80 1.5541e-24
80.5 1.54801e-24
81 1.54191e-24
81.5 1.53586e-24
82 1.52981e-24
82.5 1.52381e-24
83 1.51781e-24
83.5 1.51186e-24
84 1.50591e-24
84.5 1.50002e-24
85 1.49412e-24
85.5 1.48829e-24
86 1.48246e-24
86.5 1.47669e-24
87 1.47093e-24
87.5 1.46523e-24
88 1.45953e-24
88.5 1.45391e-24
89 1.44829e-24
89.5 1.44275e-24
90 1.43721e-24
90.5 1.43175e-24
91 1.4263e-24
91.5 1.42093e-24
92 1.41557e-24
92.5 1.4103e-24
93 1.40503e-24
93.5 1.39987e-24
94 1.39471e-24
94.5 1.38966e-24
95 1.38461e-24
95.5 1.37967e-24
96 1.37474e-24
96.5 1.36993e-24
97 1.36512e-24
97.5 1.36045e-24
98 1.35578e-24
98.5 1.35125e-24
99 1.34673e-24
99.5 1.34235e-24
100 1.33798e-24
100.5 1.33377e-24
101 1.32956e-24
101.5 1.32553e-24
102 1.3215e-24
102.5 1.31765e-24
103 1.31381e-24
103.5 1.31017e-24
104 1.30653e-24
104.5 1.30311e-24
105 1.29968e-24
105.5 1.29649e-24
106 1.28957e-24
106.5 1.28738e-24
107 1.2852e-24
107.5 1.28303e-24
108 1.28087e-24
108.5 1.27872e-24
109 1.27664e-24
109.5 1.27547e-24
110 1.27431e-24
110.5 1.27314e-24
111 1.27199e-24
111.5 1.27084e-24
112 1.26969e-24
112.5 1.26976e-24
113 1.26987e-24
113.5 1.26998e-24
114 1.27009e-24
114.5 1.2702e-24
115 1.27031e-24
115.5 1.27153e-24
116 1.27324e-24
116.5 1.27494e-24
117 1.27664e-24
117.5 1.27832e-24
118 1.28e-24
118.5 1.28217e-24
119 1.28584e-24
119.5 1.28949e-24
120 1.29313e-24
120.5 1.29676e-24
121 1.30037e-24
121.5 1.30396e-24
122 1.30905e-24
122.5 1.31505e-24
123 1.32102e-24
123.5 1.32696e-24
124 1.33288e-24
124.5 1.33878e-24
125 1.34466e-24
125.5 1.35281e-24
126 1.36147e-24
126.5 1.3701e-24
127 1.3787e-24
127.5 1.38726e-24
128 1.39579e-24
128.5 1.40428e-24
129 1.4153e-24
129.5 1.42689e-24
130 1.43843e-24
