8.9081 130 69
69
8.9081 0
9.0081 2.277e-27
10 8.6011e-26
11 1.45886e-25
12 2.54316e-25
13 4.61159e-25
14 8.7645e-25
15 1.72149e-24
16 3.13863e-24
16.5 3.80326e-24
17 4.12108e-24
17.5 4.03886e-24
18 3.744e-24
18.5 3.45651e-24
19 3.31395e-24
19.5 3.39718e-24
20 3.7757e-24
20.5 4.50717e-24
21 5.52634e-24
21.5 6.4234e-24
22 6.57172e-24
22.5 5.89239e-24
23 4.89665e-24
24 3.26915e-24
25 2.31825e-24
26 1.73121e-24
27 1.35369e-24
28 1.10201e-24
29 9.27253e-25
30 8.01425e-25
31 7.08019e-25
32 6.36923e-25
33 5.81682e-25
34 5.38008e-25
35 5.02973e-25
36 4.74516e-25
37 4.51168e-25
38 4.3182e-25
39 4.15671e-25
40 4.02082e-25
42 3.80804e-25
44 3.65225e-25
46 3.53576e-25
48 3.44676e-25
50 3.37737e-25
52 3.32187e-25
54 3.27628e-25
56 3.23768e-25
58 3.20388e-25
60 3.17348e-25
62 3.14508e-25
64 3.11799e-25
66 3.09139e-25
68 3.06479e-25
70 3.03799e-25
72 3.01069e-25
74 2.98259e-25
76 2.95369e-25
78 2.92379e-25
80 2.89299e-25
85 2.81179e-25
90 2.72519e-25
95 2.63409e-25
100 2.5399e-25
105 2.4441e-25
110 2.3481e-25
115 2.2536e-25
120 2.162e-25
130 1.994e-25
