0.9 130 82
82
0.9 0
1 6.90111e-28
1.5 1.86351e-27
2 3.89661e-27
2.5 7.06112e-27
3 1.16761e-26
3.5 1.81247e-26
4 2.68762e-26
4.5 3.85184e-26
5 5.3803e-26
5.5 7.37125e-26
6 9.95531e-26
6.5 1.33083e-25
7 1.76673e-25
7.5 2.33458e-25
8 3.07289e-25
8.5 4.01929e-25
9 5.18486e-25
9.5 6.51526e-25
10 7.90767e-25
10.5 9.35306e-25
11 1.10366e-24
11.5 1.3243e-24
12 1.62572e-24
12.5 2.03753e-24
13 2.59479e-24
13.5 3.33872e-24
14 4.30787e-24
14.5 5.5105e-24
15 6.87078e-24
15.5 8.17678e-24
16 9.12903e-24
16.5 9.54731e-24
17 9.53307e-24
17.5 9.3631e-24
18 9.26291e-24
18.5 9.29314e-24
19 9.40472e-24
19.5 9.59034e-24
20 9.92349e-24
21 1.10989e-23
22 1.21377e-23
23 1.17483e-23
24 1.00393e-23
25 8.04821e-24
26 6.37053e-24
27 5.10104e-24
28 4.16395e-24
29 3.46751e-24
30 2.94072e-24
32 2.21424e-24
34 1.74985e-24
36 1.43545e-24
38 1.2135e-24
40 1.05204e-24
42 9.32031e-25
44 8.41447e-25
46 7.72285e-25
48 7.19004e-25
50 6.77644e-25
52 6.45304e-25
54 6.19822e-25
56 5.99563e-25
58 5.83281e-25
60 5.7002e-25
62 5.59043e-25
64 5.49778e-25
66 5.41785e-25
68 5.3472e-25
70 5.2832e-25
72 5.22379e-25
74 5.16741e-25
76 5.11284e-25
78 5.05919e-25
80 5.00577e-25
85 4.87031e-25
90 4.72924e-25
95 4.58152e-25
100 4.428e-25
110 4.11165e-25
120 3.8005e-25
130 3.51734e-25
