0.9 130 82
82
0.9 0
1 1.78409e-27
1.5 5.14382e-27
2 1.12757e-26
2.5 2.11982e-26
3 3.61407e-26
3.5 5.76266e-26
4 8.75887e-26
4.5 1.28526e-25
5 1.83708e-25
5.5 2.57397e-25
6 3.54913e-25
6.5 4.82106e-25
7 6.43587e-25
7.5 8.40881e-25
8 1.07632e-24
8.5 1.36422e-24
9 1.73525e-24
9.5 2.23066e-24
10 2.90072e-24
10.5 3.81031e-24
11 5.04655e-24
11.5 6.72623e-24
12 9.0034e-24
12.5 1.20687e-23
13 1.60953e-23
13.5 2.10475e-23
14 2.63293e-23
14.5 3.05787e-23
15 3.2285e-23
15.5 3.10512e-23
16 2.78512e-23
16.5 2.39971e-23
17 2.03361e-23
17.5 1.72003e-23
18 1.46323e-23
18.5 1.2563e-23
19 1.08985e-23
19.5 9.55236e-24
20 8.45413e-24
21 6.77403e-24
22 5.58337e-24
23 4.7075e-24
24 4.04226e-24
25 3.52333e-24
26 3.10956e-24
27 2.77369e-24
28 2.49715e-24
29 2.26688e-24
30 2.07347e-24
32 1.77108e-24
34 1.55165e-24
36 1.39134e-24
38 1.27417e-24
40 1.18886e-24
42 1.12717e-24
44 1.08297e-24
46 1.05167e-24
48 1.0298e-24
50 1.01477e-24
52 1.0046e-24
54 9.97826e-25
56 9.9333e-25
58 9.90284e-25
60 9.88069e-25
62 9.86223e-25
64 9.8441e-25
66 9.82381e-25
68 9.79961e-25
70 9.77027e-25
72 9.73498e-25
74 9.69323e-25
76 9.64478e-25
78 9.58955e-25
80 9.5276e-25
85 9.34468e-25
90 9.12571e-25
95 8.87693e-25
100 8.60531e-25
110 8.02229e-25
120 7.43287e-25
130 6.88957e-25
