0.9 130 82
82
0.9 0
1 4.10162e-28
1.5 1.0388e-27
2 2.06649e-27
2.5 3.5976e-27
3 5.75503e-27
3.5 8.6858e-27
4 1.25685e-26
4.5 1.76237e-26
5 2.41287e-26
5.5 3.24385e-26
6 4.30143e-26
6.5 5.64628e-26
7 7.35897e-26
7.5 9.54776e-26
8 1.23598e-25
8.5 1.59975e-25
9 2.07396e-25
9.5 2.69634e-25
10 3.51424e-25
10.5 4.5744e-25
11 5.88688e-25
11.5 7.35817e-25
12 8.77759e-25
12.5 1.00116e-24
13 1.12309e-24
13.5 1.28005e-24
14 1.50434e-24
14.5 1.8162e-24
15 2.22065e-24
15.5 2.69528e-24
16 3.17268e-24
16.5 3.54601e-24
17 3.72617e-24
17.5 3.70997e-24
18 3.57425e-24
18.5 3.40964e-24
19 3.27477e-24
19.5 3.19221e-24
20 3.1601e-24
21 3.16899e-24
22 3.12837e-24
23 2.92553e-24
24 2.59183e-24
25 2.22125e-24
26 1.88045e-24
27 1.59384e-24
28 1.3618e-24
29 1.17621e-24
30 1.02771e-24
32 8.11062e-25
34 6.65835e-25
36 5.65289e-25
38 4.93886e-25
40 4.4224e-25
42 4.04413e-25
44 3.76477e-25
46 3.55732e-25
48 3.40268e-25
50 3.28699e-25
52 3.20006e-25
54 3.13429e-25
56 3.08399e-25
58 3.04486e-25
60 3.01366e-25
62 2.98793e-25
64 2.96582e-25
66 2.94591e-25
68 2.92717e-25
70 2.90881e-25
72 2.89025e-25
74 2.87107e-25
76 2.85097e-25
78 2.82977e-25
80 2.80734e-25
85 2.74553e-25
90 2.67573e-25
95 2.59894e-25
100 2.51665e-25
110 2.34269e-25
120 2.16859e-25
130 2.00885e-25
