0.9 130 82
82
0.9 0
1 1.53476e-27
1.5 4.35392e-27
2 9.44646e-27
2.5 1.76396e-26
3 2.99416e-26
3.5 4.76172e-26
4 7.22929e-26
4.5 1.06111e-25
5 1.51949e-25
5.5 2.13731e-25
6 2.96796e-25
6.5 4.08182e-25
7 5.56328e-25
7.5 7.4959e-25
8 9.95255e-25
8.5 1.30629e-24
9 1.71454e-24
9.5 2.25755e-24
10 2.91062e-24
10.5 3.56599e-24
11 4.23748e-24
11.5 5.13027e-24
12 6.44628e-24
12.5 8.33005e-24
13 1.08667e-23
13.5 1.39653e-23
14 1.71587e-23
14.5 1.96858e-23
15 2.11014e-23
15.5 2.15592e-23
16 2.1306e-23
16.5 2.03883e-23
17 1.88645e-23
17.5 1.69558e-23
18 1.49471e-23
18.5 1.30522e-23
19 1.13766e-23
19.5 9.94603e-24
20 8.7449e-24
21 6.88613e-24
22 5.57401e-24
23 4.62372e-24
24 3.91536e-24
25 3.37294e-24
26 2.9477e-24
27 2.60764e-24
28 2.33118e-24
29 2.10339e-24
30 1.91368e-24
32 1.61961e-24
34 1.40754e-24
36 1.25266e-24
38 1.13895e-24
40 1.05545e-24
42 9.94321e-25
44 9.49796e-25
46 9.1759e-25
48 8.94476e-25
50 8.7802e-25
52 8.66384e-25
54 8.58177e-25
56 8.5235e-25
58 8.48112e-25
60 8.44867e-25
62 8.42171e-25
64 8.39691e-25
66 8.37185e-25
68 8.34474e-25
70 8.31432e-25
72 8.27971e-25
74 8.24035e-25
76 8.19589e-25
78 8.14617e-25
80 8.09117e-25
85 7.93133e-25
90 7.74237e-25
95 7.52911e-25
100 7.29718e-25
110 6.80085e-25
120 6.30009e-25
130 5.83893e-25
