6.2 130 620
620
6.2 0
6.4 1.89342e-29
6.6 4.53785e-29
6.8 7.18229e-29
7 9.82672e-29
7.2 1.24712e-28
7.4 1.51156e-28
7.6 1.7797e-28
7.8 2.1426e-28
8 2.50551e-28
8.2 2.86842e-28
8.4 7.79405e-28
8.6 2.10097e-27
8.8 3.4225e-27
9 4.97356e-27
9.2 6.65958e-27
9.4 8.34569e-27
9.6 1.00317e-26
9.8 1.17177e-26
10 1.34302e-26
10.2 3.42334e-26
10.4 5.50367e-26
10.6 7.58387e-26
10.8 9.66393e-26
11 1.17439e-25
11.2 1.38291e-25
11.4 1.59134e-25
11.6 1.80948e-25
11.8 2.03741e-25
12 2.26526e-25
12.2 3.51131e-25
12.4 4.75726e-25
12.6 6.00334e-25
12.8 7.24934e-25
13 8.49544e-25
13.2 9.74289e-25
13.4 1.099e-24
13.6 1.22381e-24
13.8 1.34851e-24
14 1.48708e-24
14.2 1.43607e-24
14.4 1.30906e-24
14.6 1.28025e-24
14.8 1.35855e-24
15 1.53642e-24
15.2 1.8122e-24
15.4 2.10639e-24
15.6 2.22611e-24
15.8 2.12365e-24
16 2.03438e-24
16.2 2.04307e-24
16.4 2.14162e-24
16.6 2.31993e-24
16.8 2.57403e-24
17 2.89395e-24
17.2 3.24597e-24
17.4 3.57559e-24
17.6 3.88127e-24
17.8 4.26315e-24
18 4.86489e-24
18.2 5.77045e-24
18.4 6.86562e-24
18.6 7.73761e-24
18.8 8.31294e-24
19 8.66976e-24
19.2 8.74375e-24
19.4 8.85517e-24
19.6 9.27766e-24
19.8 9.84429e-24
20 1.01099e-23
20.2 9.82462e-24
20.4 9.22387e-24
20.6 8.65832e-24
20.8 8.27424e-24
21 8.0413e-24
21.2 7.86053e-24
21.4 7.63972e-24
21.6 7.32097e-24
21.8 6.89508e-24
22 6.39193e-24
22.2 5.85954e-24
22.4 5.34373e-24
22.6 4.87776e-24
22.8 4.48053e-24
23 4.1592e-24
23.2 3.91462e-24
23.4 3.74158e-24
23.6 3.63131e-24
23.8 3.56956e-24
24 3.53447e-24
24.2 3.49851e-24
24.4 3.43173e-24
24.6 3.31616e-24
24.8 3.15366e-24
25 2.96304e-24
25.2 2.76884e-24
25.4 2.58946e-24
25.6 2.43506e-24
25.8 2.30902e-24
26 2.21032e-24
26.2 2.13655e-24
26.4 2.08381e-24
26.6 2.04883e-24
26.8 2.02842e-24
27 2.01945e-24
27.2 2.01956e-24
27.4 2.02588e-24
27.6 2.03578e-24
27.8 2.04684e-24
28 2.05644e-24
28.2 2.06253e-24
28.4 2.06289e-24
28.6 2.05586e-24
28.8 2.04047e-24
29 2.01606e-24
29.2 1.98302e-24
29.4 1.94193e-24
29.6 1.89392e-24
29.8 1.84072e-24
30 1.78375e-24
30.2 1.7249e-24
30.4 1.66605e-24
30.6 1.60893e-24
30.8 1.55353e-24
31 1.49814e-24
31.2 1.45111e-24
31.4 1.40409e-24
31.6 1.36206e-24
31.8 1.32502e-24
32 1.28798e-24
32.2 1.26088e-24
32.4 1.23377e-24
32.6 1.21119e-24
32.8 1.19313e-24
33 1.17507e-24
33.2 1.16487e-24
33.4 1.15467e-24
33.6 1.14786e-24
33.8 1.14444e-24
34 1.14103e-24
34.2 1.14344e-24
34.4 1.14585e-24
34.6 1.1507e-24
34.8 1.15799e-24
35 1.16528e-24
35.2 1.17653e-24
35.4 1.18777e-24
35.6 1.20049e-24
35.8 1.21467e-24
36 1.22885e-24
36.2 1.24469e-24
36.4 1.26053e-24
36.6 1.27644e-24
36.8 1.29241e-24
37 1.30839e-24
37.2 1.32269e-24
37.4 1.33699e-24
37.6 1.34947e-24
37.8 1.36014e-24
38 1.37081e-24
38.2 1.37599e-24
38.4 1.38118e-24
38.6 1.38292e-24
38.8 1.38121e-24
39 1.37951e-24
39.2 1.37038e-24
39.4 1.36124e-24
39.6 1.34853e-24
39.8 1.33224e-24
40 1.31594e-24
40.2 1.29377e-24
40.4 1.2716e-24
40.6 1.2473e-24
40.8 1.22088e-24
41 1.19445e-24
41.2 1.16571e-24
41.4 1.13696e-24
41.6 1.10787e-24
41.8 1.07844e-24
42 1.049e-24
42.2 1.02029e-24
42.4 9.91588e-25
42.6 9.63665e-25
42.8 9.36528e-25
43 9.0939e-25
43.2 8.84368e-25
43.4 8.59346e-25
43.6 8.355e-25
43.8 8.12829e-25
44 7.90159e-25
44.2 7.6988e-25
44.4 7.49601e-25
44.6 7.30466e-25
44.8 7.12476e-25
45 6.94486e-25
45.2 6.78609e-25
45.4 6.62733e-25
45.6 6.47812e-25
45.8 6.33848e-25
46 6.19883e-25
46.2 6.07629e-25
46.4 5.95375e-25
46.6 5.83872e-25
46.8 5.73122e-25
47 5.62372e-25
47.2 5.52932e-25
47.4 5.43492e-25
47.6 5.34628e-25
47.8 5.26338e-25
48 5.18049e-25
48.2 5.10755e-25
48.4 5.0346e-25
48.6 4.96602e-25
48.8 4.90179e-25
49 4.83756e-25
49.2 4.78083e-25
49.4 4.72411e-25
49.6 4.67068e-25
49.8 4.62053e-25
50 4.57038e-25
50.2 4.52841e-25
50.4 4.48643e-25
50.6 4.44447e-25
50.8 4.40251e-25
51 4.36055e-25
51.2 4.32732e-25
51.4 4.29409e-25
51.6 4.26087e-25
51.8 4.22765e-25
52 4.19444e-25
52.2 4.16793e-25
52.4 4.14142e-25
52.6 4.11492e-25
52.8 4.08843e-25
53 4.06193e-25
53.2 4.04059e-25
53.4 4.01925e-25
53.6 3.99791e-25
53.8 3.97659e-25
54 3.95526e-25
54.2 3.93795e-25
54.4 3.92065e-25
54.6 3.90335e-25
54.8 3.88606e-25
55 3.86876e-25
55.2 3.85462e-25
55.4 3.84048e-25
55.6 3.82634e-25
55.8 3.81221e-25
56 3.79808e-25
56.2 3.78644e-25
56.4 3.77479e-25
56.6 3.76315e-25
56.8 3.75152e-25
57 3.73988e-25
57.2 3.73019e-25
57.4 3.7205e-25
57.6 3.71082e-25
57.8 3.70114e-25
58 3.69146e-25
58.2 3.68337e-25
58.4 3.67528e-25
58.6 3.66719e-25
58.8 3.6591e-25
59 3.65102e-25
59.2 3.64416e-25
59.4 3.63731e-25
59.6 3.63046e-25
59.8 3.62361e-25
60 3.61675e-25
60.2 3.61089e-25
60.4 3.60502e-25
60.6 3.59916e-25
60.8 3.5933e-25
61 3.58744e-25
61.2 3.58238e-25
61.4 3.57732e-25
61.6 3.57227e-25
61.8 3.56721e-25
62 3.56216e-25
62.2 3.55773e-25
62.4 3.55331e-25
62.6 3.54889e-25
62.8 3.54448e-25
63 3.54006e-25
63.2 3.53613e-25
63.4 3.5322e-25
63.6 3.52828e-25
63.8 3.52435e-25
64 3.52043e-25
64.2 3.5169e-25
64.4 3.51337e-25
64.6 3.50985e-25
64.8 3.50633e-25
65 3.5028e-25
65.2 3.49959e-25
65.4 3.49638e-25
65.6 3.49317e-25
65.8 3.48997e-25
66 3.48676e-25
66.2 3.4838e-25
66.4 3.48083e-25
66.6 3.47787e-25
66.8 3.47491e-25
67 3.47194e-25
67.2 3.46914e-25
67.4 3.46633e-25
67.6 3.46353e-25
67.8 3.46073e-25
68 3.45792e-25
68.2 3.45526e-25
68.4 3.45261e-25
68.6 3.44995e-25
68.8 3.44729e-25
69 3.44463e-25
69.2 3.44205e-25
69.4 3.43948e-25
69.6 3.4369e-25
69.8 3.43432e-25
70 3.43175e-25
70.2 3.42925e-25
70.4 3.42676e-25
70.6 3.42427e-25
70.8 3.42178e-25
71 3.41929e-25
71.2 3.4168e-25
71.4 3.41431e-25
71.6 3.41182e-25
71.8 3.40934e-25
72 3.40685e-25
72.2 3.40439e-25
72.4 3.40192e-25
72.6 3.39946e-25
72.8 3.397e-25
73 3.39454e-25
73.2 3.39206e-25
73.4 3.38958e-25
73.6 3.3871e-25
73.8 3.38462e-25
74 3.38214e-25
74.2 3.37965e-25
74.4 3.37716e-25
74.6 3.37466e-25
74.8 3.37217e-25
75 3.36968e-25
75.2 3.36715e-25
75.4 3.36462e-25
75.6 3.36209e-25
75.8 3.35956e-25
76 3.35703e-25
76.2 3.35445e-25
76.4 3.35186e-25
76.6 3.34928e-25
76.8 3.3467e-25
77 3.34412e-25
77.2 3.34148e-25
77.4 3.33884e-25
77.6 3.3362e-25
77.8 3.33356e-25
78 3.33092e-25
78.2 3.32824e-25
78.4 3.32557e-25
78.6 3.3229e-25
78.8 3.32022e-25
79 3.31755e-25
79.2 3.31478e-25
79.4 3.31201e-25
79.6 3.30924e-25
79.8 3.30647e-25
80 3.3037e-25
80.2 3.30088e-25
80.4 3.29806e-25
80.6 3.29523e-25
80.8 3.29241e-25
81 3.28959e-25
81.2 3.28671e-25
81.4 3.28383e-25
81.6 3.28096e-25
81.8 3.27808e-25
82 3.2752e-25
82.2 3.27222e-25
82.4 3.26925e-25
82.6 3.26627e-25
82.8 3.26329e-25
83 3.26032e-25
83.2 3.25729e-25
83.4 3.25425e-25
83.6 3.25122e-25
83.8 3.24818e-25
84 3.24515e-25
84.2 3.24204e-25
84.4 3.23893e-25
84.6 3.23582e-25
84.8 3.23271e-25
85 3.22959e-25
85.2 3.22641e-25
85.4 3.22323e-25
85.6 3.22005e-25
85.8 3.21687e-25
86 3.21369e-25
86.2 3.21044e-25
86.4 3.20718e-25
86.6 3.20392e-25
86.8 3.20066e-25
87 3.19741e-25
87.2 3.19409e-25
87.4 3.19077e-25
87.6 3.18746e-25
87.8 3.18414e-25
88 3.18083e-25
88.2 3.17743e-25
88.4 3.17404e-25
88.6 3.17065e-25
88.8 3.16725e-25
89 3.16386e-25
89.2 3.16039e-25
89.4 3.15692e-25
89.6 3.15345e-25
89.8 3.14998e-25
90 3.14651e-25
90.2 3.14298e-25
90.4 3.13946e-25
90.6 3.13594e-25
90.8 3.13242e-25
91 3.1289e-25
91.2 3.12532e-25
91.4 3.12174e-25
91.6 3.11816e-25
91.8 3.11458e-25
92 3.111e-25
92.2 3.10736e-25
92.4 3.10372e-25
92.6 3.10008e-25
92.8 3.09645e-25
93 3.09281e-25
93.2 3.08909e-25
93.4 3.08538e-25
93.6 3.08166e-25
93.8 3.07795e-25
94 3.07423e-25
94.2 3.07048e-25
94.4 3.06672e-25
94.6 3.06297e-25
94.8 3.05921e-25
95 3.05546e-25
95.2 3.05165e-25
95.4 3.04785e-25
95.6 3.04404e-25
95.8 3.04024e-25
96 3.03643e-25
96.2 3.03256e-25
96.4 3.0287e-25
96.6 3.02483e-25
96.8 3.02097e-25
97 3.01711e-25
97.2 3.0132e-25
97.4 3.0093e-25
97.6 3.0054e-25
97.8 3.0015e-25
98 2.99759e-25
98.2 2.99365e-25
98.4 2.98971e-25
98.6 2.98577e-25
98.8 2.98183e-25
99 2.97789e-25
99.2 2.97391e-25
99.4 2.96993e-25
99.6 2.96595e-25
99.8 2.96197e-25
100 2.95799e-25
100.2 2.94822e-25
100.4 2.93844e-25
100.6 2.92867e-25
100.8 2.9189e-25
101 2.90913e-25
101.2 2.90533e-25
101.4 2.90153e-25
101.6 2.89773e-25
101.8 2.89394e-25
102 2.89014e-25
102.2 2.8863e-25
102.4 2.88246e-25
102.6 2.87862e-25
102.8 2.87479e-25
103 2.87095e-25
103.2 2.86709e-25
103.4 2.86323e-25
103.6 2.85938e-25
103.8 2.85552e-25
104 2.85167e-25
104.2 2.84775e-25
104.4 2.84384e-25
104.6 2.83992e-25
104.8 2.83601e-25
105 2.83209e-25
105.2 2.82817e-25
105.4 2.82424e-25
105.6 2.82031e-25
105.8 2.81638e-25
106 2.81246e-25
106.2 2.80849e-25
106.4 2.80452e-25
106.6 2.80056e-25
106.8 2.79659e-25
107 2.79262e-25
107.2 2.78866e-25
107.4 2.78469e-25
107.6 2.78073e-25
107.8 2.77676e-25
108 2.77279e-25
108.2 2.76879e-25
108.4 2.76479e-25
108.6 2.76078e-25
108.8 2.75678e-25
109 2.75277e-25
109.2 2.74877e-25
109.4 2.74477e-25
109.6 2.74077e-25
109.8 2.73676e-25
110 2.73276e-25
110.2 2.72874e-25
110.4 2.72473e-25
110.6 2.72071e-25
110.8 2.71669e-25
111 2.71268e-25
111.2 2.70866e-25
111.4 2.70464e-25
111.6 2.70063e-25
111.8 2.69661e-25
112 2.69259e-25
112.2 2.68858e-25
112.4 2.68456e-25
112.6 2.68055e-25
112.8 2.67653e-25
113 2.67252e-25
113.2 2.6685e-25
113.4 2.66449e-25
113.6 2.66047e-25
113.8 2.65646e-25
114 2.65244e-25
114.2 2.64843e-25
114.4 2.64442e-25
114.6 2.6404e-25
114.8 2.63639e-25
115 2.63238e-25
115.2 2.62839e-25
115.4 2.6244e-25
115.6 2.62041e-25
115.8 2.61642e-25
116 2.61243e-25
116.2 2.60847e-25
116.4 2.6045e-25
116.6 2.60053e-25
116.8 2.59656e-25
117 2.59259e-25
117.2 2.58862e-25
117.4 2.58466e-25
117.6 2.58069e-25
117.8 2.57672e-25
118 2.57276e-25
118.2 2.56881e-25
118.4 2.56486e-25
118.6 2.56092e-25
118.8 2.55697e-25
119 2.55303e-25
119.2 2.54912e-25
119.4 2.54521e-25
119.6 2.54131e-25
119.8 2.5374e-25
120 2.53349e-25
120.2 2.52961e-25
120.4 2.52573e-25
120.6 2.52185e-25
120.8 2.51797e-25
121 2.51409e-25
121.2 2.51025e-25
121.4 2.50641e-25
121.6 2.50257e-25
121.8 2.49873e-25
122 2.49489e-25
122.2 2.49107e-25
122.4 2.48725e-25
122.6 2.48344e-25
122.8 2.47962e-25
123 2.4758e-25
123.2 2.47204e-25
123.4 2.46828e-25
123.6 2.46452e-25
123.8 2.46076e-25
124 2.457e-25
124.2 2.45326e-25
124.4 2.44952e-25
124.6 2.44579e-25
124.8 2.44205e-25
125 2.43831e-25
125.2 2.43463e-25
125.4 2.43095e-25
125.6 2.42727e-25
125.8 2.4236e-25
126 2.41992e-25
126.2 2.41628e-25
126.4 2.41264e-25
126.6 2.40901e-25
126.8 2.40537e-25
127 2.40173e-25
127.2 2.39815e-25
127.4 2.39457e-25
127.6 2.391e-25
127.8 2.38742e-25
128 2.38384e-25
128.2 2.38032e-25
128.4 2.37681e-25
128.6 2.37329e-25
128.8 2.36977e-25
129 2.36625e-25
129.2 2.3628e-25
129.4 2.35934e-25
129.6 2.35588e-25
129.8 2.35242e-25
130 2.34897e-25
