5.4935 130 41
41
5.4935 0
6 4.1254e-26
6.5 5.6976e-26
7 6.802e-26
7.5 7.6218e-26
8 8.2666e-26
8.5 8.7832e-26
9 9.2248e-26
9.5 1.0895e-25
10 1.3577e-25
10.5 1.5307e-25
11 1.6697e-25
11.5 1.7784e-25
12 1.8637e-25
12.5 1.9314e-25
13 1.9844e-25
13.5 1.9902e-25
14 1.9872e-25
15 1.9676e-25
16 1.938e-25
17 1.885e-25
18 1.8331e-25
19 1.7789e-25
20 1.6873e-25
22 1.4814e-25
24 1.2963e-25
26 1.1391e-25
28 1.0021e-25
30 8.824e-26
35 6.6608e-26
40 5.2704e-26
45 4.3109e-26
50 3.6159e-26
60 2.696e-26
70 2.1337e-26
80 1.7665e-26
90 1.5114e-26
100 1.3226e-26
110 1.1739e-26
120 1.0516e-26
130 9.4862e-27
