0.9 130 82
82
0.9 0
1 9.15577e-28
1.5 2.47037e-27
2 5.16491e-27
2.5 9.36325e-27
3 1.54961e-26
3.5 2.40842e-26
4 3.5769e-26
4.5 5.13569e-26
5 7.18805e-26
5.5 9.86875e-26
6 1.33566e-25
6.5 1.78914e-25
7 2.37967e-25
7.5 3.15018e-25
8 4.15441e-25
8.5 5.44807e-25
9 7.05689e-25
9.5 8.91825e-25
10 1.08736e-24
10.5 1.2842e-24
11 1.50087e-24
11.5 1.77226e-24
12 2.13061e-24
12.5 2.60135e-24
13 3.20555e-24
13.5 3.95842e-24
14 4.86087e-24
14.5 5.88415e-24
15 6.95259e-24
15.5 7.93865e-24
16 8.68873e-24
16.5 9.08084e-24
17 9.07936e-24
17.5 8.74384e-24
18 8.18921e-24
18.5 7.53541e-24
19 6.87942e-24
19.5 6.29218e-24
20 5.80919e-24
21 4.7756e-24
22 3.8011e-24
23 3.13454e-24
24 2.6468e-24
25 2.27292e-24
26 1.97818e-24
27 1.74107e-24
28 1.5473e-24
29 1.38693e-24
30 1.25292e-24
32 1.04449e-24
34 8.9388e-25
36 7.83942e-25
38 7.03394e-25
40 6.44388e-25
42 6.01272e-25
44 5.6989e-25
46 5.47158e-25
48 5.30779e-25
50 5.19034e-25
52 5.1064e-25
54 5.04638e-25
56 5.00309e-25
58 4.97117e-25
60 4.9466e-25
62 4.9264e-25
64 4.90837e-25
66 4.89086e-25
68 4.87268e-25
70 4.853e-25
72 4.8312e-25
74 4.8069e-25
76 4.77984e-25
78 4.74989e-25
80 4.717e-25
85 4.62225e-25
90 4.51102e-25
95 4.38597e-25
100 4.25027e-25
110 3.9604e-25
120 3.66831e-25
130 3.39947e-25
