6 130 249
249
6 0
6.5 3.60425e-26
7 5.32707e-26
7.5 9.77982e-26
8 1.42326e-25
8.5 2.46706e-25
9 3.51087e-25
9.5 5.75626e-25
10 8.00166e-25
10.5 1.24676e-24
11 1.69335e-24
11.5 2.51077e-24
12 3.32819e-24
12.5 4.67809e-24
13 6.02798e-24
13.5 7.98564e-24
14 9.9433e-24
14.5 1.21972e-23
15 1.4451e-23
15.5 1.56092e-23
16 1.67673e-23
16.5 1.60093e-23
17 1.52513e-23
17.5 1.38126e-23
18 1.23738e-23
18.5 1.10886e-23
19 9.80344e-24
19.5 8.8076e-24
20 7.81177e-24
20.5 7.06245e-24
21 6.31313e-24
21.5 5.74998e-24
22 5.18682e-24
22.5 4.76054e-24
23 4.33425e-24
23.5 4.00836e-24
24 3.68247e-24
24.5 3.43059e-24
25 3.17871e-24
25.5 2.98175e-24
26 2.7848e-24
26.5 2.62887e-24
27 2.47295e-24
27.5 2.34786e-24
28 2.22277e-24
28.5 2.12096e-24
29 2.01916e-24
29.5 1.93505e-24
30 1.85094e-24
30.5 1.78038e-24
31 1.70982e-24
31.5 1.64975e-24
32 1.58967e-24
32.5 1.53781e-24
33 1.48595e-24
33.5 1.44064e-24
34 1.39533e-24
34.5 1.35534e-24
35 1.31534e-24
35.5 1.27975e-24
36 1.24415e-24
36.5 1.21227e-24
37 1.18038e-24
37.5 1.15168e-24
38 1.12299e-24
38.5 1.09706e-24
39 1.07114e-24
39.5 1.04766e-24
40 1.02419e-24
40.5 1.00289e-24
41 9.81592e-25
41.5 9.6225e-25
42 9.42907e-25
42.5 9.25326e-25
43 9.07744e-25
43.5 8.91756e-25
44 8.75767e-25
44.5 8.61223e-25
45 8.46679e-25
45.5 8.33446e-25
46 8.20214e-25
46.5 8.08173e-25
47 7.96133e-25
47.5 7.85177e-25
48 7.74222e-25
48.5 7.64252e-25
49 7.54283e-25
49.5 7.45211e-25
50 7.3614e-25
50.5 7.27884e-25
51 7.19629e-25
51.5 7.12117e-25
52 7.04604e-25
52.5 6.97767e-25
53 6.90929e-25
53.5 6.84706e-25
54 6.78482e-25
54.5 6.72815e-25
55 6.67149e-25
55.5 6.61989e-25
56 6.56829e-25
56.5 6.52128e-25
57 6.47427e-25
57.5 6.43142e-25
58 6.38858e-25
58.5 6.3495e-25
59 6.31043e-25
59.5 6.27477e-25
60 6.23912e-25
60.5 6.20655e-25
61 6.17398e-25
61.5 6.1442e-25
62 6.11442e-25
62.5 6.08715e-25
63 6.05989e-25
63.5 6.0349e-25
64 6.0099e-25
64.5 5.98695e-25
65 5.964e-25
65.5 5.94288e-25
66 5.92176e-25
66.5 5.90228e-25
67 5.8828e-25
67.5 5.86479e-25
68 5.84679e-25
68.5 5.83009e-25
69 5.8134e-25
69.5 5.79787e-25
70 5.78235e-25
70.5 5.76786e-25
71 5.75337e-25
71.5 5.7398e-25
72 5.72624e-25
72.5 5.71348e-25
73 5.70072e-25
73.5 5.68868e-25
74 5.67664e-25
74.5 5.66522e-25
75 5.6538e-25
75.5 5.64292e-25
76 5.63205e-25
76.5 5.62165e-25
77 5.61124e-25
77.5 5.60124e-25
78 5.59125e-25
78.5 5.5816e-25
79 5.57195e-25
79.5 5.56259e-25
80 5.55324e-25
80.5 5.54413e-25
81 5.53502e-25
81.5 5.52612e-25
82 5.51722e-25
82.5 5.50849e-25
83 5.49976e-25
83.5 5.49117e-25
84 5.48257e-25
84.5 5.47409e-25
85 5.4656e-25
85.5 5.4572e-25
86 5.4488e-25
86.5 5.44046e-25
87 5.43213e-25
87.5 5.42384e-25
88 5.41554e-25
88.5 5.40728e-25
89 5.39903e-25
89.5 5.39079e-25
90 5.38255e-25
90.5 5.37432e-25
91 5.36609e-25
91.5 5.35787e-25
92 5.34964e-25
92.5 5.34142e-25
93 5.3332e-25
93.5 5.32498e-25
94 5.31676e-25
94.5 5.30854e-25
95 5.30032e-25
95.5 5.2921e-25
96 5.28388e-25
96.5 5.27567e-25
97 5.26746e-25
97.5 5.25927e-25
98 5.25107e-25
98.5 5.24291e-25
99 5.23474e-25
99.5 5.2266e-25
100 5.21847e-25
100.5 5.21039e-25
101 5.2023e-25
101.5 5.19428e-25
102 5.18626e-25
102.5 5.17832e-25
103 5.17038e-25
103.5 5.16254e-25
104 5.1547e-25
104.5 5.14698e-25
105 5.13927e-25
105.5 5.13169e-25
106 5.00949e-25
106.5 5.00378e-25
107 4.99809e-25
107.5 4.99243e-25
108 4.98679e-25
108.5 4.98119e-25
109 4.97566e-25
109.5 4.97095e-25
110 4.96627e-25
110.5 4.9616e-25
111 4.95696e-25
111.5 4.95234e-25
112 4.94774e-25
112.5 4.94447e-25
113 4.94126e-25
113.5 4.93806e-25
114 4.93488e-25
114.5 4.93172e-25
115 4.92856e-25
115.5 4.92682e-25
116 4.92571e-25
116.5 4.9246e-25
117 4.92349e-25
117.5 4.92239e-25
118 4.92129e-25
118.5 4.92091e-25
119 4.92268e-25
119.5 4.92444e-25
120 4.9262e-25
120.5 4.92794e-25
121 4.92969e-25
121.5 4.93142e-25
122 4.93558e-25
122.5 4.94121e-25
123 4.94682e-25
123.5 4.9524e-25
124 4.95796e-25
124.5 4.9635e-25
125 4.96902e-25
125.5 4.97872e-25
126 4.98938e-25
126.5 5e-25
127 5.01058e-25
127.5 5.02112e-25
128 5.03162e-25
128.5 5.04207e-25
129 5.05788e-25
129.5 5.07494e-25
130 5.09194e-25
