0.9 130 82
82
0.9 0
1 2.19622e-27
1.5 6.16872e-27
2 1.33596e-26
2.5 2.50639e-26
3 4.30004e-26
3.5 6.95402e-26
4 1.08062e-25
4.5 1.63489e-25
5 2.43015e-25
5.5 3.5668e-25
6 5.16176e-25
6.5 7.2746e-25
7 9.73661e-25
7.5 1.20831e-24
8 1.39478e-24
8.5 1.54736e-24
9 1.71663e-24
9.5 1.95808e-24
10 2.3181e-24
10.5 2.83855e-24
11 3.56731e-24
11.5 4.56624e-24
12 5.91582e-24
12.5 7.71745e-24
13 1.00878e-23
13.5 1.31178e-23
14 1.67504e-23
14.5 2.0583e-23
15 2.37678e-23
15.5 2.53412e-23
16 2.49165e-23
16.5 2.29506e-23
17 2.02675e-23
17.5 1.75203e-23
18 1.50419e-23
18.5 1.29362e-23
19 1.11939e-23
19.5 9.76535e-24
20 8.59372e-24
21 6.80673e-24
22 5.55101e-24
23 4.63773e-24
24 3.95205e-24
25 3.42281e-24
26 3.00469e-24
27 2.66792e-24
28 2.39237e-24
29 2.16402e-24
30 1.97289e-24
32 1.6749e-24
34 1.45875e-24
36 1.30038e-24
38 1.18397e-24
40 1.09852e-24
42 1.03607e-24
44 9.9072e-25
46 9.58045e-25
48 9.34716e-25
50 9.18213e-25
52 9.06635e-25
54 8.98546e-25
56 8.92864e-25
58 8.88774e-25
60 8.85665e-25
62 8.83081e-25
64 8.80682e-25
66 8.7822e-25
68 8.75515e-25
70 8.72439e-25
72 8.68903e-25
74 8.64853e-25
76 8.60254e-25
78 8.55091e-25
80 8.49366e-25
85 8.32674e-25
90 8.12893e-25
95 7.90542e-25
100 7.66215e-25
110 7.1413e-25
120 6.61561e-25
130 6.13143e-25
