5.5 130 250
250
5.5 0
6 3.46751e-26
6.5 6.8419e-26
7 1.02163e-25
7.5 1.90339e-25
8 2.78515e-25
8.5 4.85311e-25
9 6.92107e-25
9.5 1.131e-24
10 1.56989e-24
10.5 2.40661e-24
11 3.24332e-24
11.5 4.62399e-24
12 6.00465e-24
12.5 7.85031e-24
13 9.69597e-24
13.5 1.16496e-23
14 1.36032e-23
14.5 1.55521e-23
15 1.75011e-23
15.5 1.92955e-23
16 2.10898e-23
16.5 2.1281e-23
17 2.14722e-23
17.5 1.97435e-23
18 1.80148e-23
18.5 1.59591e-23
19 1.39034e-23
19.5 1.22758e-23
20 1.06483e-23
20.5 9.46809e-24
21 8.28788e-24
21.5 7.43918e-24
22 6.59049e-24
22.5 5.97355e-24
23 5.35661e-24
23.5 4.90144e-24
24 4.44627e-24
24.5 4.10531e-24
25 3.76435e-24
25.5 3.50512e-24
26 3.24588e-24
26.5 3.04583e-24
27 2.84579e-24
27.5 2.68908e-24
28 2.53237e-24
28.5 2.40767e-24
29 2.28298e-24
29.5 2.18216e-24
30 2.08134e-24
30.5 1.99849e-24
31 1.91565e-24
31.5 1.84649e-24
32 1.77732e-24
32.5 1.71872e-24
33 1.66012e-24
33.5 1.6098e-24
34 1.55949e-24
34.5 1.51578e-24
35 1.47207e-24
35.5 1.43374e-24
36 1.39541e-24
36.5 1.36154e-24
37 1.32766e-24
37.5 1.29755e-24
38 1.26743e-24
38.5 1.24054e-24
39 1.21364e-24
39.5 1.18953e-24
40 1.16543e-24
40.5 1.14377e-24
41 1.12212e-24
41.5 1.10263e-24
42 1.08314e-24
42.5 1.06557e-24
43 1.048e-24
43.5 1.03216e-24
44 1.01631e-24
44.5 1.00201e-24
45 9.87702e-25
45.5 9.74782e-25
46 9.61862e-25
46.5 9.50186e-25
47 9.38511e-25
47.5 9.27957e-25
48 9.17403e-25
48.5 9.07858e-25
49 8.98313e-25
49.5 8.89676e-25
50 8.8104e-25
50.5 8.73221e-25
51 8.65402e-25
51.5 8.58319e-25
52 8.51236e-25
52.5 8.44815e-25
53 8.38394e-25
53.5 8.32567e-25
54 8.2674e-25
54.5 8.21446e-25
55 8.16153e-25
55.5 8.11337e-25
56 8.06522e-25
56.5 8.02135e-25
57 7.97748e-25
57.5 7.93744e-25
58 7.8974e-25
58.5 7.86077e-25
59 7.82415e-25
59.5 7.79057e-25
60 7.75699e-25
60.5 7.72613e-25
61 7.69526e-25
61.5 7.6668e-25
62 7.63834e-25
62.5 7.61201e-25
63 7.58568e-25
63.5 7.56123e-25
64 7.53678e-25
64.5 7.51399e-25
65 7.49119e-25
65.5 7.46986e-25
66 7.44852e-25
66.5 7.42846e-25
67 7.4084e-25
67.5 7.38944e-25
68 7.37049e-25
68.5 7.3525e-25
69 7.33451e-25
69.5 7.31735e-25
70 7.30019e-25
70.5 7.28375e-25
71 7.2673e-25
71.5 7.25146e-25
72 7.23563e-25
72.5 7.2203e-25
73 7.20498e-25
73.5 7.19009e-25
74 7.1752e-25
74.5 7.16067e-25
75 7.14613e-25
75.5 7.13189e-25
76 7.11765e-25
76.5 7.10365e-25
77 7.08964e-25
77.5 7.07583e-25
78 7.06201e-25
78.5 7.04834e-25
79 7.03466e-25
79.5 7.0211e-25
80 7.00753e-25
80.5 6.99404e-25
81 6.98055e-25
81.5 6.96711e-25
82 6.95366e-25
82.5 6.94025e-25
83 6.92683e-25
83.5 6.91342e-25
84 6.90002e-25
84.5 6.8866e-25
85 6.87319e-25
85.5 6.85976e-25
86 6.84634e-25
86.5 6.83288e-25
87 6.81943e-25
87.5 6.80595e-25
88 6.79248e-25
88.5 6.77897e-25
89 6.76546e-25
89.5 6.75193e-25
90 6.73839e-25
90.5 6.72483e-25
91 6.71128e-25
91.5 6.6977e-25
92 6.68412e-25
92.5 6.67054e-25
93 6.65695e-25
93.5 6.64336e-25
94 6.62977e-25
94.5 6.6162e-25
95 6.60263e-25
95.5 6.58908e-25
96 6.57553e-25
96.5 6.56203e-25
97 6.54852e-25
97.5 6.53508e-25
98 6.52163e-25
98.5 6.50827e-25
99 6.49491e-25
99.5 6.48165e-25
100 6.46839e-25
100.5 6.45526e-25
101 6.44214e-25
101.5 6.42916e-25
102 6.41619e-25
102.5 6.4034e-25
103 6.39061e-25
103.5 6.37804e-25
104 6.36546e-25
104.5 6.35314e-25
105 6.34081e-25
105.5 6.32878e-25
106 6.20714e-25
106.5 6.19765e-25
107 6.18821e-25
107.5 6.17881e-25
108 6.16946e-25
108.5 6.16015e-25
109 6.15097e-25
109.5 6.14313e-25
110 6.13532e-25
110.5 6.12754e-25
111 6.1198e-25
111.5 6.1121e-25
112 6.10443e-25
112.5 6.09882e-25
113 6.09332e-25
113.5 6.08783e-25
114 6.08238e-25
114.5 6.07694e-25
115 6.07153e-25
115.5 6.06825e-25
116 6.06591e-25
116.5 6.06357e-25
117 6.06125e-25
117.5 6.05894e-25
118 6.05663e-25
118.5 6.05538e-25
119 6.0573e-25
119.5 6.0592e-25
120 6.0611e-25
120.5 6.06299e-25
121 6.06487e-25
121.5 6.06674e-25
122 6.07212e-25
122.5 6.0796e-25
123 6.08706e-25
123.5 6.09449e-25
124 6.10189e-25
124.5 6.10926e-25
125 6.11659e-25
125.5 6.12986e-25
126 6.14448e-25
126.5 6.15905e-25
127 6.17355e-25
127.5 6.188e-25
128 6.2024e-25
128.5 6.21674e-25
129 6.23852e-25
129.5 6.26204e-25
130 6.28547e-25
