0.9 130 82
82
0.9 0
1 1.60574e-27
1.5 4.60936e-27
2 1.00717e-26
2.5 1.88847e-26
3 3.21199e-26
3.5 5.10984e-26
4 7.74878e-26
4.5 1.13435e-25
5 1.61745e-25
5.5 2.26096e-25
6 3.11181e-25
6.5 4.22475e-25
7 5.64954e-25
7.5 7.40729e-25
8 9.49546e-25
8.5 1.1979e-24
9 1.50823e-24
9.5 1.91561e-24
10 2.46227e-24
10.5 3.20007e-24
11 4.19699e-24
11.5 5.54341e-24
12 7.35723e-24
12.5 9.78516e-24
13 1.2981e-23
13.5 1.70061e-23
14 2.1598e-23
14.5 2.59079e-23
15 2.86359e-23
15.5 2.88898e-23
16 2.69332e-23
16.5 2.38039e-23
17 2.04577e-23
17.5 1.74116e-23
18 1.48349e-23
18.5 1.27231e-23
19 1.10105e-23
19.5 9.62103e-24
20 8.48704e-24
21 6.75825e-24
22 5.53957e-24
23 4.64835e-24
24 3.97525e-24
25 3.4528e-24
26 3.038e-24
27 2.7025e-24
28 2.42706e-24
29 2.19823e-24
30 2.00636e-24
32 1.70682e-24
34 1.48959e-24
36 1.33074e-24
38 1.21439e-24
40 1.12939e-24
42 1.06764e-24
44 1.02311e-24
46 9.91319e-25
48 9.68868e-25
50 9.53206e-25
52 9.4241e-25
54 9.35031e-25
56 9.29981e-25
58 9.26443e-25
60 9.23806e-25
62 9.21616e-25
64 9.19537e-25
66 9.17323e-25
68 9.14798e-25
70 9.11838e-25
72 9.08358e-25
74 9.04307e-25
76 8.99655e-25
78 8.94391e-25
80 8.88517e-25
85 8.71278e-25
90 8.50738e-25
95 8.27458e-25
100 8.02078e-25
110 7.47659e-25
120 6.92683e-25
130 6.42026e-25
