0.9 130 82
82
0.9 0
1 8.48178e-27
1.5 2.66663e-26
2 5.81652e-26
2.5 1.08366e-25
3 1.918e-25
3.5 3.13564e-25
4 4.68249e-25
4.5 6.5625e-25
5 8.85859e-25
5.5 1.16776e-24
6 1.50941e-24
6.5 1.9092e-24
7 2.36129e-24
7.5 2.8798e-24
8 3.51729e-24
8.5 4.34182e-24
9 5.44304e-24
9.5 6.94755e-24
10 9.04854e-24
10.5 1.20663e-23
11 1.65419e-23
11.5 2.32998e-23
12 3.28656e-23
12.5 4.26365e-23
13 4.70279e-23
13.5 4.74311e-23
14 4.72574e-23
14.5 4.58655e-23
15 4.22891e-23
15.5 3.70699e-23
16 3.14262e-23
16.5 2.62462e-23
17 2.18822e-23
17.5 1.83521e-23
18 1.55408e-23
18.5 1.33069e-23
19 1.15234e-23
19.5 1.00882e-23
20 8.92216e-24
21 7.14332e-24
22 5.89767e-24
23 4.99645e-24
24 4.32619e-24
25 3.81608e-24
26 3.42032e-24
27 3.1083e-24
28 2.85897e-24
29 2.65744e-24
30 2.49296e-24
32 2.24543e-24
34 2.07348e-24
36 1.95159e-24
38 1.86381e-24
40 1.79978e-24
42 1.75249e-24
44 1.71712e-24
46 1.69027e-24
48 1.66948e-24
50 1.65297e-24
52 1.63942e-24
54 1.62786e-24
56 1.61754e-24
58 1.60791e-24
60 1.59858e-24
62 1.58922e-24
64 1.57961e-24
66 1.56959e-24
68 1.55903e-24
70 1.54786e-24
72 1.53602e-24
74 1.52349e-24
76 1.51026e-24
78 1.49633e-24
80 1.48171e-24
85 1.44239e-24
90 1.39958e-24
95 1.35399e-24
100 1.30645e-24
110 1.20894e-24
120 1.11385e-24
130 1.02774e-24
