0.9 130 84
84
0.9 0
1 8.43421e-27
1.5 2.47218e-26
2 5.48677e-26
2.5 1.03435e-25
3 1.75173e-25
3.5 2.76838e-25
4 4.19582e-25
4.5 6.20404e-25
5 8.98016e-25
5.25 1.04174e-24
5.5 1.25164e-24
5.75 1.30418e-24
6 1.12488e-24
6.5 1.24338e-24
7 1.44205e-24
7.5 1.63097e-24
8 2.08953e-24
8.5 2.9564e-24
9 4.42744e-24
9.5 6.84191e-24
10 1.06946e-23
10.5 1.63961e-23
11 2.33968e-23
11.5 2.77518e-23
12 2.17478e-23
12.5 1.66151e-23
13 1.60104e-23
13.5 1.75267e-23
14 1.98209e-23
14.5 2.09375e-23
15 2.02552e-23
15.5 1.83275e-23
16 1.60928e-23
16.5 1.40269e-23
17 1.2256e-23
17.5 1.07935e-23
18 9.49907e-24
18.5 8.29273e-24
19 7.0873e-24
19.5 5.92552e-24
20 4.91911e-24
21 3.4744e-24
22 2.78694e-24
23 2.53043e-24
24 2.31225e-24
25 1.92643e-24
26 1.44038e-24
27 1.06749e-24
28 8.84153e-25
29 8.44486e-25
30 8.67143e-25
32 9.699e-25
34 8.29201e-25
36 6.52455e-25
38 5.75868e-25
40 5.26537e-25
42 4.72576e-25
44 4.17438e-25
46 3.8112e-25
48 3.66537e-25
50 3.61019e-25
52 3.55898e-25
54 3.53846e-25
56 3.53127e-25
58 3.48927e-25
60 3.43751e-25
62 3.40263e-25
64 3.35436e-25
66 3.30865e-25
68 3.247e-25
70 3.19323e-25
72 3.13113e-25
74 3.06901e-25
76 3.00807e-25
78 2.92006e-25
80 2.85861e-25
85 2.65796e-25
90 2.49748e-25
95 2.33599e-25
100 2.18138e-25
110 1.82714e-25
120 1.58552e-25
130 1.35369e-25
