4.5 130 83
83
4.5 0
5 1.31781e-27
6 7.36909e-27
7 1.10573e-26
8 3.50388e-26
9 5.99963e-26
10 7.7044e-26
10.5 1.00482e-25
11 1.26349e-25
11.5 1.36417e-25
12 1.48354e-25
12.5 1.75488e-25
13 2.04964e-25
13.5 2.24963e-25
14 1.88518e-25
14.5 1.56691e-25
15 1.42702e-25
15.5 1.5564e-25
16 1.73666e-25
16.5 1.91831e-25
17 2.11974e-25
17.5 2.53485e-25
18 3.16202e-25
18.5 3.88536e-25
19 5.19527e-25
19.5 7.27502e-25
20 9.18762e-25
20.5 1.16386e-24
21 1.47079e-24
21.5 1.80101e-24
22 2.43585e-24
22.5 2.98951e-24
23 3.15585e-24
23.5 2.92129e-24
24 2.68433e-24
25 2.20972e-24
26 1.74432e-24
27 1.33302e-24
28 1.07698e-24
29 8.68691e-25
30 7.83897e-25
31 7.09414e-25
32 6.4479e-25
33 5.89065e-25
34 5.41097e-25
35 4.99797e-25
36 4.64175e-25
37 4.3334e-25
38 4.06572e-25
39 3.83232e-25
40 3.6281e-25
42 3.29003e-25
44 3.02481e-25
46 2.81337e-25
48 2.64212e-25
50 2.50165e-25
52 2.38457e-25
54 2.28579e-25
56 2.20121e-25
58 2.12792e-25
60 2.06353e-25
62 2.00634e-25
64 1.95484e-25
66 1.90815e-25
68 1.86505e-25
70 1.82506e-25
72 1.78766e-25
74 1.75207e-25
76 1.71827e-25
78 1.68567e-25
80 1.65447e-25
82 1.62428e-25
84 1.59468e-25
86 1.56588e-25
90 1.50988e-25
95 1.44248e-25
100 1.37759e-25
105 1.31499e-25
110 1.25489e-25
115 1.19739e-25
120 1.14309e-25
125 1.09219e-25
130 1.04539e-25
