8.329 130 230
230
8.329 0
8.4 4.7067e-28
8.6 1.7965e-27
8.8 3.1223e-27
9 4.4481e-27
9.2 5.7739e-27
9.4 7.0998e-27
9.6 8.4256e-27
9.8 9.7514e-27
10 1.1077e-26
10.2 3.2042e-26
10.4 5.3007e-26
10.6 7.3971e-26
10.8 9.4936e-26
11 1.159e-25
11.2 1.3687e-25
11.4 1.5783e-25
11.6 1.7879e-25
11.8 1.9976e-25
12 2.2072e-25
12.2 3.4657e-25
12.4 4.7241e-25
12.6 5.9826e-25
12.8 7.241e-25
13 8.4995e-25
13.2 9.7579e-25
13.4 1.1016e-24
13.6 1.2275e-24
13.8 1.3533e-24
14 1.4934e-24
14.2 1.4351e-24
14.4 1.2984e-24
14.6 1.263e-24
14.8 1.3381e-24
15 1.5159e-24
15.2 1.7942e-24
15.4 2.0915e-24
15.6 2.2088e-24
15.8 2.0969e-24
16 1.9986e-24
16.2 1.9996e-24
16.4 2.0933e-24
16.6 2.2689e-24
16.8 2.5223e-24
17 2.8436e-24
17.2 3.1972e-24
17.4 3.5277e-24
17.6 3.8326e-24
17.8 4.2152e-24
18 4.8246e-24
18.2 5.7613e-24
18.4 6.8936e-24
18.6 7.7897e-24
18.8 8.3738e-24
19 8.7325e-24
19.2 8.802e-24
19.4 8.9101e-24
19.6 9.3411e-24
19.8 9.9228e-24
20 1.0194e-23
20.2 9.9011e-24
20.4 9.2828e-24
20.6 8.7024e-24
20.8 8.3108e-24
21 8.0751e-24
21.2 7.895e-24
21.4 7.6736e-24
21.6 7.3515e-24
21.8 6.9192e-24
22 6.4072e-24
22.2 5.865e-24
22.4 5.3399e-24
22.6 4.866e-24
22.8 4.4628e-24
23 4.1379e-24
23.2 3.8914e-24
23.4 3.7187e-24
23.6 3.6106e-24
23.8 3.5524e-24
24 3.5217e-24
24.2 3.4892e-24
24.4 3.4249e-24
24.6 3.3101e-24
24.8 3.1467e-24
25 2.9543e-24
25.2 2.7575e-24
25.4 2.576e-24
25.6 2.4201e-24
25.8 2.2933e-24
26 2.1947e-24
26.2 2.1213e-24
26.4 2.0696e-24
26.6 2.0361e-24
26.8 2.0175e-24
27 2.0107e-24
27.2 2.0129e-24
27.4 2.0215e-24
27.6 2.0337e-24
27.8 2.047e-24
28 2.0588e-24
28.2 2.0667e-24
28.4 2.0687e-24
28.6 2.063e-24
28.8 2.0486e-24
29 2.0249e-24
29.2 1.9921e-24
29.4 1.951e-24
29.6 1.9027e-24
29.8 1.849e-24
30 1.7914e-24
30.5 1.6422e-24
31 1.5017e-24
31.5 1.3825e-24
32 1.2889e-24
32.5 1.2207e-24
33 1.1757e-24
33.5 1.1508e-24
34 1.1433e-24
34.5 1.1507e-24
35 1.1706e-24
35.5 1.2006e-24
36 1.2381e-24
36.5 1.2798e-24
37 1.3218e-24
37.5 1.3594e-24
38 1.3876e-24
38.5 1.4016e-24
39 1.3978e-24
39.5 1.3748e-24
40 1.3333e-24
40.5 1.2766e-24
41 1.2089e-24
41.5 1.1352e-24
42 1.0597e-24
42.5 9.8604e-25
43 9.1641e-25
43.5 8.5222e-25
44 7.9408e-25
44.5 7.4208e-25
45 6.9597e-25
45.5 6.553e-25
46 6.1955e-25
46.5 5.8819e-25
47 5.607e-25
47.5 5.3658e-25
48 5.1542e-25
48.5 4.9681e-25
49 4.8044e-25
49.5 4.66e-25
50 4.5325e-25
51 4.3194e-25
52 4.1512e-25
53 4.0174e-25
54 3.9101e-25
55 3.8234e-25
56 3.7529e-25
57 3.6951e-25
58 3.6473e-25
59 3.6076e-25
60 3.5742e-25
61 3.5458e-25
62 3.5215e-25
63 3.5004e-25
64 3.4818e-25
65 3.4652e-25
66 3.4502e-25
67 3.4364e-25
68 3.4234e-25
69 3.4111e-25
70 3.3992e-25
71 3.3877e-25
72 3.3762e-25
73 3.3648e-25
74 3.3533e-25
75 3.3417e-25
76 3.3299e-25
77 3.3178e-25
78 3.3054e-25
79 3.2928e-25
80 3.2797e-25
81 3.2663e-25
82 3.2526e-25
83 3.2384e-25
84 3.2239e-25
85 3.209e-25
86 3.1937e-25
87 3.178e-25
88 3.162e-25
89 3.1456e-25
90 3.1288e-25
91 3.1117e-25
92 3.0943e-25
93 3.0766e-25
94 3.0585e-25
95 3.0402e-25
96 3.0216e-25
97 3.0027e-25
98 2.9836e-25
99 2.9643e-25
100 2.9448e-25
101 2.8954e-25
102 2.8768e-25
103 2.858e-25
104 2.8391e-25
105 2.8199e-25
106 2.8006e-25
107 2.7811e-25
108 2.7616e-25
109 2.7419e-25
110 2.7222e-25
111 2.7024e-25
112 2.6826e-25
113 2.6628e-25
114 2.643e-25
115 2.6232e-25
116 2.6035e-25
117 2.5839e-25
118 2.5643e-25
119 2.5448e-25
120 2.5255e-25
121 2.5063e-25
122 2.4873e-25
123 2.4684e-25
124 2.4498e-25
125 2.4313e-25
126 2.4131e-25
127 2.3951e-25
128 2.3774e-25
129 2.36e-25
130 2.3429e-25
