0.9 130 82
82
0.9 0
1 8.0924e-27
1.5 2.30887e-26
2 4.88349e-26
2.5 9.04863e-26
3 1.5184e-25
3.5 2.36018e-25
4 3.47874e-25
4.5 4.94709e-25
5 6.86132e-25
5.5 9.32516e-25
6 1.2408e-24
6.5 1.60866e-24
7 2.02743e-24
7.5 2.50425e-24
8 3.09589e-24
8.5 3.84648e-24
9 4.8319e-24
9.5 6.18354e-24
10 8.07814e-24
10.5 1.0802e-23
11 1.48229e-23
11.5 2.08327e-23
12 2.94081e-23
12.5 3.9301e-23
13 4.60141e-23
13.5 4.79419e-23
14 4.84887e-23
14.5 4.84531e-23
15 4.6186e-23
15.5 4.12408e-23
16 3.49529e-23
16.5 2.88244e-23
17 2.36053e-23
17.5 1.9431e-23
18 1.61715e-23
18.5 1.36371e-23
19 1.16554e-23
19.5 1.00906e-23
20 8.84072e-24
21 6.97505e-24
22 5.69844e-24
23 4.79131e-24
24 4.12625e-24
25 3.62602e-24
26 3.24174e-24
27 2.94135e-24
28 2.70313e-24
29 2.51191e-24
30 2.35686e-24
32 2.12562e-24
34 1.96693e-24
36 1.85588e-24
38 1.77701e-24
40 1.72034e-24
42 1.67922e-24
44 1.64906e-24
46 1.62665e-24
48 1.60968e-24
50 1.59648e-24
52 1.58582e-24
54 1.57679e-24
56 1.56873e-24
58 1.56113e-24
60 1.55361e-24
62 1.5459e-24
64 1.53779e-24
66 1.52914e-24
68 1.51985e-24
70 1.50986e-24
72 1.49912e-24
74 1.48763e-24
76 1.47536e-24
78 1.46235e-24
80 1.44861e-24
85 1.4113e-24
90 1.3703e-24
95 1.32637e-24
100 1.28037e-24
110 1.18561e-24
120 1.09289e-24
130 1.0088e-24
