1.5 130 80
80
1.5 0
2 7.99775e-29
2.5 2.28821e-27
3 1.08878e-26
3.5 3.19722e-26
4 7.23846e-26
4.5 1.36901e-25
5 2.28444e-25
5.5 3.51018e-25
6 5.11483e-25
6.5 7.19376e-25
7 9.83502e-25
7.5 1.30447e-24
8 1.67362e-24
8.5 2.09559e-24
9 2.60944e-24
9.5 4.01953e-24
10 4.94383e-24
10.5 6.15046e-24
11 7.7453e-24
11.5 9.86024e-24
12 1.26584e-23
12.5 1.63256e-23
13 2.09882e-23
13.5 2.65239e-23
14 3.22449e-23
14.5 3.6726e-23
15 3.83861e-23
15.5 3.67348e-23
16 3.27682e-23
16.5 2.79813e-23
17 2.34159e-23
17.5 1.9509e-23
18 1.6328e-23
18.5 1.37887e-23
19 1.17703e-23
19.5 1.016e-23
20 8.86544e-24
21 6.93233e-24
22 5.60741e-24
23 4.66634e-24
24 3.97697e-24
25 3.45867e-24
26 3.06038e-24
27 2.74863e-24
28 2.50081e-24
29 2.30118e-24
30 2.13855e-24
32 1.89379e-24
34 1.72303e-24
36 1.60089e-24
38 1.51176e-24
40 1.44558e-24
42 1.39568e-24
44 1.35747e-24
46 1.32771e-24
48 1.3041e-24
50 1.28496e-24
52 1.26905e-24
54 1.25543e-24
56 1.24342e-24
58 1.23248e-24
60 1.22222e-24
62 1.21234e-24
64 1.2026e-24
66 1.19284e-24
68 1.18292e-24
70 1.17277e-24
72 1.1623e-24
74 1.15147e-24
76 1.14027e-24
78 1.12867e-24
80 1.11668e-24
85 1.08504e-24
90 1.05126e-24
95 1.0158e-24
100 9.79165e-25
110 9.04713e-25
120 8.32641e-25
130 7.67617e-25
