0.9 130 82
82
0.9 0
1 1.56101e-28
1.5 1.75011e-27
2 5.75559e-27
2.5 1.33105e-26
3 2.56762e-26
3.5 4.4696e-26
4 7.34127e-26
4.5 1.14063e-25
5 1.66975e-25
5.5 2.32677e-25
6 3.12953e-25
6.5 4.11201e-25
7 5.32569e-25
7.5 6.83587e-25
8 8.70117e-25
8.5 1.09131e-24
9 1.33039e-24
9.5 1.55746e-24
10 1.76034e-24
10.5 1.97481e-24
11 2.23345e-24
11.5 2.57344e-24
12 3.03219e-24
12.5 3.64871e-24
13 4.48062e-24
13.5 5.61718e-24
14 7.17669e-24
14.5 9.18234e-24
15 1.11215e-23
15.5 1.20416e-23
16 1.21027e-23
16.5 1.20084e-23
17 1.18677e-23
17.5 1.15429e-23
18 1.0965e-23
18.5 1.01729e-23
19 9.26024e-24
19.5 8.32158e-24
20 7.42481e-24
21 5.87156e-24
22 4.68918e-24
23 3.81534e-24
24 3.16956e-24
25 2.68664e-24
26 2.31979e-24
27 2.03652e-24
28 1.81439e-24
29 1.63772e-24
30 1.49543e-24
32 1.28416e-24
34 1.13877e-24
36 1.03562e-24
38 9.60591e-25
40 9.04855e-25
42 8.6267e-25
44 8.30177e-25
46 8.04715e-25
48 7.844e-25
50 7.67878e-25
52 7.54156e-25
54 7.42501e-25
56 7.32361e-25
58 7.23319e-25
60 7.15058e-25
62 7.07337e-25
64 6.9997e-25
66 6.92816e-25
68 6.85767e-25
70 6.78742e-25
72 6.7168e-25
74 6.64538e-25
76 6.57284e-25
78 6.49897e-25
80 6.42366e-25
85 6.22881e-25
90 6.02511e-25
95 5.81424e-25
100 5.59861e-25
110 5.16462e-25
120 4.74775e-25
130 4.37313e-25
