0.9 130 82
82
0.9 0
1 1.43696e-27
1.5 4.06738e-27
2 8.8e-27
2.5 1.63743e-26
3 2.76714e-26
3.5 4.37677e-26
4 6.6008e-26
4.5 9.61069e-26
5 1.36293e-25
5.5 1.89504e-25
6 2.59625e-25
6.5 3.51689e-25
7 4.71711e-25
7.5 6.2537e-25
8 8.14679e-25
8.5 1.03538e-24
9 1.28455e-24
9.5 1.57677e-24
10 1.94563e-24
10.5 2.43152e-24
11 3.07701e-24
11.5 3.93025e-24
12 5.04715e-24
12.5 6.4869e-24
13 8.29593e-24
13.5 1.04738e-23
14 1.29165e-23
14.5 1.53535e-23
15 1.735e-23
15.5 1.84656e-23
16 1.85047e-23
16.5 1.76215e-23
17 1.61778e-23
17.5 1.45311e-23
18 1.29249e-23
18.5 1.14878e-23
19 1.02738e-23
19.5 9.29918e-24
20 8.55283e-24
21 7.34385e-24
22 5.92641e-24
23 4.78911e-24
24 3.99865e-24
25 3.42099e-24
26 2.97729e-24
27 2.62477e-24
28 2.33811e-24
29 2.10109e-24
30 1.90271e-24
32 1.59274e-24
34 1.36685e-24
36 1.20034e-24
38 1.07705e-24
40 9.85729e-25
42 9.18223e-25
44 8.68478e-25
46 8.3196e-25
48 8.05253e-25
50 7.85782e-25
52 7.71602e-25
54 7.61248e-25
56 7.53611e-25
58 7.4786e-25
60 7.43365e-25
62 7.39657e-25
64 7.36382e-25
66 7.33278e-25
68 7.30153e-25
70 7.26867e-25
72 7.23319e-25
74 7.19442e-25
76 7.15191e-25
78 7.1054e-25
80 7.05477e-25
85 6.91036e-25
90 6.74227e-25
95 6.55416e-25
100 6.35053e-25
110 5.91647e-25
120 5.47964e-25
130 5.07782e-25
