10.6096 130 67
67
10.6096 0
11 3.68411e-26
12 5.8139e-26
13 9.36161e-26
14 1.55424e-25
15 2.70643e-25
16 5.10197e-25
16.5 7.33687e-25
17 1.10094e-24
17.5 1.72503e-24
18 2.69839e-24
18.5 3.63e-24
19 3.83011e-24
19.5 3.79657e-24
20 3.97178e-24
20.5 4.16378e-24
21 4.10044e-24
21.5 3.76508e-24
22 3.33139e-24
22.5 2.94777e-24
23 2.67308e-24
23.5 2.51192e-24
24 2.44622e-24
24.5 2.44679e-24
25 2.47595e-24
25.5 2.49213e-24
26 2.46223e-24
27 2.23528e-24
28 1.89512e-24
29 1.5758e-24
30 1.32241e-24
31 1.13098e-24
32 9.86661e-25
33 8.76344e-25
34 7.90338e-25
35 7.21938e-25
36 6.66535e-25
37 6.20879e-25
38 5.82713e-25
39 5.50366e-25
40 5.22618e-25
42 4.77541e-25
44 4.42463e-25
46 4.14334e-25
48 3.91215e-25
50 3.71816e-25
52 3.55297e-25
54 3.40847e-25
56 3.28168e-25
58 3.16938e-25
60 3.06848e-25
62 2.97648e-25
64 2.89288e-25
66 2.81569e-25
68 2.74449e-25
70 2.67809e-25
75 2.53049e-25
80 2.40309e-25
85 2.29159e-25
90 2.1927e-25
95 2.1043e-25
100 2.0245e-25
105 1.9523e-25
110 1.8866e-25
115 1.8267e-25
120 1.7718e-25
130 1.6752e-25
