0.5 130 260
260
0.5 0
1 3.75966e-27
1.5 1.14944e-26
2 2.4192e-26
2.5 4.29928e-26
3 6.8289e-26
3.5 1.00184e-25
4 1.39282e-25
4.5 1.86767e-25
5 2.44396e-25
5.5 3.14616e-25
6 4.00815e-25
6.5 5.07669e-25
7 6.41509e-25
7.5 8.10295e-25
8 1.02192e-24
8.5 1.27819e-24
9 1.56346e-24
9.5 1.84198e-24
10 2.08957e-24
10.5 2.33147e-24
11 2.62462e-24
11.5 3.02117e-24
12 3.56595e-24
12.5 4.30387e-24
13 5.28624e-24
13.5 6.56102e-24
14 8.13029e-24
14.5 9.85908e-24
15 1.13942e-23
15.5 1.23023e-23
16 1.24513e-23
16.5 1.21109e-23
17 1.16171e-23
17.5 1.11308e-23
18 1.06619e-23
18.5 1.01667e-23
19 9.61149e-24
19.5 8.99217e-24
20 8.32885e-24
20.5 7.65366e-24
21 6.97847e-24
21.5 6.37378e-24
22 5.7691e-24
22.5 5.27301e-24
23 4.77693e-24
23.5 4.38607e-24
24 3.9952e-24
24.5 3.69129e-24
25 3.38739e-24
25.5 3.1509e-24
26 2.91441e-24
26.5 2.729e-24
27 2.54359e-24
27.5 2.39672e-24
28 2.24985e-24
28.5 2.13221e-24
29 2.01457e-24
29.5 1.9193e-24
30 1.82403e-24
30.5 1.75284e-24
31 1.68165e-24
31.5 1.61047e-24
32 1.53928e-24
32.5 1.48987e-24
33 1.44045e-24
33.5 1.39103e-24
34 1.34162e-24
34.5 1.30623e-24
35 1.27084e-24
35.5 1.23545e-24
36 1.20006e-24
36.5 1.17404e-24
37 1.14801e-24
37.5 1.12198e-24
38 1.09596e-24
38.5 1.07639e-24
39 1.05681e-24
39.5 1.03724e-24
40 1.01767e-24
40.5 1.00265e-24
41 9.87635e-25
41.5 9.72618e-25
42 9.576e-25
42.5 9.45865e-25
43 9.34131e-25
43.5 9.22396e-25
44 9.10661e-25
44.5 9.01332e-25
45 8.92003e-25
45.5 8.82674e-25
46 8.73345e-25
46.5 8.65802e-25
47 8.58259e-25
47.5 8.50715e-25
48 8.43172e-25
48.5 8.36968e-25
49 8.30764e-25
49.5 8.2456e-25
50 8.18356e-25
50.5 8.13164e-25
51 8.07972e-25
51.5 8.0278e-25
52 7.97588e-25
52.5 7.93164e-25
53 7.88741e-25
53.5 7.84317e-25
54 7.79893e-25
54.5 7.76054e-25
55 7.72216e-25
55.5 7.68377e-25
56 7.64538e-25
56.5 7.61145e-25
57 7.57751e-25
57.5 7.54357e-25
58 7.50964e-25
58.5 7.47909e-25
59 7.44854e-25
59.5 7.41799e-25
60 7.38744e-25
60.5 7.35945e-25
61 7.33146e-25
61.5 7.30346e-25
62 7.27547e-25
62.5 7.24939e-25
63 7.22332e-25
63.5 7.19724e-25
64 7.17116e-25
64.5 7.1465e-25
65 7.12184e-25
65.5 7.09718e-25
66 7.07252e-25
66.5 7.04889e-25
67 7.02525e-25
67.5 7.00162e-25
68 6.97799e-25
68.5 6.95509e-25
69 6.93218e-25
69.5 6.90928e-25
70 6.88637e-25
70.5 6.86396e-25
71 6.84154e-25
71.5 6.81912e-25
72 6.79671e-25
72.5 6.77461e-25
73 6.7525e-25
73.5 6.7304e-25
74 6.7083e-25
74.5 6.68637e-25
75 6.66444e-25
75.5 6.64251e-25
76 6.62058e-25
76.5 6.59872e-25
77 6.57687e-25
77.5 6.55501e-25
78 6.53315e-25
78.5 6.51129e-25
79 6.48943e-25
79.5 6.46756e-25
80 6.4457e-25
80.5 6.42371e-25
81 6.40172e-25
81.5 6.37974e-25
82 6.35775e-25
82.5 6.33576e-25
83 6.31377e-25
83.5 6.29178e-25
84 6.2698e-25
84.5 6.24781e-25
85 6.22582e-25
85.5 6.20356e-25
86 6.1813e-25
86.5 6.15904e-25
87 6.13678e-25
87.5 6.11451e-25
88 6.09225e-25
88.5 6.06999e-25
89 6.04773e-25
89.5 6.02547e-25
90 6.00321e-25
90.5 5.9807e-25
91 5.9582e-25
91.5 5.93569e-25
92 5.91319e-25
92.5 5.89068e-25
93 5.86818e-25
93.5 5.84567e-25
94 5.82317e-25
94.5 5.80066e-25
95 5.77816e-25
95.5 5.75555e-25
96 5.73293e-25
96.5 5.71032e-25
97 5.68771e-25
97.5 5.66509e-25
98 5.64248e-25
98.5 5.61987e-25
99 5.59726e-25
99.5 5.57464e-25
100 5.55203e-25
100.5 5.52968e-25
101 5.50732e-25
101.5 5.48497e-25
102 5.46261e-25
102.5 5.44026e-25
103 5.4179e-25
103.5 5.39555e-25
104 5.37319e-25
104.5 5.35084e-25
105 5.32849e-25
105.5 5.30613e-25
106 5.28378e-25
106.5 5.26142e-25
107 5.23907e-25
107.5 5.21671e-25
108 5.19436e-25
108.5 5.172e-25
109 5.14965e-25
109.5 5.12729e-25
110 5.10494e-25
110.5 5.08378e-25
111 5.06262e-25
111.5 5.04146e-25
112 5.0203e-25
112.5 4.99913e-25
113 4.97797e-25
113.5 4.95681e-25
114 4.93565e-25
114.5 4.91449e-25
115 4.89333e-25
115.5 4.87217e-25
116 4.85101e-25
116.5 4.82985e-25
117 4.80869e-25
117.5 4.78753e-25
118 4.76636e-25
118.5 4.7452e-25
119 4.72404e-25
119.5 4.70288e-25
120 4.68172e-25
120.5 4.66285e-25
121 4.64397e-25
121.5 4.6251e-25
122 4.60623e-25
122.5 4.58735e-25
123 4.56848e-25
123.5 4.54961e-25
124 4.53074e-25
124.5 4.51186e-25
125 4.49299e-25
125.5 4.47412e-25
126 4.45524e-25
126.5 4.43637e-25
127 4.4175e-25
127.5 4.39862e-25
128 4.37975e-25
128.5 4.36088e-25
129 4.34201e-25
129.5 4.32313e-25
130 4.30426e-25
