1.999 130 97
97
1.999 0
2 6.28947e-27
2.45 1.18944e-26
2.9 2.02131e-26
3.35 3.19395e-26
3.8 4.78902e-26
4.25 6.90389e-26
4.7 9.65598e-26
5.15 1.31883e-25
5.6 1.76766e-25
6.05 2.33379e-25
6.5 3.04417e-25
6.95 3.962e-25
7.4 5.117e-25
7.85 6.57033e-25
8.3 8.40088e-25
8.75 1.0711e-24
9.2 2.87443e-24
9.65 3.83077e-24
10.1 4.9286e-24
10.55 6.31669e-24
11 8.13564e-24
11.45 1.05192e-23
11.9 1.35999e-23
12.35 1.75341e-23
12.8 2.2434e-23
13.25 2.82892e-23
13.7 3.48761e-23
14.15 4.16909e-23
14.6 4.78783e-23
15.05 5.19999e-23
15.5 5.19251e-23
15.95 4.79083e-23
16.4 4.25777e-23
16.85 3.75283e-23
17.3 3.32043e-23
17.75 2.96325e-23
18.2 2.67302e-23
18.65 2.4395e-23
19.1 2.25227e-23
19.55 2.10097e-23
20 1.97627e-23
20.45 1.86908e-23
20.9 1.77267e-23
21.35 1.68353e-23
21.8 1.59997e-23
22.25 1.52129e-23
22.7 1.44741e-23
23.15 1.37836e-23
23.6 1.31418e-23
24.05 1.25464e-23
24.5 1.20042e-23
24.95 1.15065e-23
25.4 1.10489e-23
25.85 1.06289e-23
26.3 1.02478e-23
26.75 9.91355e-24
27.2 9.63329e-24
27.65 9.40861e-24
28.1 9.23668e-24
28.55 9.11005e-24
29 9.02076e-24
29.45 8.95908e-24
29.9 8.87673e-24
30.35 8.77593e-24
30.8 8.67387e-24
31.25 8.57169e-24
31.7 8.46689e-24
32.15 8.35708e-24
32.6 8.2436e-24
33.05 8.12556e-24
33.5 8.00543e-24
33.95 7.88379e-24
34.4 7.76093e-24
34.85 7.63882e-24
35.3 7.52114e-24
35.75 7.40661e-24
36.2 7.29578e-24
36.65 7.19132e-24
37.1 7.09877e-24
37.55 7.0126e-24
38 6.93681e-24
38.45 6.87205e-24
38.9 6.81666e-24
39.35 6.76726e-24
39.8 6.72628e-24
40.25 6.69235e-24
40.7 6.66345e-24
41.15 6.63797e-24
41.6 6.61497e-24
42.05 6.59471e-24
42.5 6.53089e-24
45 6.27731e-24
50 6.00789e-24
70 5.45984e-24
100 4.66324e-24
130 4.22635e-24
