0.9 130 84
84
0.9 0
1 6.47446e-27
1.5 1.83941e-26
2 4.01958e-26
2.5 7.59554e-26
3 1.3103e-25
3.5 2.12633e-25
4 3.30556e-25
4.5 4.97787e-25
5 7.25099e-25
5.25 8.34011e-25
5.5 7.8771e-25
5.75 4.46566e-25
6 3.26929e-25
6.5 1.58479e-25
7 8.2137e-26
7.5 8.56782e-25
8 1.34058e-24
8.5 2.13152e-24
9 3.0559e-24
9.5 4.22463e-24
10 6.03295e-24
10.5 8.84627e-24
11 1.23104e-23
11.5 1.5053e-23
12 1.6211e-23
12.5 1.67496e-23
13 1.77033e-23
13.5 1.65106e-23
14 1.49003e-23
14.5 1.32278e-23
15 1.16456e-23
15.5 1.02358e-23
16 8.66296e-24
16.5 6.93513e-24
17 6.02244e-24
17.5 4.27259e-24
18 3.3466e-24
18.5 2.46092e-24
19 1.99511e-24
19.5 1.43763e-24
20 1.04408e-24
21 7.28953e-25
22 5.46043e-25
23 4.35689e-25
24 3.54359e-25
25 3.05197e-25
26 2.6527e-25
27 2.32523e-25
28 2.13773e-25
29 1.90695e-25
30 1.78344e-25
32 1.64855e-25
34 1.49921e-25
36 1.35299e-25
38 1.28467e-25
40 1.21407e-25
42 1.15187e-25
44 1.16415e-25
46 1.14101e-25
48 1.12429e-25
50 1.09003e-25
52 1.08135e-25
54 1.04048e-25
56 1.05084e-25
58 1.03605e-25
60 1.03028e-25
62 1.00715e-25
64 9.9244e-26
66 9.7686e-26
68 9.5204e-26
70 9.3867e-26
72 9.0017e-26
74 9.0054e-26
76 8.7421e-26
78 8.5771e-26
80 8.6434e-26
85 7.9862e-26
90 7.5724e-26
95 6.9835e-26
100 6.5201e-26
110 5.6933e-26
120 5.0253e-26
130 4.2225e-26
