12.5 130 236
236
12.5 0
13 2.34485e-25
13.5 3.85236e-25
14 5.35987e-25
14.5 7.17538e-25
15 8.99088e-25
15.5 9.74229e-25
16 1.04937e-24
16.5 1.11075e-24
17 1.17213e-24
17.5 1.2915e-24
18 1.41088e-24
18.5 1.55268e-24
19 1.69448e-24
19.5 1.82355e-24
20 1.95262e-24
20.5 2.04776e-24
21 2.14291e-24
21.5 2.18474e-24
22 2.22658e-24
22.5 2.21329e-24
23 2.20001e-24
23.5 2.14656e-24
24 2.09311e-24
24.5 2.01881e-24
25 1.94451e-24
25.5 1.86432e-24
26 1.78414e-24
26.5 1.70678e-24
27 1.62943e-24
27.5 1.55881e-24
28 1.4882e-24
28.5 1.42542e-24
29 1.36263e-24
29.5 1.30737e-24
30 1.2521e-24
30.5 1.20349e-24
31 1.15489e-24
31.5 1.11197e-24
32 1.06904e-24
32.5 1.0309e-24
33 9.92757e-25
33.5 9.58622e-25
34 9.24488e-25
34.5 8.93742e-25
35 8.62995e-25
35.5 8.35141e-25
36 8.07287e-25
36.5 7.81933e-25
37 7.5658e-25
37.5 7.33417e-25
38 7.10253e-25
38.5 6.89027e-25
39 6.678e-25
39.5 6.48305e-25
40 6.28809e-25
40.5 6.10869e-25
41 5.92929e-25
41.5 5.76397e-25
42 5.59865e-25
42.5 5.44611e-25
43 5.29357e-25
43.5 5.15267e-25
44 5.01177e-25
44.5 4.88149e-25
45 4.75121e-25
45.5 4.63063e-25
46 4.51005e-25
46.5 4.39836e-25
47 4.28666e-25
47.5 4.1831e-25
48 4.07954e-25
48.5 3.98343e-25
49 3.88733e-25
49.5 3.79806e-25
50 3.7088e-25
50.5 3.62581e-25
51 3.54282e-25
51.5 3.4656e-25
52 3.38839e-25
52.5 3.31647e-25
53 3.24456e-25
53.5 3.17752e-25
54 3.11049e-25
54.5 3.04795e-25
55 2.98541e-25
55.5 2.92701e-25
56 2.86862e-25
56.5 2.81404e-25
57 2.75947e-25
57.5 2.70842e-25
58 2.65738e-25
58.5 2.6096e-25
59 2.56182e-25
59.5 2.51706e-25
60 2.47229e-25
60.5 2.43033e-25
61 2.38836e-25
61.5 2.34899e-25
62 2.30962e-25
62.5 2.27265e-25
63 2.23568e-25
63.5 2.20095e-25
64 2.16622e-25
64.5 2.13356e-25
65 2.10091e-25
65.5 2.07019e-25
66 2.03947e-25
66.5 2.01055e-25
67 1.98163e-25
67.5 1.95439e-25
68 1.92716e-25
68.5 1.90149e-25
69 1.87582e-25
69.5 1.85162e-25
70 1.82741e-25
70.5 1.80458e-25
71 1.78175e-25
71.5 1.7602e-25
72 1.73865e-25
72.5 1.7183e-25
73 1.69795e-25
73.5 1.67873e-25
74 1.65951e-25
74.5 1.64134e-25
75 1.62318e-25
75.5 1.606e-25
76 1.58883e-25
76.5 1.57259e-25
77 1.55636e-25
77.5 1.54099e-25
78 1.52563e-25
78.5 1.5111e-25
79 1.49656e-25
79.5 1.48281e-25
80 1.46905e-25
80.5 1.45602e-25
81 1.443e-25
81.5 1.43067e-25
82 1.41834e-25
82.5 1.40666e-25
83 1.39498e-25
83.5 1.38392e-25
84 1.37286e-25
84.5 1.36238e-25
85 1.3519e-25
85.5 1.34197e-25
86 1.33204e-25
86.5 1.32264e-25
87 1.31323e-25
87.5 1.30432e-25
88 1.29541e-25
88.5 1.28696e-25
89 1.27852e-25
89.5 1.27052e-25
90 1.26252e-25
90.5 1.25494e-25
91 1.24737e-25
91.5 1.24019e-25
92 1.23301e-25
92.5 1.22621e-25
93 1.21942e-25
93.5 1.21298e-25
94 1.20655e-25
94.5 1.20045e-25
95 1.19436e-25
95.5 1.1886e-25
96 1.18284e-25
96.5 1.17739e-25
97 1.17194e-25
97.5 1.16679e-25
98 1.16164e-25
98.5 1.15677e-25
99 1.15191e-25
99.5 1.14732e-25
100 1.14273e-25
100.5 1.1384e-25
101 1.13407e-25
101.5 1.13e-25
102 1.12592e-25
102.5 1.12209e-25
103 1.11825e-25
103.5 1.11465e-25
104 1.11105e-25
104.5 1.10768e-25
105 1.10431e-25
105.5 1.10115e-25
106 1.05791e-25
106.5 1.05618e-25
107 1.05446e-25
107.5 1.05275e-25
108 1.05105e-25
108.5 1.04935e-25
109 1.04769e-25
109.5 1.04644e-25
110 1.04519e-25
110.5 1.04395e-25
111 1.04272e-25
111.5 1.04149e-25
112 1.04026e-25
112.5 1.03949e-25
113 1.03874e-25
113.5 1.03799e-25
114 1.03724e-25
114.5 1.03649e-25
115 1.03575e-25
115.5 1.03537e-25
116 1.03515e-25
116.5 1.03494e-25
117 1.03472e-25
117.5 1.0345e-25
118 1.03429e-25
118.5 1.03422e-25
119 1.03461e-25
119.5 1.035e-25
120 1.03538e-25
120.5 1.03577e-25
121 1.03615e-25
121.5 1.03653e-25
122 1.03736e-25
122.5 1.03847e-25
123 1.03957e-25
123.5 1.04067e-25
124 1.04176e-25
124.5 1.04285e-25
125 1.04393e-25
125.5 1.04574e-25
126 1.04772e-25
126.5 1.04969e-25
127 1.05165e-25
127.5 1.0536e-25
128 1.05555e-25
128.5 1.05749e-25
129 1.06033e-25
129.5 1.06339e-25
130 1.06643e-25
