0.5 130 260
260
0.5 0
1 1.85503e-27
1.5 5.2721e-27
2 1.14689e-26
2.5 2.14919e-26
3 3.66458e-26
3.5 5.86092e-26
4 8.96023e-26
4.5 1.32635e-25
5 1.91865e-25
5.5 2.73076e-25
6 3.8418e-25
6.5 5.3547e-25
7 7.39824e-25
7.5 1.01684e-24
8 1.4117e-24
8.5 2.03208e-24
9 3.05307e-24
9.5 4.36839e-24
10 5.02606e-24
10.5 5.15661e-24
11 5.73116e-24
11.5 6.99129e-24
12 8.92143e-24
12.5 1.14995e-23
13 1.49451e-23
13.5 1.96685e-23
14 2.56326e-23
14.5 3.16168e-23
15 3.51892e-23
15.5 3.46384e-23
16 3.08264e-23
16.5 2.58846e-23
17 2.12652e-23
17.5 1.74637e-23
18 1.4483e-23
18.5 1.21751e-23
19 1.0382e-23
19.5 8.97389e-24
20 7.85351e-24
20.5 7.02084e-24
21 6.18816e-24
21.5 5.61647e-24
22 5.04478e-24
22.5 4.63441e-24
23 4.22405e-24
23.5 3.91851e-24
24 3.61296e-24
24.5 3.37858e-24
25 3.14419e-24
25.5 2.96001e-24
26 2.77583e-24
26.5 2.62827e-24
27 2.4807e-24
27.5 2.36065e-24
28 2.24059e-24
28.5 2.14173e-24
29 2.04286e-24
29.5 1.96068e-24
30 1.87849e-24
30.5 1.81516e-24
31 1.75182e-24
31.5 1.68848e-24
32 1.62515e-24
32.5 1.58004e-24
33 1.53494e-24
33.5 1.48983e-24
34 1.44473e-24
34.5 1.4124e-24
35 1.38006e-24
35.5 1.34773e-24
36 1.3154e-24
36.5 1.29225e-24
37 1.26911e-24
37.5 1.24596e-24
38 1.22281e-24
38.5 1.20636e-24
39 1.18991e-24
39.5 1.17346e-24
40 1.15701e-24
40.5 1.14547e-24
41 1.13392e-24
41.5 1.12238e-24
42 1.11083e-24
42.5 1.10288e-24
43 1.09492e-24
43.5 1.08697e-24
44 1.07901e-24
44.5 1.07367e-24
45 1.06832e-24
45.5 1.06298e-24
46 1.05763e-24
46.5 1.05416e-24
47 1.05069e-24
47.5 1.04722e-24
48 1.04375e-24
48.5 1.04161e-24
49 1.03946e-24
49.5 1.03732e-24
50 1.03518e-24
50.5 1.03395e-24
51 1.03272e-24
51.5 1.03149e-24
52 1.03026e-24
52.5 1.02964e-24
53 1.02901e-24
53.5 1.02839e-24
54 1.02777e-24
54.5 1.02752e-24
55 1.02728e-24
55.5 1.02703e-24
56 1.02678e-24
56.5 1.02674e-24
57 1.0267e-24
57.5 1.02666e-24
58 1.02662e-24
58.5 1.02666e-24
59 1.02669e-24
59.5 1.02673e-24
60 1.02677e-24
60.5 1.02679e-24
61 1.02682e-24
61.5 1.02684e-24
62 1.02687e-24
62.5 1.02681e-24
63 1.02675e-24
63.5 1.0267e-24
64 1.02664e-24
64.5 1.02645e-24
65 1.02627e-24
65.5 1.02608e-24
66 1.0259e-24
66.5 1.02555e-24
67 1.02521e-24
67.5 1.02486e-24
68 1.02452e-24
68.5 1.02399e-24
69 1.02346e-24
69.5 1.02293e-24
70 1.0224e-24
70.5 1.02168e-24
71 1.02096e-24
71.5 1.02023e-24
72 1.01951e-24
72.5 1.01858e-24
73 1.01766e-24
73.5 1.01673e-24
74 1.01581e-24
74.5 1.01468e-24
75 1.01355e-24
75.5 1.01243e-24
76 1.0113e-24
76.5 1.00997e-24
77 1.00864e-24
77.5 1.00731e-24
78 1.00598e-24
78.5 1.00446e-24
79 1.00294e-24
79.5 1.00142e-24
80 9.99893e-25
80.5 9.98051e-25
81 9.96209e-25
81.5 9.94366e-25
82 9.92524e-25
82.5 9.90681e-25
83 9.88839e-25
83.5 9.86996e-25
84 9.85154e-25
84.5 9.83311e-25
85 9.81469e-25
85.5 9.79222e-25
86 9.76975e-25
86.5 9.74728e-25
87 9.7248e-25
87.5 9.70233e-25
88 9.67986e-25
88.5 9.65739e-25
89 9.63492e-25
89.5 9.61245e-25
90 9.58998e-25
90.5 9.5642e-25
91 9.53843e-25
91.5 9.51265e-25
92 9.48687e-25
92.5 9.4611e-25
93 9.43532e-25
93.5 9.40954e-25
94 9.38377e-25
94.5 9.35799e-25
95 9.33221e-25
95.5 9.30392e-25
96 9.27563e-25
96.5 9.24733e-25
97 9.21904e-25
97.5 9.19074e-25
98 9.16245e-25
98.5 9.13416e-25
99 9.10586e-25
99.5 9.07757e-25
100 9.04927e-25
100.5 9.01878e-25
101 8.98828e-25
101.5 8.95779e-25
102 8.92729e-25
102.5 8.8968e-25
103 8.8663e-25
103.5 8.83581e-25
104 8.80531e-25
104.5 8.77481e-25
105 8.74432e-25
105.5 8.71382e-25
106 8.68333e-25
106.5 8.65283e-25
107 8.62234e-25
107.5 8.59184e-25
108 8.56135e-25
108.5 8.53085e-25
109 8.50036e-25
109.5 8.46986e-25
110 8.43937e-25
110.5 8.40845e-25
111 8.37754e-25
111.5 8.34662e-25
112 8.31571e-25
112.5 8.28479e-25
113 8.25388e-25
113.5 8.22296e-25
114 8.19205e-25
114.5 8.16113e-25
115 8.13022e-25
115.5 8.0993e-25
116 8.06839e-25
116.5 8.03747e-25
117 8.00656e-25
117.5 7.97564e-25
118 7.94473e-25
118.5 7.91381e-25
119 7.8829e-25
119.5 7.85198e-25
120 7.82107e-25
120.5 7.79254e-25
121 7.764e-25
121.5 7.73547e-25
122 7.70694e-25
122.5 7.67841e-25
123 7.64988e-25
123.5 7.62135e-25
124 7.59281e-25
124.5 7.56428e-25
125 7.53575e-25
125.5 7.50722e-25
126 7.47869e-25
126.5 7.45016e-25
127 7.42162e-25
127.5 7.39309e-25
128 7.36456e-25
128.5 7.33603e-25
129 7.3075e-25
129.5 7.27897e-25
130 7.25043e-25
