0.9 130 82
82
0.9 0
1 2.06228e-27
1.5 5.84152e-27
2 1.27016e-26
2.5 2.3841e-26
3 4.07901e-26
3.5 6.55622e-26
4 1.00873e-25
4.5 1.5046e-25
5 2.19515e-25
5.5 3.15196e-25
6 4.46973e-25
6.5 6.26507e-25
7 8.6845e-25
7.5 1.19904e-24
8 1.67606e-24
8.5 2.37095e-24
9 3.21365e-24
9.5 4.20384e-24
10 5.79757e-24
10.5 8.52382e-24
11 1.30203e-23
11.5 1.96737e-23
12 2.65698e-23
12.5 2.87563e-23
13 2.59091e-23
13.5 2.28476e-23
14 2.2252e-23
14.5 2.43708e-23
15 2.75313e-23
15.5 2.80762e-23
16 2.45179e-23
16.5 1.94508e-23
17 1.50749e-23
17.5 1.1842e-23
18 9.53513e-24
18.5 7.87446e-24
19 6.65173e-24
19.5 5.72846e-24
20 5.01442e-24
21 3.97098e-24
22 3.26931e-24
23 2.77158e-24
24 2.40416e-24
25 2.12472e-24
26 1.90739e-24
27 1.73556e-24
28 1.59805e-24
29 1.48709e-24
30 1.39706e-24
32 1.2642e-24
34 1.17654e-24
36 1.11982e-24
38 1.08463e-24
40 1.06449e-24
42 1.05481e-24
44 1.05228e-24
46 1.0545e-24
48 1.05973e-24
50 1.06669e-24
52 1.07446e-24
54 1.08235e-24
56 1.0899e-24
58 1.09676e-24
60 1.1027e-24
62 1.10755e-24
64 1.11124e-24
66 1.11369e-24
68 1.1149e-24
70 1.11486e-24
72 1.1136e-24
74 1.11115e-24
76 1.10756e-24
78 1.10289e-24
80 1.09718e-24
85 1.0788e-24
90 1.05536e-24
95 1.02788e-24
100 9.97338e-25
110 9.30887e-25
120 8.63114e-25
130 8.00393e-25
