7.3 130 1228
1228
7.3 0
7.4 6.44766e-30
7.5 1.57516e-29
7.6 2.50556e-29
7.7 3.43596e-29
7.8 4.36636e-29
7.9 5.29676e-29
8 6.22716e-29
8.1 7.15756e-29
8.2 8.08795e-29
8.3 9.01835e-29
8.4 9.94875e-29
8.5 1.08791e-28
8.6 1.81207e-28
8.7 2.53623e-28
8.8 4.21747e-28
8.9 5.8987e-28
9 6.43771e-28
9.1 7.10574e-28
9.2 7.77376e-28
9.3 8.44179e-28
9.4 2.40625e-27
9.5 4.14562e-27
9.6 5.90996e-27
9.7 7.67429e-27
9.8 9.43863e-27
9.9 1.1203e-26
10 1.29673e-26
10.1 1.47642e-26
10.2 1.65611e-26
10.3 1.8358e-26
10.4 2.0155e-26
10.5 2.19519e-26
10.6 2.37909e-26
10.7 2.94402e-26
10.8 3.55993e-26
10.9 4.17583e-26
11 4.79174e-26
11.1 5.419e-26
11.2 6.04627e-26
11.3 6.47139e-26
11.4 6.89651e-26
11.5 7.32163e-26
11.6 7.79169e-26
11.7 8.26174e-26
11.8 8.7318e-26
11.9 9.20185e-26
12 9.67191e-26
12.1 1.01279e-25
12.2 1.05839e-25
12.3 1.10399e-25
12.4 1.14959e-25
12.5 1.1952e-25
12.6 1.23115e-25
12.7 1.26711e-25
12.8 1.30307e-25
12.9 1.33902e-25
13 1.37498e-25
13.1 1.41097e-25
13.2 1.44696e-25
13.3 1.48295e-25
13.4 1.51894e-25
13.5 1.55493e-25
13.6 1.60787e-25
13.7 1.66081e-25
13.8 1.71374e-25
13.9 1.76668e-25
14 1.81962e-25
14.1 1.89312e-25
14.2 1.96661e-25
14.3 2.04815e-25
14.4 2.12968e-25
14.5 2.21121e-25
14.6 2.33154e-25
14.7 2.45187e-25
14.8 2.5722e-25
14.9 2.69253e-25
15 2.81285e-25
15.1 2.99577e-25
15.2 3.17869e-25
15.3 3.36161e-25
15.4 3.54453e-25
15.5 3.72745e-25
15.6 4.08588e-25
15.7 4.44431e-25
15.8 4.80275e-25
15.9 5.16118e-25
16 5.51961e-25
16.1 5.96483e-25
16.2 6.41004e-25
16.3 6.85526e-25
16.4 7.30047e-25
16.5 7.74569e-25
16.6 8.31888e-25
16.7 8.89207e-25
16.8 9.6879e-25
16.9 1.04837e-24
17 1.12796e-24
17.1 1.22536e-24
17.2 1.32277e-24
17.3 1.42018e-24
17.4 1.51759e-24
17.5 1.61499e-24
17.6 1.72453e-24
17.7 1.83406e-24
17.8 1.9436e-24
17.9 2.05313e-24
18 2.16266e-24
18.1 2.33927e-24
18.2 2.51588e-24
18.3 2.69249e-24
18.4 2.8691e-24
18.5 3.04571e-24
18.6 3.27207e-24
18.7 3.49842e-24
18.8 3.72477e-24
18.9 3.95112e-24
19 4.17747e-24
19.1 4.27863e-24
19.2 4.3798e-24
19.3 4.48096e-24
19.4 4.58212e-24
19.5 4.68328e-24
19.6 4.57461e-24
19.7 4.46594e-24
19.8 4.35727e-24
19.9 4.2486e-24
20 4.13993e-24
20.1 3.9808e-24
20.2 3.82166e-24
20.3 3.66253e-24
20.4 3.50339e-24
20.5 3.34426e-24
20.6 3.23468e-24
20.7 3.1251e-24
20.8 3.01552e-24
20.9 2.90595e-24
21 2.79637e-24
21.1 2.74015e-24
21.2 2.68392e-24
21.3 2.6277e-24
21.4 2.57148e-24
21.5 2.51526e-24
21.6 2.49625e-24
21.7 2.47725e-24
21.8 2.45824e-24
21.9 2.43924e-24
22 2.42023e-24
22.1 2.4266e-24
22.2 2.43296e-24
22.3 2.43933e-24
22.4 2.4457e-24
22.5 2.45206e-24
22.6 2.47882e-24
22.7 2.50558e-24
22.8 2.53234e-24
22.9 2.5591e-24
23 2.58586e-24
23.1 2.633e-24
23.2 2.68014e-24
23.3 2.72728e-24
23.4 2.77442e-24
23.5 2.82156e-24
23.6 2.88869e-24
23.7 2.95583e-24
23.8 3.02297e-24
23.9 3.09011e-24
24 3.15725e-24
24.1 3.2326e-24
24.2 3.30795e-24
24.3 3.3833e-24
24.4 3.45865e-24
24.5 3.534e-24
24.6 3.58523e-24
24.7 3.63646e-24
24.8 3.6877e-24
24.9 3.73893e-24
25 3.79016e-24
25.1 3.78246e-24
25.2 3.77476e-24
25.3 3.76706e-24
25.4 3.75936e-24
25.5 3.75166e-24
25.6 3.68573e-24
25.7 3.6198e-24
25.8 3.55387e-24
25.9 3.48794e-24
26 3.42201e-24
26.1 3.33005e-24
26.2 3.2381e-24
26.3 3.14615e-24
26.4 3.05419e-24
26.5 2.96224e-24
26.6 2.8726e-24
26.7 2.78295e-24
26.8 2.69331e-24
26.9 2.60367e-24
27 2.51403e-24
27.1 2.43834e-24
27.2 2.36265e-24
27.3 2.28696e-24
27.4 2.21127e-24
27.5 2.13558e-24
27.6 2.07513e-24
27.7 2.01467e-24
27.8 1.95422e-24
27.9 1.89377e-24
28 1.83332e-24
28.1 1.78418e-24
28.2 1.73504e-24
28.3 1.6859e-24
28.4 1.63676e-24
28.5 1.58762e-24
28.6 1.54911e-24
28.7 1.5106e-24
28.8 1.47209e-24
28.9 1.43358e-24
29 1.39506e-24
29.1 1.36355e-24
29.2 1.33203e-24
29.3 1.30052e-24
29.4 1.269e-24
29.5 1.23748e-24
29.6 1.21163e-24
29.7 1.18577e-24
29.8 1.15991e-24
29.9 1.13406e-24
30 1.1082e-24
30.1 1.08856e-24
30.2 1.06892e-24
30.3 1.04928e-24
30.4 1.02964e-24
30.5 1.01e-24
30.6 9.90573e-25
30.7 9.71148e-25
30.8 9.51724e-25
30.9 9.32299e-25
31 9.12874e-25
31.1 8.99045e-25
31.2 8.85215e-25
31.3 8.71385e-25
31.4 8.57555e-25
31.5 8.43725e-25
31.6 8.29895e-25
31.7 8.16066e-25
31.8 8.02236e-25
31.9 7.88406e-25
32 7.74576e-25
32.1 7.64371e-25
32.2 7.54167e-25
32.3 7.43962e-25
32.4 7.33757e-25
32.5 7.23552e-25
32.6 7.13348e-25
32.7 7.03143e-25
32.8 6.92938e-25
32.9 6.82733e-25
33 6.72528e-25
33.1 6.6486e-25
33.2 6.57191e-25
33.3 6.49522e-25
33.4 6.41853e-25
33.5 6.34185e-25
33.6 6.26516e-25
33.7 6.18847e-25
33.8 6.11178e-25
33.9 6.0351e-25
34 5.95841e-25
34.1 5.89934e-25
34.2 5.84026e-25
34.3 5.78119e-25
34.4 5.72212e-25
34.5 5.66305e-25
34.6 5.60398e-25
34.7 5.54491e-25
34.8 5.48584e-25
34.9 5.42677e-25
35 5.3677e-25
35.1 5.32122e-25
35.2 5.27474e-25
35.3 5.22826e-25
35.4 5.18179e-25
35.5 5.13531e-25
35.6 5.08883e-25
35.7 5.04235e-25
35.8 4.99588e-25
35.9 4.9494e-25
36 4.90292e-25
36.1 4.86567e-25
36.2 4.82842e-25
36.3 4.79117e-25
36.4 4.75392e-25
36.5 4.71667e-25
36.6 4.67942e-25
36.7 4.64217e-25
36.8 4.60492e-25
36.9 4.56767e-25
37 4.53042e-25
37.1 4.50011e-25
37.2 4.46979e-25
37.3 4.43948e-25
37.4 4.40917e-25
37.5 4.37885e-25
37.6 4.34854e-25
37.7 4.31822e-25
37.8 4.28791e-25
37.9 4.25759e-25
38 4.22728e-25
38.1 4.20227e-25
38.2 4.17727e-25
38.3 4.15226e-25
38.4 4.12725e-25
38.5 4.10224e-25
38.6 4.07724e-25
38.7 4.05223e-25
38.8 4.02722e-25
38.9 4.00221e-25
39 3.97721e-25
39.1 3.95632e-25
39.2 3.93543e-25
39.3 3.91454e-25
39.4 3.89365e-25
39.5 3.87276e-25
39.6 3.85187e-25
39.7 3.83098e-25
39.8 3.8101e-25
39.9 3.78921e-25
40 3.76832e-25
40.1 3.752e-25
40.2 3.73569e-25
40.3 3.71937e-25
40.4 3.70306e-25
40.5 3.68674e-25
40.6 3.67043e-25
40.7 3.65411e-25
40.8 3.6378e-25
40.9 3.62148e-25
41 3.60517e-25
41.1 3.58885e-25
41.2 3.57254e-25
41.3 3.55622e-25
41.4 3.53991e-25
41.5 3.52359e-25
41.6 3.50728e-25
41.7 3.49096e-25
41.8 3.47465e-25
41.9 3.45833e-25
42 3.44202e-25
42.1 3.42997e-25
42.2 3.41792e-25
42.3 3.40587e-25
42.4 3.39382e-25
42.5 3.38177e-25
42.6 3.36973e-25
42.7 3.35768e-25
42.8 3.34563e-25
42.9 3.33358e-25
43 3.32153e-25
43.1 3.30948e-25
43.2 3.29743e-25
43.3 3.28539e-25
43.4 3.27334e-25
43.5 3.26129e-25
43.6 3.24924e-25
43.7 3.23719e-25
43.8 3.22514e-25
43.9 3.2131e-25
44 3.20105e-25
44.1 3.19158e-25
44.2 3.18211e-25
44.3 3.17265e-25
44.4 3.16318e-25
44.5 3.15371e-25
44.6 3.14425e-25
44.7 3.13478e-25
44.8 3.12531e-25
44.9 3.11585e-25
45 3.10638e-25
45.1 3.09691e-25
45.2 3.08745e-25
45.3 3.07798e-25
45.4 3.06851e-25
45.5 3.05904e-25
45.6 3.04958e-25
45.7 3.04011e-25
45.8 3.03064e-25
45.9 3.02118e-25
46 3.01171e-25
46.1 3.00441e-25
46.2 2.99711e-25
46.3 2.98981e-25
46.4 2.98251e-25
46.5 2.9752e-25
46.6 2.9679e-25
46.7 2.9606e-25
46.8 2.9533e-25
46.9 2.946e-25
47 2.9387e-25
47.1 2.93139e-25
47.2 2.92409e-25
47.3 2.91679e-25
47.4 2.90949e-25
47.5 2.90219e-25
47.6 2.89489e-25
47.7 2.88759e-25
47.8 2.88028e-25
47.9 2.87298e-25
48 2.86568e-25
48.1 2.85994e-25
48.2 2.85419e-25
48.3 2.84844e-25
48.4 2.8427e-25
48.5 2.83695e-25
48.6 2.8312e-25
48.7 2.82546e-25
48.8 2.81971e-25
48.9 2.81396e-25
49 2.80822e-25
49.1 2.80247e-25
49.2 2.79672e-25
49.3 2.79098e-25
49.4 2.78523e-25
49.5 2.77949e-25
49.6 2.77374e-25
49.7 2.76799e-25
49.8 2.76225e-25
49.9 2.7565e-25
50 2.75075e-25
50.1 2.74613e-25
50.2 2.74151e-25
50.3 2.73688e-25
50.4 2.73226e-25
50.5 2.72764e-25
50.6 2.72301e-25
50.7 2.71839e-25
50.8 2.71377e-25
50.9 2.70914e-25
51 2.70452e-25
51.1 2.6999e-25
51.2 2.69527e-25
51.3 2.69065e-25
51.4 2.68603e-25
51.5 2.6814e-25
51.6 2.67678e-25
51.7 2.67216e-25
51.8 2.66753e-25
51.9 2.66291e-25
52 2.65829e-25
52.1 2.6545e-25
52.2 2.65071e-25
52.3 2.64692e-25
52.4 2.64313e-25
52.5 2.63934e-25
52.6 2.63555e-25
52.7 2.63176e-25
52.8 2.62797e-25
52.9 2.62418e-25
53 2.62039e-25
53.1 2.6166e-25
53.2 2.61281e-25
53.3 2.60902e-25
53.4 2.60523e-25
53.5 2.60144e-25
53.6 2.59765e-25
53.7 2.59386e-25
53.8 2.59007e-25
53.9 2.58628e-25
54 2.58249e-25
54.1 2.57931e-25
54.2 2.57614e-25
54.3 2.57297e-25
54.4 2.56979e-25
54.5 2.56662e-25
54.6 2.56345e-25
54.7 2.56028e-25
54.8 2.5571e-25
54.9 2.55393e-25
55 2.55076e-25
55.1 2.54758e-25
55.2 2.54441e-25
55.3 2.54124e-25
55.4 2.53806e-25
55.5 2.53489e-25
55.6 2.53172e-25
55.7 2.52854e-25
55.8 2.52537e-25
55.9 2.5222e-25
56 2.51903e-25
56.1 2.51631e-25
56.2 2.5136e-25
56.3 2.51089e-25
56.4 2.50818e-25
56.5 2.50547e-25
56.6 2.50276e-25
56.7 2.50005e-25
56.8 2.49733e-25
56.9 2.49462e-25
57 2.49191e-25
57.1 2.4892e-25
57.2 2.48649e-25
57.3 2.48378e-25
57.4 2.48107e-25
57.5 2.47836e-25
57.6 2.47564e-25
57.7 2.47293e-25
57.8 2.47022e-25
57.9 2.46751e-25
58 2.4648e-25
58.1 2.46244e-25
58.2 2.46007e-25
58.3 2.45771e-25
58.4 2.45535e-25
58.5 2.45298e-25
58.6 2.45062e-25
58.7 2.44826e-25
58.8 2.4459e-25
58.9 2.44353e-25
59 2.44117e-25
59.1 2.43881e-25
59.2 2.43645e-25
59.3 2.43408e-25
59.4 2.43172e-25
59.5 2.42936e-25
59.6 2.42699e-25
59.7 2.42463e-25
59.8 2.42227e-25
59.9 2.41991e-25
60 2.41754e-25
60.1 2.41547e-25
60.2 2.41339e-25
60.3 2.41132e-25
60.4 2.40924e-25
60.5 2.40717e-25
60.6 2.40509e-25
60.7 2.40302e-25
60.8 2.40094e-25
60.9 2.39887e-25
61 2.39679e-25
61.1 2.39472e-25
61.2 2.39265e-25
61.3 2.39057e-25
61.4 2.3885e-25
61.5 2.38642e-25
61.6 2.38435e-25
61.7 2.38227e-25
61.8 2.3802e-25
61.9 2.37812e-25
62 2.37605e-25
62.1 2.37412e-25
62.2 2.3722e-25
62.3 2.37027e-25
62.4 2.36835e-25
62.5 2.36643e-25
62.6 2.3645e-25
62.7 2.36258e-25
62.8 2.36066e-25
62.9 2.35873e-25
63 2.35681e-25
63.1 2.35488e-25
63.2 2.35296e-25
63.3 2.35104e-25
63.4 2.34911e-25
63.5 2.34719e-25
63.6 2.34526e-25
63.7 2.34334e-25
63.8 2.34142e-25
63.9 2.33949e-25
64 2.33757e-25
64.1 2.3358e-25
64.2 2.33403e-25
64.3 2.33226e-25
64.4 2.33049e-25
64.5 2.32872e-25
64.6 2.32695e-25
64.7 2.32518e-25
64.8 2.32341e-25
64.9 2.32164e-25
65 2.31987e-25
65.1 2.31809e-25
65.2 2.31632e-25
65.3 2.31455e-25
65.4 2.31278e-25
65.5 2.31101e-25
65.6 2.30924e-25
65.7 2.30747e-25
65.8 2.3057e-25
65.9 2.30393e-25
66 2.30216e-25
66.1 2.3005e-25
66.2 2.29884e-25
66.3 2.29718e-25
66.4 2.29552e-25
66.5 2.29386e-25
66.6 2.2922e-25
66.7 2.29054e-25
66.8 2.28888e-25
66.9 2.28722e-25
67 2.28556e-25
67.1 2.2839e-25
67.2 2.28224e-25
67.3 2.28058e-25
67.4 2.27892e-25
67.5 2.27726e-25
67.6 2.2756e-25
67.7 2.27394e-25
67.8 2.27228e-25
67.9 2.27061e-25
68 2.26895e-25
68.1 2.26739e-25
68.2 2.26583e-25
68.3 2.26427e-25
68.4 2.26271e-25
68.5 2.26114e-25
68.6 2.25958e-25
68.7 2.25802e-25
68.8 2.25646e-25
68.9 2.2549e-25
69 2.25333e-25
69.1 2.25177e-25
69.2 2.25021e-25
69.3 2.24865e-25
69.4 2.24709e-25
69.5 2.24552e-25
69.6 2.24396e-25
69.7 2.2424e-25
69.8 2.24084e-25
69.9 2.23928e-25
70 2.23771e-25
70.1 2.23622e-25
70.2 2.23473e-25
70.3 2.23323e-25
70.4 2.23174e-25
70.5 2.23025e-25
70.6 2.22875e-25
70.7 2.22726e-25
70.8 2.22576e-25
70.9 2.22427e-25
71 2.22278e-25
71.1 2.22128e-25
71.2 2.21979e-25
71.3 2.21829e-25
71.4 2.2168e-25
71.5 2.21531e-25
71.6 2.21381e-25
71.7 2.21232e-25
71.8 2.21083e-25
71.9 2.20933e-25
72 2.20784e-25
72.1 2.20634e-25
72.2 2.20485e-25
72.3 2.20336e-25
72.4 2.20186e-25
72.5 2.20037e-25
72.6 2.19888e-25
72.7 2.19738e-25
72.8 2.19589e-25
72.9 2.19439e-25
73 2.1929e-25
73.1 2.19141e-25
73.2 2.18991e-25
73.3 2.18842e-25
73.4 2.18692e-25
73.5 2.18543e-25
73.6 2.18394e-25
73.7 2.18244e-25
73.8 2.18095e-25
73.9 2.17946e-25
74 2.17796e-25
74.1 2.17647e-25
74.2 2.17497e-25
74.3 2.17348e-25
74.4 2.17199e-25
74.5 2.17049e-25
74.6 2.169e-25
74.7 2.16751e-25
74.8 2.16601e-25
74.9 2.16452e-25
75 2.16302e-25
75.1 2.16159e-25
75.2 2.16016e-25
75.3 2.15872e-25
75.4 2.15729e-25
75.5 2.15585e-25
75.6 2.15442e-25
75.7 2.15299e-25
75.8 2.15155e-25
75.9 2.15012e-25
76 2.14868e-25
76.1 2.14725e-25
76.2 2.14582e-25
76.3 2.14438e-25
76.4 2.14295e-25
76.5 2.14151e-25
76.6 2.14008e-25
76.7 2.13865e-25
76.8 2.13721e-25
76.9 2.13578e-25
77 2.13434e-25
77.1 2.13291e-25
77.2 2.13148e-25
77.3 2.13004e-25
77.4 2.12861e-25
77.5 2.12717e-25
77.6 2.12574e-25
77.7 2.12431e-25
77.8 2.12287e-25
77.9 2.12144e-25
78 2.12e-25
78.1 2.11857e-25
78.2 2.11714e-25
78.3 2.1157e-25
78.4 2.11427e-25
78.5 2.11283e-25
78.6 2.1114e-25
78.7 2.10997e-25
78.8 2.10853e-25
78.9 2.1071e-25
79 2.10566e-25
79.1 2.10423e-25
79.2 2.1028e-25
79.3 2.10136e-25
79.4 2.09993e-25
79.5 2.09849e-25
79.6 2.09706e-25
79.7 2.09563e-25
79.8 2.09419e-25
79.9 2.09276e-25
80 2.09132e-25
80.1 2.08991e-25
80.2 2.08849e-25
80.3 2.08707e-25
80.4 2.08565e-25
80.5 2.08423e-25
80.6 2.08281e-25
80.7 2.08139e-25
80.8 2.07997e-25
80.9 2.07855e-25
81 2.07713e-25
81.1 2.07571e-25
81.2 2.07429e-25
81.3 2.07287e-25
81.4 2.07145e-25
81.5 2.07003e-25
81.6 2.06861e-25
81.7 2.06719e-25
81.8 2.06577e-25
81.9 2.06435e-25
82 2.06293e-25
82.1 2.06151e-25
82.2 2.0601e-25
82.3 2.05868e-25
82.4 2.05726e-25
82.5 2.05584e-25
82.6 2.05442e-25
82.7 2.053e-25
82.8 2.05158e-25
82.9 2.05016e-25
83 2.04874e-25
83.1 2.04732e-25
83.2 2.0459e-25
83.3 2.04448e-25
83.4 2.04306e-25
83.5 2.04164e-25
83.6 2.04022e-25
83.7 2.0388e-25
83.8 2.03738e-25
83.9 2.03596e-25
84 2.03454e-25
84.1 2.03312e-25
84.2 2.0317e-25
84.3 2.03029e-25
84.4 2.02887e-25
84.5 2.02745e-25
84.6 2.02603e-25
84.7 2.02461e-25
84.8 2.02319e-25
84.9 2.02177e-25
85 2.02035e-25
85.1 2.0189e-25
85.2 2.01745e-25
85.3 2.016e-25
85.4 2.01455e-25
85.5 2.0131e-25
85.6 2.01165e-25
85.7 2.0102e-25
85.8 2.00875e-25
85.9 2.00731e-25
86 2.00586e-25
86.1 2.00441e-25
86.2 2.00296e-25
86.3 2.00151e-25
86.4 2.00006e-25
86.5 1.99861e-25
86.6 1.99716e-25
86.7 1.99571e-25
86.8 1.99426e-25
86.9 1.99281e-25
87 1.99136e-25
87.1 1.98991e-25
87.2 1.98847e-25
87.3 1.98702e-25
87.4 1.98557e-25
87.5 1.98412e-25
87.6 1.98267e-25
87.7 1.98122e-25
87.8 1.97977e-25
87.9 1.97832e-25
88 1.97687e-25
88.1 1.97542e-25
88.2 1.97397e-25
88.3 1.97252e-25
88.4 1.97107e-25
88.5 1.96962e-25
88.6 1.96818e-25
88.7 1.96673e-25
88.8 1.96528e-25
88.9 1.96383e-25
89 1.96238e-25
89.1 1.96093e-25
89.2 1.95948e-25
89.3 1.95803e-25
89.4 1.95658e-25
89.5 1.95513e-25
89.6 1.95368e-25
89.7 1.95223e-25
89.8 1.95078e-25
89.9 1.94933e-25
90 1.94789e-25
90.1 1.94643e-25
90.2 1.94498e-25
90.3 1.94353e-25
90.4 1.94207e-25
90.5 1.94062e-25
90.6 1.93916e-25
90.7 1.93771e-25
90.8 1.93626e-25
90.9 1.9348e-25
91 1.93335e-25
91.1 1.9319e-25
91.2 1.93044e-25
91.3 1.92899e-25
91.4 1.92754e-25
91.5 1.92608e-25
91.6 1.92463e-25
91.7 1.92318e-25
91.8 1.92172e-25
91.9 1.92027e-25
92 1.91881e-25
92.1 1.91736e-25
92.2 1.91591e-25
92.3 1.91445e-25
92.4 1.913e-25
92.5 1.91155e-25
92.6 1.91009e-25
92.7 1.90864e-25
92.8 1.90719e-25
92.9 1.90573e-25
93 1.90428e-25
93.1 1.90283e-25
93.2 1.90137e-25
93.3 1.89992e-25
93.4 1.89847e-25
93.5 1.89701e-25
93.6 1.89556e-25
93.7 1.8941e-25
93.8 1.89265e-25
93.9 1.8912e-25
94 1.88974e-25
94.1 1.88829e-25
94.2 1.88684e-25
94.3 1.88538e-25
94.4 1.88393e-25
94.5 1.88248e-25
94.6 1.88102e-25
94.7 1.87957e-25
94.8 1.87812e-25
94.9 1.87666e-25
95 1.87521e-25
95.1 1.87375e-25
95.2 1.8723e-25
95.3 1.87084e-25
95.4 1.86939e-25
95.5 1.86793e-25
95.6 1.86648e-25
95.7 1.86502e-25
95.8 1.86356e-25
95.9 1.86211e-25
96 1.86065e-25
96.1 1.8592e-25
96.2 1.85774e-25
96.3 1.85629e-25
96.4 1.85483e-25
96.5 1.85338e-25
96.6 1.85192e-25
96.7 1.85047e-25
96.8 1.84901e-25
96.9 1.84755e-25
97 1.8461e-25
97.1 1.84464e-25
97.2 1.84319e-25
97.3 1.84173e-25
97.4 1.84028e-25
97.5 1.83882e-25
97.6 1.83737e-25
97.7 1.83591e-25
97.8 1.83446e-25
97.9 1.833e-25
98 1.83154e-25
98.1 1.83009e-25
98.2 1.82863e-25
98.3 1.82718e-25
98.4 1.82572e-25
98.5 1.82427e-25
98.6 1.82281e-25
98.7 1.82136e-25
98.8 1.8199e-25
98.9 1.81845e-25
99 1.81699e-25
99.1 1.81553e-25
99.2 1.81408e-25
99.3 1.81262e-25
99.4 1.81117e-25
99.5 1.80971e-25
99.6 1.80826e-25
99.7 1.8068e-25
99.8 1.80535e-25
99.9 1.80389e-25
100 1.80244e-25
100.1 1.80098e-25
100.2 1.79953e-25
100.3 1.79808e-25
100.4 1.79662e-25
100.5 1.79517e-25
100.6 1.79372e-25
100.7 1.79226e-25
100.8 1.79081e-25
100.9 1.78936e-25
101 1.78791e-25
101.1 1.78645e-25
101.2 1.785e-25
101.3 1.78355e-25
101.4 1.78209e-25
101.5 1.78064e-25
101.6 1.77919e-25
101.7 1.77774e-25
101.8 1.77628e-25
101.9 1.77483e-25
102 1.77338e-25
102.1 1.77192e-25
102.2 1.77047e-25
102.3 1.76902e-25
102.4 1.76756e-25
102.5 1.76611e-25
102.6 1.76466e-25
102.7 1.76321e-25
102.8 1.76175e-25
102.9 1.7603e-25
103 1.75885e-25
103.1 1.75739e-25
103.2 1.75594e-25
103.3 1.75449e-25
103.4 1.75303e-25
103.5 1.75158e-25
103.6 1.75013e-25
103.7 1.74868e-25
103.8 1.74722e-25
103.9 1.74577e-25
104 1.74432e-25
104.1 1.74286e-25
104.2 1.74141e-25
104.3 1.73996e-25
104.4 1.7385e-25
104.5 1.73705e-25
104.6 1.7356e-25
104.7 1.73415e-25
104.8 1.73269e-25
104.9 1.73124e-25
105 1.72979e-25
105.1 1.72836e-25
105.2 1.72692e-25
105.3 1.72549e-25
105.4 1.72406e-25
105.5 1.72263e-25
105.6 1.7212e-25
105.7 1.71977e-25
105.8 1.71833e-25
105.9 1.7169e-25
106 1.71547e-25
106.1 1.71404e-25
106.2 1.71261e-25
106.3 1.71118e-25
106.4 1.70975e-25
106.5 1.70831e-25
106.6 1.70688e-25
106.7 1.70545e-25
106.8 1.70402e-25
106.9 1.70259e-25
107 1.70116e-25
107.1 1.69972e-25
107.2 1.69829e-25
107.3 1.69686e-25
107.4 1.69543e-25
107.5 1.694e-25
107.6 1.69257e-25
107.7 1.69114e-25
107.8 1.6897e-25
107.9 1.68827e-25
108 1.68684e-25
108.1 1.68541e-25
108.2 1.68398e-25
108.3 1.68255e-25
108.4 1.68111e-25
108.5 1.67968e-25
108.6 1.67825e-25
108.7 1.67682e-25
108.8 1.67539e-25
108.9 1.67396e-25
109 1.67253e-25
109.1 1.67109e-25
109.2 1.66966e-25
109.3 1.66823e-25
109.4 1.6668e-25
109.5 1.66537e-25
109.6 1.66394e-25
109.7 1.6625e-25
109.8 1.66107e-25
109.9 1.65964e-25
110 1.65821e-25
110.1 1.65682e-25
110.2 1.65544e-25
110.3 1.65405e-25
110.4 1.65267e-25
110.5 1.65128e-25
110.6 1.6499e-25
110.7 1.64851e-25
110.8 1.64712e-25
110.9 1.64574e-25
111 1.64435e-25
111.1 1.64297e-25
111.2 1.64158e-25
111.3 1.6402e-25
111.4 1.63881e-25
111.5 1.63742e-25
111.6 1.63604e-25
111.7 1.63465e-25
111.8 1.63327e-25
111.9 1.63188e-25
112 1.6305e-25
112.1 1.62911e-25
112.2 1.62772e-25
112.3 1.62634e-25
112.4 1.62495e-25
112.5 1.62357e-25
112.6 1.62218e-25
112.7 1.6208e-25
112.8 1.61941e-25
112.9 1.61802e-25
113 1.61664e-25
113.1 1.61525e-25
113.2 1.61387e-25
113.3 1.61248e-25
113.4 1.6111e-25
113.5 1.60971e-25
113.6 1.60833e-25
113.7 1.60694e-25
113.8 1.60555e-25
113.9 1.60417e-25
114 1.60278e-25
114.1 1.6014e-25
114.2 1.60001e-25
114.3 1.59863e-25
114.4 1.59724e-25
114.5 1.59585e-25
114.6 1.59447e-25
114.7 1.59308e-25
114.8 1.5917e-25
114.9 1.59031e-25
115 1.58893e-25
115.1 1.58758e-25
115.2 1.58623e-25
115.3 1.58489e-25
115.4 1.58354e-25
115.5 1.58219e-25
115.6 1.58085e-25
115.7 1.5795e-25
115.8 1.57815e-25
115.9 1.57681e-25
116 1.57546e-25
116.1 1.57411e-25
116.2 1.57277e-25
116.3 1.57142e-25
116.4 1.57007e-25
116.5 1.56873e-25
116.6 1.56738e-25
116.7 1.56603e-25
116.8 1.56469e-25
116.9 1.56334e-25
117 1.56199e-25
117.1 1.56065e-25
117.2 1.5593e-25
117.3 1.55796e-25
117.4 1.55661e-25
117.5 1.55526e-25
117.6 1.55392e-25
117.7 1.55257e-25
117.8 1.55122e-25
117.9 1.54988e-25
118 1.54853e-25
118.1 1.54718e-25
118.2 1.54584e-25
118.3 1.54449e-25
118.4 1.54314e-25
118.5 1.5418e-25
118.6 1.54045e-25
118.7 1.5391e-25
118.8 1.53776e-25
118.9 1.53641e-25
119 1.53506e-25
119.1 1.53372e-25
119.2 1.53237e-25
119.3 1.53102e-25
119.4 1.52968e-25
119.5 1.52833e-25
119.6 1.52698e-25
119.7 1.52564e-25
119.8 1.52429e-25
119.9 1.52295e-25
120 1.5216e-25
120.1 1.52033e-25
120.2 1.51906e-25
120.3 1.5178e-25
120.4 1.51653e-25
120.5 1.51526e-25
120.6 1.514e-25
120.7 1.51273e-25
120.8 1.51146e-25
120.9 1.51019e-25
121 1.50893e-25
121.1 1.50766e-25
121.2 1.50639e-25
121.3 1.50512e-25
121.4 1.50386e-25
121.5 1.50259e-25
121.6 1.50132e-25
121.7 1.50006e-25
121.8 1.49879e-25
121.9 1.49752e-25
122 1.49625e-25
122.1 1.49499e-25
122.2 1.49372e-25
122.3 1.49245e-25
122.4 1.49118e-25
122.5 1.48992e-25
122.6 1.48865e-25
122.7 1.48738e-25
122.8 1.48612e-25
122.9 1.48485e-25
123 1.48358e-25
123.1 1.48231e-25
123.2 1.48105e-25
123.3 1.47978e-25
123.4 1.47851e-25
123.5 1.47725e-25
123.6 1.47598e-25
123.7 1.47471e-25
123.8 1.47344e-25
123.9 1.47218e-25
124 1.47091e-25
124.1 1.46964e-25
124.2 1.46837e-25
124.3 1.46711e-25
124.4 1.46584e-25
124.5 1.46457e-25
124.6 1.46331e-25
124.7 1.46204e-25
124.8 1.46077e-25
124.9 1.4595e-25
125 1.45824e-25
125.1 1.45706e-25
125.2 1.45589e-25
125.3 1.45472e-25
125.4 1.45355e-25
125.5 1.45238e-25
125.6 1.45121e-25
125.7 1.45004e-25
125.8 1.44886e-25
125.9 1.44769e-25
126 1.44652e-25
126.1 1.44535e-25
126.2 1.44418e-25
126.3 1.44301e-25
126.4 1.44184e-25
126.5 1.44066e-25
126.6 1.43949e-25
126.7 1.43832e-25
126.8 1.43715e-25
126.9 1.43598e-25
127 1.43481e-25
127.1 1.43363e-25
127.2 1.43246e-25
127.3 1.43129e-25
127.4 1.43012e-25
127.5 1.42895e-25
127.6 1.42778e-25
127.7 1.42661e-25
127.8 1.42543e-25
127.9 1.42426e-25
128 1.42309e-25
128.1 1.42192e-25
128.2 1.42075e-25
128.3 1.41958e-25
128.4 1.4184e-25
128.5 1.41723e-25
128.6 1.41606e-25
128.7 1.41489e-25
128.8 1.41372e-25
128.9 1.41255e-25
129 1.41138e-25
129.1 1.4102e-25
129.2 1.40903e-25
129.3 1.40786e-25
129.4 1.40669e-25
129.5 1.40552e-25
129.6 1.40435e-25
129.7 1.40317e-25
129.8 1.402e-25
129.9 1.40083e-25
130 1.39966e-25
