9.9444 130 242
242
9.9444 0
10 1.4227e-26
10.5 1.1605e-25
11 2.1135e-25
11.5 3.0664e-25
12 4.0194e-25
12.5 5.7931e-25
13 7.6247e-25
13.5 9.4564e-25
14 1.1288e-24
14.5 1.5808e-24
15 2.0328e-24
15.5 2.4848e-24
16 2.974e-24
16.5 3.7814e-24
17 4.7712e-24
17.5 5.8128e-24
18 6.9869e-24
18.5 8.1884e-24
19 9.2271e-24
19.5 9.8708e-24
20 9.9598e-24
20.5 9.5068e-24
21 8.6786e-24
21.5 7.6858e-24
22 6.691e-24
22.5 5.7842e-24
23 4.9989e-24
23.5 4.3367e-24
24 3.7853e-24
24.5 3.3279e-24
25 2.9481e-24
25.5 2.6315e-24
26 2.3662e-24
26.5 2.1424e-24
27 1.9526e-24
27.5 1.7905e-24
28 1.6512e-24
28.5 1.5307e-24
29 1.426e-24
29.5 1.3344e-24
30 1.254e-24
30.5 1.1832e-24
31 1.1205e-24
31.5 1.0648e-24
32 1.0151e-24
32.5 9.7067e-25
33 9.3076e-25
33.5 8.9482e-25
34 8.6236e-25
34.5 8.3298e-25
35 8.0631e-25
35.5 7.8205e-25
36 7.5993e-25
36.5 7.3972e-25
37 7.2122e-25
37.5 7.0426e-25
38 6.8867e-25
38.5 6.7433e-25
39 6.6111e-25
39.5 6.4891e-25
40 6.3762e-25
40.5 6.2718e-25
41 6.175e-25
41.5 6.0851e-25
42 6.0015e-25
42.5 5.9237e-25
43 5.8512e-25
43.5 5.7836e-25
44 5.7204e-25
44.5 5.6613e-25
45 5.606e-25
45.5 5.5541e-25
46 5.5054e-25
46.5 5.4596e-25
47 5.4165e-25
47.5 5.3759e-25
48 5.3376e-25
48.5 5.3015e-25
49 5.2673e-25
49.5 5.2349e-25
50 5.2042e-25
50.5 5.175e-25
51 5.1473e-25
51.5 5.1209e-25
52 5.0957e-25
52.5 5.0716e-25
53 5.0486e-25
53.5 5.0266e-25
54 5.0055e-25
54.5 4.9852e-25
55 4.9656e-25
55.5 4.9468e-25
56 4.9287e-25
56.5 4.9111e-25
57 4.8941e-25
57.5 4.8776e-25
58 4.8615e-25
58.5 4.8459e-25
59 4.8308e-25
59.5 4.8159e-25
60 4.8014e-25
60.5 4.7872e-25
61 4.7733e-25
61.5 4.7596e-25
62 4.7462e-25
62.5 4.733e-25
63 4.7199e-25
63.5 4.7071e-25
64 4.6943e-25
64.5 4.6817e-25
65 4.6693e-25
65.5 4.6569e-25
66 4.6446e-25
66.5 4.6324e-25
67 4.6203e-25
67.5 4.6082e-25
68 4.5962e-25
68.5 4.5842e-25
69 4.5722e-25
69.5 4.5602e-25
70 4.5483e-25
70.5 4.5363e-25
71 4.5244e-25
71.5 4.5124e-25
72 4.5005e-25
72.5 4.4885e-25
73 4.4765e-25
73.5 4.4644e-25
74 4.4523e-25
74.5 4.4402e-25
75 4.4281e-25
75.5 4.4159e-25
76 4.4036e-25
76.5 4.3914e-25
77 4.379e-25
77.5 4.3666e-25
78 4.3542e-25
78.5 4.3417e-25
79 4.3291e-25
79.5 4.3165e-25
80 4.3039e-25
80.5 4.2911e-25
81 4.2783e-25
81.5 4.2655e-25
82 4.2526e-25
82.5 4.2396e-25
83 4.2266e-25
83.5 4.2135e-25
84 4.2003e-25
84.5 4.1871e-25
85 4.1739e-25
85.5 4.1605e-25
86 4.1472e-25
86.5 4.1337e-25
87 4.1202e-25
87.5 4.1067e-25
88 4.0931e-25
88.5 4.0794e-25
89 4.0657e-25
89.5 4.0519e-25
90 4.0381e-25
90.5 4.0242e-25
91 4.0103e-25
91.5 3.9964e-25
92 3.9824e-25
92.5 3.9683e-25
93 3.9542e-25
93.5 3.9401e-25
94 3.926e-25
94.5 3.9118e-25
95 3.8975e-25
95.5 3.8833e-25
96 3.869e-25
96.5 3.8546e-25
97 3.8403e-25
97.5 3.8259e-25
98 3.8115e-25
98.5 3.7971e-25
99 3.7826e-25
99.5 3.7682e-25
100 3.7537e-25
100.5 3.7392e-25
101 3.7247e-25
101.5 3.7102e-25
102 3.6957e-25
102.5 3.6811e-25
103 3.6666e-25
103.5 3.6521e-25
104 3.6376e-25
104.5 3.623e-25
105 3.6085e-25
105.5 3.594e-25
106 3.5795e-25
106.5 3.565e-25
107 3.5505e-25
107.5 3.536e-25
108 3.5216e-25
108.5 3.5071e-25
109 3.4927e-25
109.5 3.4783e-25
110 3.4639e-25
110.5 3.4496e-25
111 3.4353e-25
111.5 3.421e-25
112 3.4068e-25
112.5 3.3926e-25
113 3.3784e-25
113.5 3.3643e-25
114 3.3502e-25
114.5 3.3362e-25
115 3.3222e-25
115.5 3.3082e-25
116 3.2943e-25
116.5 3.2805e-25
117 3.2667e-25
117.5 3.253e-25
118 3.2393e-25
118.5 3.2257e-25
119 3.2122e-25
119.5 3.1987e-25
120 3.1853e-25
120.5 3.172e-25
121 3.1587e-25
121.5 3.1455e-25
122 3.1324e-25
122.5 3.1194e-25
123 3.1064e-25
123.5 3.0936e-25
124 3.0808e-25
124.5 3.0681e-25
125 3.0555e-25
125.5 3.043e-25
126 3.0306e-25
126.5 3.0182e-25
127 3.006e-25
127.5 2.9939e-25
128 2.9818e-25
128.5 2.9699e-25
129 2.9581e-25
129.5 2.9464e-25
130 2.9348e-25
