0.5 130 260
260
0.5 0
1 3.03322e-27
1.5 8.67448e-27
2 1.89892e-26
2.5 3.58258e-26
3 6.15471e-26
3.5 9.92637e-26
4 1.53166e-25
4.5 2.28977e-25
5 3.34474e-25
5.5 4.79845e-25
6 6.77242e-25
6.5 9.39662e-25
7 1.28435e-24
7.5 1.75111e-24
8 2.43215e-24
8.5 3.4991e-24
9 5.1753e-24
9.5 7.4036e-24
10 9.76353e-24
10.5 1.2703e-23
11 1.75246e-23
11.5 2.47605e-23
12 3.2752e-23
12.5 3.68875e-23
13 3.51312e-23
13.5 3.12651e-23
14 2.89314e-23
14.5 2.92724e-23
15 3.1767e-23
15.5 3.41846e-23
16 3.35282e-23
16.5 2.9425e-23
17 2.41475e-23
17.5 1.94439e-23
18 1.57739e-23
18.5 1.30196e-23
19 1.09533e-23
19.5 9.38091e-24
20 8.16177e-24
20.5 7.27824e-24
21 6.3947e-24
21.5 5.80258e-24
22 5.21045e-24
22.5 4.79122e-24
23 4.37199e-24
23.5 4.0623e-24
24 3.75262e-24
24.5 3.51627e-24
25 3.27992e-24
25.5 3.09497e-24
26 2.91002e-24
26.5 2.76247e-24
27 2.61493e-24
27.5 2.49548e-24
28 2.37604e-24
28.5 2.27828e-24
29 2.18052e-24
29.5 2.09984e-24
30 2.01917e-24
30.5 1.95779e-24
31 1.89642e-24
31.5 1.83504e-24
32 1.77366e-24
32.5 1.73089e-24
33 1.68812e-24
33.5 1.64536e-24
34 1.60259e-24
34.5 1.57274e-24
35 1.54289e-24
35.5 1.51304e-24
36 1.4832e-24
36.5 1.46253e-24
37 1.44185e-24
37.5 1.42118e-24
38 1.40051e-24
38.5 1.38643e-24
39 1.37235e-24
39.5 1.35827e-24
40 1.34419e-24
40.5 1.33486e-24
41 1.32553e-24
41.5 1.31619e-24
42 1.30686e-24
42.5 1.30093e-24
43 1.295e-24
43.5 1.28907e-24
44 1.28314e-24
44.5 1.27963e-24
45 1.27612e-24
45.5 1.27261e-24
46 1.2691e-24
46.5 1.26728e-24
47 1.26546e-24
47.5 1.26363e-24
48 1.26181e-24
48.5 1.26114e-24
49 1.26046e-24
49.5 1.25978e-24
50 1.25911e-24
50.5 1.25917e-24
51 1.25924e-24
51.5 1.2593e-24
52 1.25937e-24
52.5 1.25988e-24
53 1.26039e-24
53.5 1.2609e-24
54 1.26141e-24
54.5 1.26215e-24
55 1.26288e-24
55.5 1.26361e-24
56 1.26435e-24
56.5 1.26514e-24
57 1.26594e-24
57.5 1.26673e-24
58 1.26753e-24
58.5 1.26827e-24
59 1.26901e-24
59.5 1.26975e-24
60 1.27049e-24
60.5 1.27109e-24
61 1.27168e-24
61.5 1.27228e-24
62 1.27288e-24
62.5 1.27328e-24
63 1.27368e-24
63.5 1.27408e-24
64 1.27447e-24
64.5 1.27463e-24
65 1.27479e-24
65.5 1.27495e-24
66 1.27511e-24
66.5 1.275e-24
67 1.27489e-24
67.5 1.27478e-24
68 1.27467e-24
68.5 1.27429e-24
69 1.2739e-24
69.5 1.27351e-24
70 1.27312e-24
70.5 1.27244e-24
71 1.27177e-24
71.5 1.27109e-24
72 1.27041e-24
72.5 1.26945e-24
73 1.26849e-24
73.5 1.26752e-24
74 1.26656e-24
74.5 1.26531e-24
75 1.26406e-24
75.5 1.26282e-24
76 1.26157e-24
76.5 1.26005e-24
77 1.25853e-24
77.5 1.25701e-24
78 1.25548e-24
78.5 1.2537e-24
79 1.25191e-24
79.5 1.25013e-24
80 1.24834e-24
80.5 1.24613e-24
81 1.24391e-24
81.5 1.2417e-24
82 1.23949e-24
82.5 1.23727e-24
83 1.23506e-24
83.5 1.23285e-24
84 1.23063e-24
84.5 1.22842e-24
85 1.22621e-24
85.5 1.22346e-24
86 1.22071e-24
86.5 1.21796e-24
87 1.21521e-24
87.5 1.21247e-24
88 1.20972e-24
88.5 1.20697e-24
89 1.20422e-24
89.5 1.20148e-24
90 1.19873e-24
90.5 1.19555e-24
91 1.19237e-24
91.5 1.18919e-24
92 1.18601e-24
92.5 1.18283e-24
93 1.17965e-24
93.5 1.17646e-24
94 1.17328e-24
94.5 1.1701e-24
95 1.16692e-24
95.5 1.16342e-24
96 1.15991e-24
96.5 1.1564e-24
97 1.15289e-24
97.5 1.14938e-24
98 1.14587e-24
98.5 1.14236e-24
99 1.13886e-24
99.5 1.13535e-24
100 1.13184e-24
100.5 1.12804e-24
101 1.12425e-24
101.5 1.12045e-24
102 1.11666e-24
102.5 1.11286e-24
103 1.10906e-24
103.5 1.10527e-24
104 1.10147e-24
104.5 1.09768e-24
105 1.09388e-24
105.5 1.09008e-24
106 1.08629e-24
106.5 1.08249e-24
107 1.0787e-24
107.5 1.0749e-24
108 1.0711e-24
108.5 1.06731e-24
109 1.06351e-24
109.5 1.05972e-24
110 1.05592e-24
110.5 1.05206e-24
111 1.0482e-24
111.5 1.04435e-24
112 1.04049e-24
112.5 1.03663e-24
113 1.03277e-24
113.5 1.02891e-24
114 1.02506e-24
114.5 1.0212e-24
115 1.01734e-24
115.5 1.01348e-24
116 1.00962e-24
116.5 1.00577e-24
117 1.00191e-24
117.5 9.98051e-25
118 9.94193e-25
118.5 9.90335e-25
119 9.86478e-25
119.5 9.8262e-25
120 9.78762e-25
120.5 9.75197e-25
121 9.71633e-25
121.5 9.68068e-25
122 9.64504e-25
122.5 9.60939e-25
123 9.57375e-25
123.5 9.5381e-25
124 9.50246e-25
124.5 9.46681e-25
125 9.43117e-25
125.5 9.39552e-25
126 9.35987e-25
126.5 9.32423e-25
127 9.28858e-25
127.5 9.25294e-25
128 9.21729e-25
128.5 9.18165e-25
129 9.146e-25
129.5 9.11036e-25
130 9.07471e-25
