4.5 130 252
252
4.5 0
5 1.22976e-25
5.5 2.78764e-25
6 4.34552e-25
6.5 9.12169e-25
7 1.38979e-24
7.5 2.64563e-24
8 3.90147e-24
8.5 6.71567e-24
9 9.52986e-24
9.5 1.45442e-23
10 1.95586e-23
10.5 2.55394e-23
11 3.15202e-23
11.5 3.53649e-23
12 3.92096e-23
12.5 4.08453e-23
13 4.24811e-23
13.5 4.21961e-23
14 4.1911e-23
14.5 3.80075e-23
15 3.4104e-23
15.5 2.98083e-23
16 2.55126e-23
16.5 2.23353e-23
17 1.9158e-23
17.5 1.69428e-23
18 1.47275e-23
18.5 1.31696e-23
19 1.16118e-23
19.5 1.04954e-23
20 9.37898e-24
20.5 8.56429e-24
21 7.74961e-24
21.5 7.14584e-24
22 6.54206e-24
22.5 6.08887e-24
23 5.63568e-24
23.5 5.29192e-24
24 4.94816e-24
24.5 4.68505e-24
25 4.42194e-24
25.5 4.21886e-24
26 4.01578e-24
26.5 3.8577e-24
27 3.69962e-24
27.5 3.5754e-24
28 3.45118e-24
28.5 3.35252e-24
29 3.25385e-24
29.5 3.17451e-24
30 3.09517e-24
30.5 3.0305e-24
31 2.96583e-24
31.5 2.91235e-24
32 2.85888e-24
32.5 2.81402e-24
33 2.76917e-24
33.5 2.73102e-24
34 2.69286e-24
34.5 2.66e-24
35 2.62714e-24
35.5 2.59852e-24
36 2.5699e-24
36.5 2.54471e-24
37 2.51953e-24
37.5 2.49719e-24
38 2.47484e-24
38.5 2.45486e-24
39 2.43488e-24
39.5 2.41689e-24
40 2.3989e-24
40.5 2.38259e-24
41 2.36629e-24
41.5 2.35141e-24
42 2.33654e-24
42.5 2.32288e-24
43 2.30923e-24
43.5 2.29661e-24
44 2.28399e-24
44.5 2.27225e-24
45 2.26051e-24
45.5 2.24952e-24
46 2.23852e-24
46.5 2.22816e-24
47 2.21779e-24
47.5 2.20796e-24
48 2.19812e-24
48.5 2.18872e-24
49 2.17932e-24
49.5 2.17028e-24
50 2.16124e-24
50.5 2.15251e-24
51 2.14377e-24
51.5 2.13527e-24
52 2.12678e-24
52.5 2.11848e-24
53 2.11018e-24
53.5 2.10204e-24
54 2.09389e-24
54.5 2.08587e-24
55 2.07785e-24
55.5 2.06993e-24
56 2.06201e-24
56.5 2.05416e-24
57 2.04631e-24
57.5 2.03852e-24
58 2.03073e-24
58.5 2.02298e-24
59 2.01523e-24
59.5 2.00751e-24
60 1.99979e-24
60.5 1.9921e-24
61 1.9844e-24
61.5 1.97673e-24
62 1.96905e-24
62.5 1.96139e-24
63 1.95372e-24
63.5 1.94607e-24
64 1.93842e-24
64.5 1.93078e-24
65 1.92314e-24
65.5 1.91551e-24
66 1.90788e-24
66.5 1.90026e-24
67 1.89265e-24
67.5 1.88505e-24
68 1.87744e-24
68.5 1.86986e-24
69 1.86227e-24
69.5 1.85471e-24
70 1.84714e-24
70.5 1.8396e-24
71 1.83206e-24
71.5 1.82455e-24
72 1.81703e-24
72.5 1.80955e-24
73 1.80207e-24
73.5 1.79462e-24
74 1.78717e-24
74.5 1.77976e-24
75 1.77235e-24
75.5 1.76499e-24
76 1.75762e-24
76.5 1.7503e-24
77 1.74298e-24
77.5 1.73572e-24
78 1.72845e-24
78.5 1.72124e-24
79 1.71403e-24
79.5 1.70688e-24
80 1.69973e-24
80.5 1.69265e-24
81 1.68556e-24
81.5 1.67855e-24
82 1.67153e-24
82.5 1.66459e-24
83 1.65765e-24
83.5 1.65078e-24
84 1.64392e-24
84.5 1.63714e-24
85 1.63036e-24
85.5 1.62367e-24
86 1.61697e-24
86.5 1.61037e-24
87 1.60377e-24
87.5 1.59727e-24
88 1.59077e-24
88.5 1.58438e-24
89 1.57798e-24
89.5 1.57169e-24
90 1.5654e-24
90.5 1.55923e-24
91 1.55306e-24
91.5 1.54701e-24
92 1.54096e-24
92.5 1.53505e-24
93 1.52913e-24
93.5 1.52335e-24
94 1.51757e-24
94.5 1.51193e-24
95 1.5063e-24
95.5 1.50082e-24
96 1.49534e-24
96.5 1.49003e-24
97 1.48472e-24
97.5 1.47958e-24
98 1.47444e-24
98.5 1.46949e-24
99 1.46454e-24
99.5 1.45979e-24
100 1.45504e-24
100.5 1.4505e-24
101 1.44596e-24
101.5 1.44165e-24
102 1.43734e-24
102.5 1.43328e-24
103 1.42921e-24
103.5 1.4254e-24
104 1.42159e-24
104.5 1.41806e-24
105 1.41453e-24
105.5 1.4113e-24
106 1.40582e-24
106.5 1.40386e-24
107 1.4019e-24
107.5 1.39996e-24
108 1.39802e-24
108.5 1.39609e-24
109 1.39426e-24
109.5 1.39359e-24
110 1.39293e-24
110.5 1.39227e-24
111 1.39161e-24
111.5 1.39096e-24
112 1.39031e-24
112.5 1.39121e-24
113 1.39216e-24
113.5 1.39311e-24
114 1.39405e-24
114.5 1.39499e-24
115 1.39592e-24
115.5 1.39826e-24
116 1.4012e-24
116.5 1.40413e-24
117 1.40705e-24
117.5 1.40995e-24
118 1.41284e-24
118.5 1.41634e-24
119 1.42169e-24
119.5 1.42701e-24
120 1.43231e-24
120.5 1.43759e-24
121 1.44284e-24
121.5 1.44808e-24
122 1.45512e-24
122.5 1.46325e-24
123 1.47134e-24
123.5 1.4794e-24
124 1.48742e-24
124.5 1.49542e-24
125 1.50338e-24
125.5 1.51401e-24
126 1.52523e-24
126.5 1.53642e-24
127 1.54755e-24
127.5 1.55865e-24
128 1.5697e-24
128.5 1.5807e-24
129 1.59456e-24
129.5 1.60905e-24
130 1.6235e-24
