1.999 130 97
97
1.999 0
2 1.26292e-26
2.45 2.4004e-26
2.9 4.08769e-26
3.35 6.40922e-26
3.8 9.88971e-26
4.25 1.44779e-25
4.7 2.02956e-25
5.15 2.80215e-25
5.6 3.88851e-25
6.05 5.1706e-25
6.5 7.01887e-25
6.95 9.27146e-25
7.4 1.23411e-24
7.85 1.64549e-24
8.3 2.20714e-24
8.75 4.04657e-24
9.2 6.54344e-24
9.65 9.56442e-24
10.1 1.36432e-23
10.55 1.97729e-23
11 2.81115e-23
11.45 3.99473e-23
11.9 5.40319e-23
12.35 6.66461e-23
12.8 7.22109e-23
13.25 7.27049e-23
13.7 7.14858e-23
14.15 7.19044e-23
14.6 7.45874e-23
15.05 7.73938e-23
15.5 7.67763e-23
15.95 7.21027e-23
16.4 6.47458e-23
16.85 5.69954e-23
17.3 5.01773e-23
17.75 4.44269e-23
18.2 4.01036e-23
18.65 3.66154e-23
19.1 3.3781e-23
19.55 3.14144e-23
20 2.91697e-23
20.45 2.71869e-23
20.9 2.52996e-23
21.35 2.36215e-23
21.8 2.21236e-23
22.25 2.07571e-23
22.7 1.95444e-23
23.15 1.84819e-23
23.6 1.75229e-23
24.05 1.66566e-23
24.5 1.5897e-23
24.95 1.5213e-23
25.4 1.46225e-23
25.85 1.41454e-23
26.3 1.37808e-23
26.75 1.35296e-23
27.2 1.33561e-23
27.65 1.32588e-23
28.1 1.32014e-23
28.55 1.31671e-23
29 1.31267e-23
29.45 1.30764e-23
29.9 1.30049e-23
30.35 1.29237e-23
30.8 1.28127e-23
31.25 1.26809e-23
31.7 1.25502e-23
32.15 1.24006e-23
32.6 1.22583e-23
33.05 1.21074e-23
33.5 1.19721e-23
33.95 1.18397e-23
34.4 1.17277e-23
34.85 1.16298e-23
35.3 1.15559e-23
35.75 1.1506e-23
36.2 1.14775e-23
36.65 1.14738e-23
37.1 1.14814e-23
37.55 1.15068e-23
38 1.15316e-23
38.45 1.15651e-23
38.9 1.15923e-23
39.35 1.16168e-23
39.8 1.16327e-23
40.25 1.16442e-23
40.7 1.16462e-23
41.15 1.16431e-23
41.6 1.16345e-23
42.05 1.16114e-23
42.5 1.15927e-23
45 1.14236e-23
50 1.15177e-23
70 1.23575e-23
100 1.25963e-23
130 1.09496e-23
