0.9 130 82
82
0.9 0
1 2.87814e-27
1.5 8.24807e-27
2 1.80714e-26
2.5 3.4098e-26
3 5.8555e-26
3.5 9.43684e-26
4 1.45485e-25
4.5 2.17331e-25
5 3.17428e-25
5.5 4.5603e-25
6 6.46331e-25
6.5 9.03588e-25
7 1.24502e-24
7.5 1.69881e-24
8 2.32276e-24
8.5 3.20054e-24
9 4.3787e-24
9.5 5.77853e-24
10 7.33472e-24
10.5 9.44825e-24
11 1.31665e-23
11.5 1.98258e-23
12 2.7741e-23
12.5 2.86675e-23
13 2.46712e-23
13.5 2.26956e-23
14 2.34275e-23
14.5 2.58119e-23
15 2.85927e-23
15.5 3.04408e-23
16 3.04501e-23
16.5 2.86374e-23
17 2.57238e-23
17.5 2.24977e-23
18 1.94566e-23
18.5 1.68064e-23
19 1.45816e-23
19.5 1.27422e-23
20 1.12264e-23
21 8.90637e-24
22 7.27387e-24
23 6.08689e-24
24 5.19653e-24
25 4.51015e-24
26 3.96858e-24
27 3.53289e-24
28 3.17672e-24
29 2.88173e-24
30 2.63481e-24
32 2.24934e-24
34 1.96866e-24
36 1.76169e-24
38 1.6083e-24
40 1.49459e-24
42 1.41057e-24
44 1.34883e-24
46 1.30377e-24
48 1.27113e-24
50 1.24766e-24
52 1.23089e-24
54 1.21892e-24
56 1.2103e-24
58 1.20395e-24
60 1.19903e-24
62 1.19491e-24
64 1.19114e-24
66 1.18735e-24
68 1.18331e-24
70 1.17882e-24
72 1.17376e-24
74 1.16805e-24
76 1.16164e-24
78 1.15449e-24
80 1.14662e-24
85 1.12381e-24
90 1.09692e-24
95 1.06663e-24
100 1.03372e-24
110 9.63343e-25
120 8.92375e-25
130 8.27036e-25
