0.9 130 82
82
0.9 0
1 8.50539e-28
1.5 2.30348e-27
2 4.83075e-27
2.5 8.78147e-27
3 1.45714e-26
3.5 2.27071e-26
4 3.38183e-26
4.5 4.8704e-26
5 6.83979e-26
5.5 9.42636e-26
6 1.28128e-25
6.5 1.72461e-25
7 2.30598e-25
7.5 3.06925e-25
8 4.06708e-25
8.5 5.34744e-25
9 6.91738e-25
9.5 8.70558e-25
10 1.06275e-24
10.5 1.27738e-24
11 1.54633e-24
11.5 1.91039e-24
12 2.41182e-24
12.5 3.09728e-24
13 4.01873e-24
13.5 5.22134e-24
14 6.70577e-24
14.5 8.35774e-24
15 9.88717e-24
15.5 1.0903e-23
16 1.11759e-23
16.5 1.08239e-23
17 1.0178e-23
17.5 9.53142e-24
18 9.02772e-24
18.5 8.67306e-24
19 8.38634e-24
19.5 8.05889e-24
20 7.61625e-24
21 6.40403e-24
22 5.13431e-24
23 4.09216e-24
24 3.31043e-24
25 2.7335e-24
26 2.30275e-24
27 1.9747e-24
28 1.71969e-24
29 1.51779e-24
30 1.35539e-24
32 1.1141e-24
34 9.47941e-25
36 8.30669e-25
38 7.46676e-25
40 6.8604e-25
42 6.42124e-25
44 6.10319e-25
46 5.87341e-25
48 5.70802e-25
50 5.58947e-25
52 5.50475e-25
54 5.44416e-25
56 5.40042e-25
58 5.3681e-25
60 5.34312e-25
62 5.32244e-25
64 5.30379e-25
66 5.28549e-25
68 5.26632e-25
70 5.24541e-25
72 5.22214e-25
74 5.19609e-25
76 5.16703e-25
78 5.1348e-25
80 5.09938e-25
85 4.99719e-25
90 4.87712e-25
95 4.74205e-25
100 4.59544e-25
110 4.28218e-25
120 3.96646e-25
130 3.67584e-25
