7.1161 130 69
69
7.1161 0
8 1.394e-27
9 2.3817e-26
10 4.92416e-26
11 1.21129e-25
12 2.14552e-25
13 3.96364e-25
14 7.76045e-25
15 1.61026e-24
16 3.23559e-24
17 4.59593e-24
17.5 4.47822e-24
18 4.03637e-24
18.5 3.59992e-24
19 3.34599e-24
19.5 3.35622e-24
20 3.70369e-24
20.5 4.47726e-24
21 5.67228e-24
21.5 6.85097e-24
22 7.12588e-24
22.5 6.30116e-24
23 5.09932e-24
24 3.22129e-24
25 2.30964e-24
26 1.72247e-24
27 1.34466e-24
28 1.09264e-24
29 9.17424e-25
30 7.91158e-25
31 6.9733e-25
32 6.25819e-25
33 5.70151e-25
34 5.2608e-25
35 4.90636e-25
36 4.6181e-25
37 4.38083e-25
38 4.18376e-25
39 4.01878e-25
40 3.87959e-25
42 3.66052e-25
44 3.49903e-25
46 3.37724e-25
48 3.28355e-25
50 3.20986e-25
52 3.15056e-25
54 3.10167e-25
56 3.06017e-25
58 3.02397e-25
60 2.99148e-25
62 2.96138e-25
64 2.93288e-25
66 2.90528e-25
68 2.87808e-25
70 2.85078e-25
72 2.82329e-25
74 2.79539e-25
76 2.76679e-25
78 2.73749e-25
80 2.70749e-25
85 2.62909e-25
90 2.54609e-25
95 2.45959e-25
100 2.37039e-25
105 2.28e-25
110 2.1897e-25
115 2.101e-25
120 2.0151e-25
130 1.8577e-25
