9.3106 130 76
76
9.3106 0
11 3.5772e-26
11.5 4.67278e-26
12 5.76983e-26
12.5 7.14274e-26
13 8.90582e-26
13.5 1.1203e-25
14 1.42468e-25
14.5 1.8353e-25
15 2.40163e-25
15.5 3.20313e-25
16.7 7.1013e-25
17 8.9214e-25
17.5 1.34734e-24
18 2.10862e-24
18.5 3.3184e-24
19 4.76893e-24
19.5 5.36996e-24
20 4.60292e-24
20.5 3.48769e-24
21 2.6687e-24
21.5 2.1851e-24
22 1.95333e-24
22.5 1.9164e-24
23 2.05444e-24
23.5 2.36849e-24
24 2.84717e-24
24.5 3.4015e-24
25 3.81316e-24
25.5 3.85189e-24
26 3.51642e-24
26.5 3.00816e-24
27 2.50592e-24
27.5 2.08376e-24
28 1.75066e-24
28.5 1.48273e-24
29 1.27657e-24
29.5 1.10997e-24
30 9.7522e-25
31 7.76111e-25
32 6.40563e-25
33 5.45188e-25
34 4.75964e-25
35 4.24385e-25
36 3.85058e-25
37 3.54494e-25
38 3.30343e-25
39 3.1101e-25
40 2.95324e-25
42 2.71869e-25
44 2.55582e-25
46 2.43964e-25
48 2.35445e-25
50 2.29066e-25
52 2.24147e-25
54 2.20267e-25
56 2.17107e-25
58 2.14448e-25
60 2.12138e-25
62 2.10098e-25
64 2.08138e-25
66 2.06289e-25
68 2.04489e-25
70 2.02669e-25
75 1.97979e-25
80 1.93089e-25
85 1.87809e-25
90 1.8205e-25
95 1.76019e-25
100 1.6982e-25
105 1.6346e-25
110 1.571e-25
115 1.5087e-25
120 1.4474e-25
125 1.3894e-25
130 1.3356e-25
