0.9 130 82
82
0.9 0
1 2.30565e-27
1.5 6.65278e-27
2 1.46025e-26
2.5 2.75026e-26
3 4.69993e-26
3.5 7.5161e-26
4 1.14648e-25
4.5 1.6895e-25
5 2.42685e-25
5.5 3.41912e-25
6 4.74172e-25
6.5 6.4761e-25
7 8.68787e-25
7.5 1.14256e-24
8 1.48198e-24
8.5 1.92393e-24
9 2.53472e-24
9.5 3.41627e-24
10 4.73782e-24
10.5 6.81025e-24
11 1.01807e-23
11.5 1.52085e-23
12 1.97114e-23
12.5 2.16744e-23
13 2.44562e-23
13.5 2.95731e-23
14 3.60438e-23
14.5 4.14856e-23
15 4.32584e-23
15.5 4.07306e-23
16 3.56188e-23
16.5 2.99715e-23
17 2.49115e-23
17.5 2.07584e-23
18 1.74623e-23
18.5 1.48669e-23
19 1.28144e-23
19.5 1.11755e-23
20 9.85118e-24
21 7.84748e-24
22 6.4404e-24
23 5.41122e-24
24 4.63248e-24
25 4.02662e-24
26 3.54447e-24
27 3.15371e-24
28 2.8324e-24
29 2.56514e-24
30 2.34086e-24
32 1.99053e-24
34 1.73643e-24
36 1.55068e-24
38 1.41468e-24
40 1.31533e-24
42 1.24316e-24
44 1.19111e-24
46 1.15392e-24
48 1.12763e-24
50 1.10927e-24
52 1.09658e-24
54 1.08788e-24
56 1.08191e-24
58 1.07771e-24
60 1.07457e-24
62 1.07196e-24
64 1.06948e-24
66 1.06686e-24
68 1.06388e-24
70 1.0604e-24
72 1.05632e-24
74 1.05158e-24
76 1.04615e-24
78 1.04001e-24
80 1.03316e-24
85 1.01308e-24
90 9.89165e-25
95 9.62078e-25
100 9.32554e-25
110 8.69265e-25
120 8.05337e-25
130 7.46434e-25
