1.999 130 97
97
1.999 0
2 1.99844e-27
3 7.81269e-27
4 1.94717e-26
5 4.06497e-26
6 7.6511e-26
6.68 1.13e-25
7 1.35e-25
7.5 1.77e-25
8 2.3e-25
8.36 2.77e-25
9 3.84e-25
9.5 4.93e-25
10 6.34045e-25
10.5 8.17847e-25
11 1.07195e-24
11.5 1.47093e-24
11.97 2.08301e-24
12.5 4.19334e-24
13 5.89686e-24
13.5 8.06783e-24
14 1.10809e-23
14.5 1.52869e-23
15 2.10925e-23
15.43 2.74096e-23
15.6 3.0122e-23
15.7 3.17171e-23
15.8 3.33133e-23
15.9 3.49104e-23
16 3.65084e-23
16.1 3.79494e-23
16.2 3.92784e-23
16.3 4.04675e-23
16.4 4.14908e-23
16.5 4.2332e-23
16.6 4.29755e-23
16.7 4.34128e-23
16.8 4.36398e-23
16.9 4.36623e-23
17 4.3488e-23
17.1 4.31306e-23
17.2 4.2606e-23
17.3 4.19376e-23
17.4 4.11413e-23
17.5 4.02409e-23
17.6 3.92529e-23
17.7 3.82033e-23
17.8 3.71056e-23
17.9 3.59753e-23
18 3.48284e-23
18.1 3.36778e-23
18.2 3.25383e-23
18.5 2.91976e-23
18.83 2.5843e-23
19 2.42742e-23
19.5 2.02788e-23
19.84 1.80554e-23
20 1.7129e-23
20.5 1.46463e-23
20.71 1.37684e-23
21 1.2691e-23
21.29 1.17467e-23
21.5 1.11434e-23
22 1.02073e-23
22.5 9.76653e-24
23 9.41e-24
23.5 9.05137e-24
24 8.68871e-24
24.5 8.32298e-24
25 7.95997e-24
25.5 7.61603e-24
26 7.28751e-24
26.5 6.98304e-24
27 6.69707e-24
27.5 6.43386e-24
28 6.1896e-24
28.5 5.96265e-24
29 5.75334e-24
29.5 5.56073e-24
30 5.38108e-24
32 4.61255e-24
33.64 4.14198e-24
35 3.82572e-24
38.5 3.3424e-24
40 3.27937e-24
42.5 3.2929e-24
45 3.31161e-24
47.5 3.36722e-24
50 3.42594e-24
55 3.57141e-24
60 3.62381e-24
70 3.86957e-24
80 4.03175e-24
90 4.14981e-24
100 4.50004e-24
120 5.21612e-24
130 4.98621e-24
