0.9 130 82
82
0.9 0
1 1.5158e-27
1.5 4.29111e-27
2 9.29652e-27
2.5 1.73402e-26
3 2.94071e-26
3.5 4.67311e-26
4 7.08987e-26
4.5 1.03998e-25
5 1.48834e-25
5.5 2.09233e-25
6 2.90419e-25
6.5 3.99322e-25
7 5.44378e-25
7.5 7.3415e-25
8 9.76016e-25
8.5 1.28177e-24
9 1.68066e-24
9.5 2.20803e-24
10 2.83795e-24
10.5 3.46063e-24
11 4.08452e-24
11.5 4.90697e-24
12 6.12102e-24
12.5 7.86404e-24
13 1.023e-23
13.5 1.31855e-23
14 1.6384e-23
14.5 1.91323e-23
15 2.08508e-23
15.5 2.15087e-23
16 2.13264e-23
16.5 2.04164e-23
17 1.88854e-23
17.5 1.69696e-23
18 1.49554e-23
18.5 1.30555e-23
19 1.13755e-23
19.5 9.94123e-24
20 8.7371e-24
21 6.87451e-24
22 5.56045e-24
23 4.60935e-24
24 3.90082e-24
25 3.35855e-24
26 2.93363e-24
27 2.59395e-24
28 2.31789e-24
29 2.09049e-24
30 1.90113e-24
32 1.60767e-24
34 1.39605e-24
36 1.24151e-24
38 1.12805e-24
40 1.04472e-24
42 9.83687e-25
44 9.39217e-25
46 9.07028e-25
48 8.83906e-25
50 8.67424e-25
52 8.55752e-25
54 8.47503e-25
56 8.41633e-25
58 8.37355e-25
60 8.34075e-25
62 8.31351e-25
64 8.28852e-25
66 8.26336e-25
68 8.23625e-25
70 8.20593e-25
72 8.17153e-25
74 8.13247e-25
76 8.08842e-25
78 8.0392e-25
80 7.9848e-25
85 7.82681e-25
90 7.64017e-25
95 7.42961e-25
100 7.20065e-25
110 6.71078e-25
120 6.21658e-25
130 5.76149e-25
