4.999 130 223
223
4.999 0
5 2.87728e-26
6 5.47823e-26
7 9.85925e-26
7.07103 1.03801e-25
7.321 1.22133e-25
7.95893 1.68915e-25
8 1.71927e-25
8.11009 1.82811e-25
8.2 1.91699e-25
8.23992 1.95962e-25
8.3 2.02379e-25
8.4 2.13628e-25
8.47294 2.2227e-25
8.5 2.25477e-25
8.6 2.3796e-25
8.69075 2.50218e-25
8.8 2.64973e-25
8.82791 2.69161e-25
8.84475 2.71688e-25
8.87863 2.76772e-25
8.87864 2.76773e-25
8.90712 2.81046e-25
8.90988 2.81461e-25
9 2.94984e-25
9.13393 3.19258e-25
9.13446 3.19354e-25
9.2523 3.40713e-25
9.25487 3.41179e-25
9.34314 3.57178e-25
9.40399 3.68207e-25
9.40814 3.68959e-25
9.45522 3.77492e-25
9.5 3.85609e-25
9.59039 4.07118e-25
9.62756 4.15963e-25
9.70673 4.34802e-25
9.74586 4.44113e-25
9.75121 4.45386e-25
9.76113 4.47747e-25
9.80516 4.58225e-25
9.81155 4.59745e-25
9.84993 4.68878e-25
9.88863 4.78087e-25
9.90896 4.82924e-25
9.95883 4.94791e-25
9.98704 5.01504e-25
9.99843 5.04215e-25
10 5.04588e-25
10.0119 5.08351e-25
10.0465 5.19265e-25
10.0466 5.19287e-25
10.223 5.74938e-25
10.2895 5.95917e-25
10.4491 6.46257e-25
10.5 6.62302e-25
10.5576 6.86689e-25
10.594 7.02094e-25
10.6558 7.2828e-25
10.7061 7.49597e-25
11 8.74028e-25
11.0237 8.86924e-25
11.064 9.08914e-25
11.0907 9.23428e-25
11.1066 9.32124e-25
11.1101 9.34015e-25
11.2415 1.00558e-24
11.242 1.00589e-24
11.2951 1.03483e-24
11.2976 1.03619e-24
11.2983 1.03654e-24
11.3398 1.05914e-24
11.3707 1.07599e-24
11.426 1.10615e-24
11.4389 1.11317e-24
11.4764 1.1336e-24
11.485 1.14425e-24
11.5 1.16292e-24
11.5118 1.1506e-24
11.523 1.1389e-24
11.556 1.10453e-24
11.5851 1.07428e-24
11.5856 1.07375e-24
11.5924 1.06661e-24
11.627 1.03054e-24
11.6848 9.7031e-25
11.703 9.51344e-25
11.7084 9.45789e-25
11.716 9.37881e-25
11.7584 8.94238e-25
11.8136 8.37295e-25
11.8426 8.07354e-25
11.869 7.80135e-25
11.8693 7.79867e-25
11.8723 7.98047e-25
11.8723 7.98229e-25
12 1.57145e-24
12.151 1.31788e-24
12.1831 1.26385e-24
12.1834 1.26432e-24
12.1884 1.27692e-24
12.1916 1.28488e-24
12.2428 1.41395e-24
12.3196 1.63466e-24
12.4613 2.04183e-24
12.5 2.15328e-24
12.5646 2.14671e-24
12.6056 2.1431e-24
12.6914 2.13593e-24
12.6977 2.14623e-24
12.7104 2.17308e-24
12.7384 2.23273e-24
12.7517 2.26107e-24
12.7604 2.282e-24
12.7914 2.35718e-24
12.7966 2.37271e-24
12.938 2.80009e-24
12.9514 2.84058e-24
13 3.00833e-24
13.0472 3.05188e-24
13.0519 3.05687e-24
13.0723 3.0845e-24
13.1792 3.26754e-24
13.2104 3.3213e-24
13.2374 3.38897e-24
13.3084 3.59406e-24
13.3574 3.73563e-24
13.3814 3.80497e-24
13.4264 3.98026e-24
13.447 4.06677e-24
13.4474 4.06858e-24
13.5 4.29005e-24
13.7 4.96773e-24
13.8 5.34892e-24
14 6.20288e-24
14.2 7.18343e-24
14.5 8.87617e-24
14.985 1.19347e-23
15 1.20293e-23
15.5 1.51083e-23
15.96 1.80405e-23
16 1.82955e-23
16.5 2.14897e-23
17 2.24368e-23
17.5 1.97884e-23
17.685 1.82546e-23
18 1.56429e-23
18.13 1.46946e-23
18.184 1.43007e-23
18.448 1.23749e-23
18.5 1.19956e-23
19 9.31776e-24
19.2 9.26822e-24
19.4 9.0009e-24
19.6 8.77381e-24
19.8 8.26532e-24
19.886 8.07362e-24
20 7.81951e-24
20.2 7.42235e-24
20.4 7.06531e-24
20.6 6.74234e-24
20.827 6.31291e-24
21.2 5.80672e-24
21.4 5.52933e-24
21.6 5.26871e-24
21.8 5.03413e-24
22 4.82315e-24
22.4 4.44448e-24
23 3.9765e-24
23.2 3.84788e-24
23.4 3.72152e-24
23.6 3.61099e-24
24 3.40568e-24
24.387 3.23266e-24
24.5 3.18215e-24
25 2.99536e-24
25.38 2.87396e-24
25.5 2.83563e-24
26 2.69817e-24
26.611 2.56421e-24
27 2.47892e-24
27.604 2.37629e-24
27.773 2.34757e-24
28 2.309e-24
28.536 2.2367e-24
29 2.1741e-24
29.62 2.11184e-24
29.6204 2.1118e-24
30 2.07368e-24
31 1.9917e-24
32 1.92368e-24
32.2 1.91232e-24
32.4 1.90365e-24
32.633 1.89096e-24
33 1.87107e-24
33.2 1.86412e-24
33.4 1.85525e-24
34 1.82848e-24
34.4 1.80373e-24
35 1.7606e-24
35.4 1.72936e-24
36 1.68851e-24
36.4 1.65828e-24
37 1.61915e-24
37.4 1.58506e-24
38 1.54257e-24
38.101 1.53604e-24
39 1.47788e-24
40 1.46011e-24
41 1.44269e-24
42 1.43137e-24
43 1.4198e-24
44 1.40712e-24
45 1.40082e-24
50 1.36556e-24
55 1.34381e-24
60 1.32324e-24
70 1.18261e-24
80 1.06274e-24
90 9.87697e-25
100 9.2221e-25
120 7.62005e-25
130 7.15518e-25
