0.9 130 82
82
0.9 0
1 4.35752e-28
1.5 1.0977e-27
2 2.17396e-27
2.5 3.77051e-27
3 6.01223e-27
3.5 9.04854e-27
4 1.30608e-26
4.5 1.82729e-26
5 2.49654e-26
5.5 3.34967e-26
6 4.4331e-26
6.5 5.80761e-26
7 7.55369e-26
7.5 9.77899e-26
8 1.26294e-25
8.5 1.63053e-25
9 2.10834e-25
9.5 2.73441e-25
10 3.5587e-25
10.5 4.63809e-25
11 6.01043e-25
11.5 7.62966e-25
12 9.29917e-25
12.5 1.07785e-24
13 1.20938e-24
13.5 1.36013e-24
14 1.57078e-24
14.5 1.86796e-24
15 2.25914e-24
15.5 2.72253e-24
16 3.19142e-24
16.5 3.55974e-24
17 3.7382e-24
17.5 3.72206e-24
18 3.58693e-24
18.5 3.42309e-24
19 3.28887e-24
19.5 3.20609e-24
20 3.17245e-24
21 3.17611e-24
22 3.13067e-24
23 2.92487e-24
24 2.58916e-24
25 2.21679e-24
26 1.87432e-24
27 1.58622e-24
28 1.35295e-24
29 1.16637e-24
30 1.01708e-24
32 7.99352e-25
34 6.53467e-25
36 5.52517e-25
38 4.80863e-25
40 4.29058e-25
42 3.91123e-25
44 3.63106e-25
46 3.42295e-25
48 3.26769e-25
50 3.1514e-25
52 3.06388e-25
54 2.99754e-25
56 2.94671e-25
58 2.90711e-25
60 2.8755e-25
62 2.84946e-25
64 2.82713e-25
66 2.80713e-25
68 2.78841e-25
70 2.77019e-25
72 2.75189e-25
74 2.73311e-25
76 2.71353e-25
78 2.69296e-25
80 2.67128e-25
85 2.61181e-25
90 2.54494e-25
95 2.47156e-25
100 2.39305e-25
110 2.22729e-25
120 2.06155e-25
130 1.90956e-25
