0.9 130 82
82
0.9 0
1 5.80476e-28
1.5 1.5181e-27
2 3.09738e-27
2.5 5.50313e-27
3 8.95057e-27
3.5 1.36949e-26
4 2.0044e-26
4.5 2.83764e-26
5 3.91668e-26
5.5 5.30223e-26
6 7.07331e-26
6.5 9.33446e-26
7 1.22257e-25
7.5 1.59366e-25
8 2.07244e-25
8.5 2.6932e-25
9 3.49828e-25
9.5 4.52834e-25
10 5.78888e-25
10.5 7.18802e-25
11 8.52216e-25
11.5 9.64876e-25
12 1.06884e-24
12.5 1.19252e-24
13 1.36018e-24
13.5 1.58765e-24
14 1.88696e-24
14.5 2.26987e-24
15 2.74812e-24
15.5 3.33094e-24
16 4.01939e-24
16.5 4.79776e-24
17 5.62412e-24
17.5 6.425e-24
18 7.10254e-24
18.5 7.55942e-24
19 7.73456e-24
19.5 7.62727e-24
20 7.2918e-24
21 6.24813e-24
22 5.13809e-24
23 4.19237e-24
24 3.4472e-24
25 2.87245e-24
26 2.42815e-24
27 2.08068e-24
28 1.80496e-24
29 1.58295e-24
30 1.40175e-24
32 1.12728e-24
34 9.33335e-25
36 7.92802e-25
38 6.89338e-25
40 6.12424e-25
42 5.54917e-25
44 5.11766e-25
46 4.79306e-25
48 4.54832e-25
50 4.36326e-25
52 4.22273e-25
54 4.11533e-25
56 4.03242e-25
58 3.96747e-25
60 3.91554e-25
62 3.87286e-25
64 3.83659e-25
66 3.80457e-25
68 3.77518e-25
70 3.74718e-25
72 3.71967e-25
74 3.69197e-25
76 3.66361e-25
78 3.63423e-25
80 3.60362e-25
85 3.5209e-25
90 3.4291e-25
95 3.32912e-25
100 3.22261e-25
110 2.99854e-25
120 2.775e-25
130 2.5702e-25
