7 130 247
247
7 0
7.5 1.1491e-25
8 1.67487e-25
8.5 2.90739e-25
9 4.13991e-25
9.5 6.78062e-25
10 9.42133e-25
10.5 1.46113e-24
11 1.98012e-24
11.5 2.90423e-24
12 3.82834e-24
12.5 5.27695e-24
13 6.72556e-24
13.5 8.69397e-24
14 1.06624e-23
14.5 1.29677e-23
15 1.5273e-23
15.5 1.67911e-23
16 1.83091e-23
16.5 1.77029e-23
17 1.70966e-23
17.5 1.54772e-23
18 1.38579e-23
18.5 1.23484e-23
19 1.08389e-23
19.5 9.67847e-24
20 8.51806e-24
20.5 7.65979e-24
21 6.80151e-24
21.5 6.16686e-24
22 5.53221e-24
22.5 5.05838e-24
23 4.58455e-24
23.5 4.22647e-24
24 3.86839e-24
24.5 3.59435e-24
25 3.3203e-24
25.5 3.10785e-24
26 2.8954e-24
26.5 2.72849e-24
27 2.56158e-24
27.5 2.42861e-24
28 2.29563e-24
28.5 2.18811e-24
29 2.08058e-24
29.5 1.99229e-24
30 1.90399e-24
30.5 1.83034e-24
31 1.75669e-24
31.5 1.69431e-24
32 1.63194e-24
32.5 1.57836e-24
33 1.52478e-24
33.5 1.47818e-24
34 1.43158e-24
34.5 1.39062e-24
35 1.34965e-24
35.5 1.31333e-24
36 1.27701e-24
36.5 1.24459e-24
37 1.21216e-24
37.5 1.18307e-24
38 1.15397e-24
38.5 1.12776e-24
39 1.10155e-24
39.5 1.07787e-24
40 1.0542e-24
40.5 1.03277e-24
41 1.01134e-24
41.5 9.91924e-25
42 9.72504e-25
42.5 9.54889e-25
43 9.37273e-25
43.5 9.21284e-25
44 9.05296e-25
44.5 8.90778e-25
45 8.7626e-25
45.5 8.63074e-25
46 8.49888e-25
46.5 8.3791e-25
47 8.25933e-25
47.5 8.15051e-25
48 8.0417e-25
48.5 7.94284e-25
49 7.84397e-25
49.5 7.75414e-25
50 7.66431e-25
50.5 7.58268e-25
51 7.50104e-25
51.5 7.42685e-25
52 7.35265e-25
52.5 7.28521e-25
53 7.21776e-25
53.5 7.15643e-25
54 7.0951e-25
54.5 7.03932e-25
55 6.98353e-25
55.5 6.93277e-25
56 6.88201e-25
56.5 6.83578e-25
57 6.78956e-25
57.5 6.74745e-25
58 6.70534e-25
58.5 6.66694e-25
59 6.62853e-25
59.5 6.59348e-25
60 6.55842e-25
60.5 6.52639e-25
61 6.49435e-25
61.5 6.46503e-25
62 6.43572e-25
62.5 6.40884e-25
63 6.38196e-25
63.5 6.35728e-25
64 6.33259e-25
64.5 6.30987e-25
65 6.28715e-25
65.5 6.26619e-25
66 6.24522e-25
66.5 6.22583e-25
67 6.20643e-25
67.5 6.18843e-25
68 6.17043e-25
68.5 6.15366e-25
69 6.1369e-25
69.5 6.12124e-25
70 6.10557e-25
70.5 6.09087e-25
71 6.07618e-25
71.5 6.06233e-25
72 6.04848e-25
72.5 6.03538e-25
73 6.02228e-25
73.5 6.00983e-25
74 5.99738e-25
74.5 5.98549e-25
75 5.9736e-25
75.5 5.9622e-25
76 5.9508e-25
76.5 5.93982e-25
77 5.92883e-25
77.5 5.9182e-25
78 5.90757e-25
78.5 5.89724e-25
79 5.88691e-25
79.5 5.87683e-25
80 5.86675e-25
80.5 5.85687e-25
81 5.84699e-25
81.5 5.83728e-25
82 5.82757e-25
82.5 5.818e-25
83 5.80842e-25
83.5 5.79894e-25
84 5.78947e-25
84.5 5.78007e-25
85 5.77068e-25
85.5 5.76134e-25
86 5.752e-25
86.5 5.7427e-25
87 5.7334e-25
87.5 5.72412e-25
88 5.71484e-25
88.5 5.70557e-25
89 5.69631e-25
89.5 5.68705e-25
90 5.67778e-25
90.5 5.66852e-25
91 5.65925e-25
91.5 5.64998e-25
92 5.64071e-25
92.5 5.63143e-25
93 5.62215e-25
93.5 5.61287e-25
94 5.60358e-25
94.5 5.5943e-25
95 5.58501e-25
95.5 5.57572e-25
96 5.56643e-25
96.5 5.55716e-25
97 5.54788e-25
97.5 5.53863e-25
98 5.52937e-25
98.5 5.52014e-25
99 5.51092e-25
99.5 5.50174e-25
100 5.49255e-25
100.5 5.48343e-25
101 5.47431e-25
101.5 5.46527e-25
102 5.45622e-25
102.5 5.44728e-25
103 5.43833e-25
103.5 5.42951e-25
104 5.42068e-25
104.5 5.412e-25
105 5.40331e-25
105.5 5.3948e-25
106 5.26865e-25
106.5 5.26212e-25
107 5.25562e-25
107.5 5.24915e-25
108 5.24271e-25
108.5 5.2363e-25
109 5.22998e-25
109.5 5.2246e-25
110 5.21924e-25
110.5 5.2139e-25
111 5.20859e-25
111.5 5.2033e-25
112 5.19803e-25
112.5 5.19426e-25
113 5.19055e-25
113.5 5.18686e-25
114 5.18319e-25
114.5 5.17953e-25
115 5.17589e-25
115.5 5.17382e-25
116 5.17243e-25
116.5 5.17106e-25
117 5.16969e-25
117.5 5.16832e-25
118 5.16697e-25
118.5 5.1664e-25
119 5.1682e-25
119.5 5.16999e-25
120 5.17178e-25
120.5 5.17356e-25
121 5.17533e-25
121.5 5.17709e-25
122 5.18152e-25
122.5 5.18755e-25
123 5.19355e-25
123.5 5.19954e-25
124 5.2055e-25
124.5 5.21143e-25
125 5.21734e-25
125.5 5.22782e-25
126 5.23933e-25
126.5 5.25081e-25
127 5.26224e-25
127.5 5.27362e-25
128 5.28496e-25
128.5 5.29626e-25
129 5.31336e-25
129.5 5.33182e-25
130 5.3502e-25
