0.9 130 82
82
0.9 0
1 1.56951e-27
1.5 4.494e-27
2 9.80232e-27
2.5 1.83547e-26
3 3.11831e-26
3.5 4.95582e-26
4 7.50814e-26
4.5 1.09812e-25
5 1.56438e-25
5.5 2.18489e-25
6 3.00495e-25
6.5 4.07823e-25
7 5.45542e-25
7.5 7.16058e-25
8 9.18745e-25
8.5 1.15803e-24
9 1.45377e-24
9.5 1.83931e-24
10 2.35513e-24
10.5 3.05006e-24
11 3.98735e-24
11.5 5.25072e-24
12 6.94902e-24
12.5 9.21759e-24
13 1.22022e-23
13.5 1.5979e-23
14 2.03562e-23
14.5 2.46171e-23
15 2.75624e-23
15.5 2.82233e-23
16 2.66601e-23
16.5 2.37848e-23
17 2.05567e-23
17.5 1.75455e-23
18 1.49646e-23
18.5 1.28345e-23
19 1.11007e-23
19.5 9.69166e-24
20 8.5411e-24
21 6.7883e-24
22 5.55445e-24
23 4.65374e-24
24 3.97465e-24
25 3.44838e-24
26 3.03111e-24
27 2.69401e-24
28 2.41752e-24
29 2.18798e-24
30 1.99563e-24
32 1.69548e-24
34 1.47787e-24
36 1.3187e-24
38 1.20205e-24
40 1.11673e-24
42 1.05466e-24
44 1.00983e-24
46 9.77734e-25
48 9.54997e-25
50 9.39069e-25
52 9.28029e-25
54 9.20431e-25
56 9.15187e-25
58 9.11481e-25
60 9.08702e-25
62 9.06395e-25
64 9.04224e-25
66 9.01942e-25
68 8.99372e-25
70 8.96388e-25
72 8.92905e-25
74 8.88871e-25
76 8.84254e-25
78 8.79043e-25
80 8.73238e-25
85 8.56235e-25
90 8.36006e-25
95 8.131e-25
100 7.88138e-25
110 7.34639e-25
120 6.80605e-25
130 6.30821e-25
