0.9 130 82
82
0.9 0
1 1.32014e-27
1.5 3.74647e-27
2 8.12464e-27
2.5 1.51532e-26
3 2.56731e-26
3.5 4.07234e-26
4 6.16188e-26
4.5 9.00582e-26
5 1.28278e-25
5.5 1.79254e-25
6 2.46926e-25
6.5 3.36298e-25
7 4.52971e-25
7.5 6.01419e-25
8 7.82727e-25
8.5 9.97541e-25
9 1.2581e-24
9.5 1.59561e-24
10 2.05545e-24
10.5 2.69551e-24
11 3.59398e-24
11.5 4.85943e-24
12 6.63178e-24
12.5 9.0445e-24
13 1.20803e-23
13.5 1.5282e-23
14 1.76648e-23
14.5 1.8498e-23
15 1.81508e-23
15.5 1.75231e-23
16 1.71317e-23
16.5 1.6962e-23
17 1.67202e-23
17.5 1.61225e-23
18 1.50875e-23
18.5 1.3739e-23
19 1.22759e-23
19.5 1.08596e-23
20 9.57844e-24
21 7.49264e-24
22 5.98789e-24
23 4.9025e-24
24 4.10365e-24
25 3.5009e-24
26 3.0351e-24
27 2.66742e-24
28 2.37192e-24
29 2.13084e-24
30 1.93172e-24
32 1.62599e-24
34 1.40745e-24
36 1.24854e-24
38 1.13196e-24
40 1.04615e-24
42 9.83012e-25
44 9.36691e-25
46 9.02863e-25
48 8.78295e-25
50 8.60545e-25
52 8.4777e-25
54 8.3857e-25
56 8.31885e-25
58 8.26913e-25
60 8.23046e-25
62 8.1983e-25
64 8.16921e-25
66 8.14067e-25
68 8.11082e-25
70 8.07832e-25
72 8.04221e-25
74 8.00188e-25
76 7.95694e-25
78 7.90716e-25
80 7.8525e-25
85 7.69493e-25
90 7.50994e-25
95 7.30193e-25
100 7.07618e-25
110 6.59389e-25
120 6.10782e-25
130 5.66042e-25
