0.5 130 260
260
0.5 0
1 9.15436e-27
1.5 2.73182e-26
2 5.61157e-26
2.5 9.68127e-26
3 1.51965e-25
3.5 2.25585e-25
4 3.23226e-25
4.5 4.51444e-25
5 6.16672e-25
5.5 8.24836e-25
6 1.08134e-24
6.5 1.38829e-24
7 1.74306e-24
7.5 2.15158e-24
8 2.65292e-24
8.5 3.30718e-24
9 4.21158e-24
9.5 5.50603e-24
10 7.41931e-24
10.5 1.03415e-23
11 1.487e-23
11.5 2.14278e-23
12 2.83379e-23
12.5 3.09821e-23
13 2.93843e-23
13.5 2.80932e-23
14 2.87872e-23
14.5 3.07212e-23
15 3.23577e-23
15.5 3.22787e-23
16 3.00859e-23
16.5 2.65018e-23
17 2.25521e-23
17.5 1.89127e-23
18 1.58411e-23
18.5 1.33519e-23
19 1.13654e-23
19.5 9.78318e-24
20 8.51716e-24
20.5 7.57723e-24
21 6.6373e-24
21.5 6.00083e-24
22 5.36435e-24
22.5 4.91743e-24
23 4.4705e-24
23.5 4.14659e-24
24 3.82268e-24
24.5 3.58159e-24
25 3.34049e-24
25.5 3.15702e-24
26 2.97356e-24
26.5 2.83137e-24
27 2.68917e-24
27.5 2.57727e-24
28 2.46537e-24
28.5 2.37618e-24
29 2.287e-24
29.5 2.21516e-24
30 2.14333e-24
30.5 2.09025e-24
31 2.03716e-24
31.5 1.98408e-24
32 1.931e-24
32.5 1.89501e-24
33 1.85901e-24
33.5 1.82302e-24
34 1.78703e-24
34.5 1.76215e-24
35 1.73726e-24
35.5 1.71237e-24
36 1.68749e-24
36.5 1.67005e-24
37 1.6526e-24
37.5 1.63515e-24
38 1.61771e-24
38.5 1.60536e-24
39 1.593e-24
39.5 1.58064e-24
40 1.56829e-24
40.5 1.55947e-24
41 1.55065e-24
41.5 1.54182e-24
42 1.533e-24
42.5 1.52665e-24
43 1.5203e-24
43.5 1.51395e-24
44 1.5076e-24
44.5 1.50298e-24
45 1.49835e-24
45.5 1.49373e-24
46 1.48911e-24
46.5 1.48569e-24
47 1.48228e-24
47.5 1.47886e-24
48 1.47544e-24
48.5 1.47284e-24
49 1.47024e-24
49.5 1.46764e-24
50 1.46504e-24
50.5 1.46298e-24
51 1.46092e-24
51.5 1.45887e-24
52 1.45681e-24
52.5 1.45509e-24
53 1.45337e-24
53.5 1.45164e-24
54 1.44992e-24
54.5 1.44838e-24
55 1.44685e-24
55.5 1.44531e-24
56 1.44377e-24
56.5 1.44231e-24
57 1.44084e-24
57.5 1.43938e-24
58 1.43792e-24
58.5 1.43644e-24
59 1.43497e-24
59.5 1.4335e-24
60 1.43202e-24
60.5 1.43047e-24
61 1.42893e-24
61.5 1.42739e-24
62 1.42584e-24
62.5 1.42418e-24
63 1.42252e-24
63.5 1.42086e-24
64 1.4192e-24
64.5 1.41739e-24
65 1.41559e-24
65.5 1.41379e-24
66 1.41198e-24
66.5 1.41e-24
67 1.40803e-24
67.5 1.40605e-24
68 1.40408e-24
68.5 1.40193e-24
69 1.39977e-24
69.5 1.39762e-24
70 1.39547e-24
70.5 1.39313e-24
71 1.39078e-24
71.5 1.38844e-24
72 1.3861e-24
72.5 1.38357e-24
73 1.38103e-24
73.5 1.3785e-24
74 1.37597e-24
74.5 1.37325e-24
75 1.37053e-24
75.5 1.36781e-24
76 1.36509e-24
76.5 1.36219e-24
77 1.35928e-24
77.5 1.35637e-24
78 1.35347e-24
78.5 1.35039e-24
79 1.3473e-24
79.5 1.34421e-24
80 1.34113e-24
80.5 1.33775e-24
81 1.33438e-24
81.5 1.331e-24
82 1.32763e-24
82.5 1.32426e-24
83 1.32088e-24
83.5 1.3175e-24
84 1.31413e-24
84.5 1.31075e-24
85 1.30738e-24
85.5 1.30364e-24
86 1.29991e-24
86.5 1.29617e-24
87 1.29244e-24
87.5 1.2887e-24
88 1.28496e-24
88.5 1.28123e-24
89 1.27749e-24
89.5 1.27376e-24
90 1.27002e-24
90.5 1.266e-24
91 1.26198e-24
91.5 1.25795e-24
92 1.25393e-24
92.5 1.24991e-24
93 1.24589e-24
93.5 1.24187e-24
94 1.23784e-24
94.5 1.23382e-24
95 1.2298e-24
95.5 1.22558e-24
96 1.22135e-24
96.5 1.21713e-24
97 1.2129e-24
97.5 1.20868e-24
98 1.20445e-24
98.5 1.20023e-24
99 1.196e-24
99.5 1.19178e-24
100 1.18755e-24
100.5 1.18318e-24
101 1.17882e-24
101.5 1.17445e-24
102 1.17008e-24
102.5 1.16572e-24
103 1.16135e-24
103.5 1.15698e-24
104 1.15262e-24
104.5 1.14825e-24
105 1.14389e-24
105.5 1.13952e-24
106 1.13515e-24
106.5 1.13079e-24
107 1.12642e-24
107.5 1.12205e-24
108 1.11769e-24
108.5 1.11332e-24
109 1.10895e-24
109.5 1.10459e-24
110 1.10022e-24
110.5 1.09594e-24
111 1.09165e-24
111.5 1.08737e-24
112 1.08309e-24
112.5 1.0788e-24
113 1.07452e-24
113.5 1.07024e-24
114 1.06596e-24
114.5 1.06167e-24
115 1.05739e-24
115.5 1.05311e-24
116 1.04882e-24
116.5 1.04454e-24
117 1.04026e-24
117.5 1.03598e-24
118 1.03169e-24
118.5 1.02741e-24
119 1.02313e-24
119.5 1.01884e-24
120 1.01456e-24
120.5 1.01067e-24
121 1.00678e-24
121.5 1.00289e-24
122 9.99004e-25
122.5 9.95114e-25
123 9.91225e-25
123.5 9.87336e-25
124 9.83447e-25
124.5 9.79558e-25
125 9.75669e-25
125.5 9.7178e-25
126 9.67891e-25
126.5 9.64002e-25
127 9.60113e-25
127.5 9.56223e-25
128 9.52334e-25
128.5 9.48445e-25
129 9.44556e-25
129.5 9.40667e-25
130 9.36778e-25
