0.9 130 82
82
0.9 0
1 1.54532e-27
1.5 4.41683e-27
2 9.62197e-27
2.5 1.79997e-26
3 3.05558e-26
3.5 4.85273e-26
4 7.34715e-26
4.5 1.07389e-25
5 1.52893e-25
5.5 2.13411e-25
6 2.93363e-25
6.5 3.98035e-25
7 5.32546e-25
7.5 6.99506e-25
8 8.98145e-25
8.5 1.13159e-24
9 1.41789e-24
9.5 1.78917e-24
10 2.28482e-24
10.5 2.95178e-24
11 3.85027e-24
11.5 5.05978e-24
12 6.68341e-24
12.5 8.84926e-24
13 1.16972e-23
13.5 1.53106e-23
14 1.95382e-23
14.5 2.3746e-23
15 2.68087e-23
15.5 2.77259e-23
16 2.64306e-23
16.5 2.37395e-23
17 2.06033e-23
17.5 1.76238e-23
18 1.50448e-23
18.5 1.29048e-23
19 1.1158e-23
19.5 9.73646e-24
20 8.57514e-24
21 6.80661e-24
22 5.56281e-24
23 4.65589e-24
24 3.97291e-24
25 3.4442e-24
26 3.02538e-24
27 2.6873e-24
28 2.41019e-24
29 2.18025e-24
30 1.98763e-24
32 1.68719e-24
34 1.4694e-24
36 1.31008e-24
38 1.19326e-24
40 1.10778e-24
42 1.04552e-24
44 1.00049e-24
46 9.68212e-25
48 9.45292e-25
50 9.29192e-25
52 9.17993e-25
54 9.10251e-25
56 9.04879e-25
58 9.01062e-25
60 8.98188e-25
62 8.95804e-25
64 8.93572e-25
66 8.91245e-25
68 8.88646e-25
70 8.85647e-25
72 8.82165e-25
74 8.78143e-25
76 8.73552e-25
78 8.68378e-25
80 8.62622e-25
85 8.45783e-25
90 8.25773e-25
95 8.03127e-25
100 7.78456e-25
110 7.25596e-25
120 6.72217e-25
130 6.2304e-25
