0.9 130 82
82
0.9 0
1 3.785e-27
1.5 1.08763e-26
2 2.38755e-26
2.5 4.51089e-26
3 7.75212e-26
3.5 1.24941e-25
4 1.92428e-25
4.5 2.86662e-25
5 4.16142e-25
5.5 5.90549e-25
6 8.18575e-25
6.5 1.10665e-24
7 1.46703e-24
7.5 1.93461e-24
8 2.57322e-24
8.5 3.47337e-24
9 4.76018e-24
9.5 6.61214e-24
10 9.28309e-24
10.5 1.31291e-23
11 1.86256e-23
11.5 2.61931e-23
12 3.56121e-23
12.5 4.5709e-23
13 5.53601e-23
13.5 6.2708e-23
14 6.27088e-23
14.5 5.41042e-23
15 4.28049e-23
15.5 3.3209e-23
16 2.61127e-23
16.5 2.10171e-23
17 1.73233e-23
17.5 1.45866e-23
18 1.25098e-23
18.5 1.08972e-23
19 9.61887e-24
19.5 8.58667e-24
20 7.73963e-24
21 6.40523e-24
22 5.43298e-24
23 4.69807e-24
24 4.12644e-24
25 3.6718e-24
26 3.30397e-24
27 3.00246e-24
28 2.75293e-24
29 2.545e-24
30 2.37095e-24
32 2.10216e-24
34 1.91265e-24
36 1.78007e-24
38 1.68882e-24
40 1.62761e-24
42 1.58812e-24
44 1.56418e-24
46 1.55119e-24
48 1.54574e-24
50 1.54528e-24
52 1.54793e-24
54 1.5523e-24
56 1.55737e-24
58 1.56239e-24
60 1.56684e-24
62 1.57033e-24
64 1.57261e-24
66 1.5735e-24
68 1.5729e-24
70 1.57075e-24
72 1.56704e-24
74 1.56179e-24
76 1.55502e-24
78 1.54678e-24
80 1.53714e-24
85 1.50737e-24
90 1.47051e-24
95 1.4279e-24
100 1.38086e-24
110 1.27871e-24
120 1.17387e-24
130 1.07512e-24
