0.75 130 518
518
0.75 0
1 3.26876e-28
1.25 6.3397e-28
1.5 9.41064e-28
1.75 1.64583e-27
2 2.3506e-27
2.25 3.6722e-27
2.5 4.99379e-27
2.75 7.18793e-27
3 9.38206e-27
3.25 1.26952e-26
3.5 1.60083e-26
3.75 2.08095e-26
4 2.56107e-26
4.25 3.24403e-26
4.5 3.92699e-26
4.75 4.86426e-26
5 5.80152e-26
5.25 7.01687e-26
5.5 8.28923e-26
5.75 9.86796e-26
6 1.15209e-25
6.25 1.35895e-25
6.5 1.56581e-25
6.75 1.82605e-25
7 2.08628e-25
7.25 2.40447e-25
7.5 2.72267e-25
7.75 3.09653e-25
8 3.4704e-25
8.25 3.89538e-25
8.5 4.32037e-25
8.75 4.80833e-25
9 5.29628e-25
9.25 5.91657e-25
9.5 6.53686e-25
9.75 7.24562e-25
10 7.95437e-25
10.25 8.68534e-25
10.5 9.41632e-25
10.75 1.0313e-24
11 1.12096e-24
11.25 1.24239e-24
11.5 1.36383e-24
11.75 1.5279e-24
12 1.69198e-24
12.25 1.90577e-24
12.5 2.11957e-24
12.75 2.38866e-24
13 2.65774e-24
13.25 3.01148e-24
13.5 3.36522e-24
13.75 3.8529e-24
14 4.34058e-24
14.25 4.98365e-24
14.5 5.62672e-24
14.75 6.38794e-24
15 7.14917e-24
15.25 7.88347e-24
15.5 8.61777e-24
15.75 9.10724e-24
16 9.59671e-24
16.25 9.74778e-24
16.5 9.89885e-24
16.75 9.84201e-24
17 9.78518e-24
17.25 9.69574e-24
17.5 9.60631e-24
17.75 9.53714e-24
18 9.46798e-24
18.25 9.36256e-24
18.5 9.25714e-24
18.75 9.05168e-24
19 8.84622e-24
19.25 8.53317e-24
19.5 8.22012e-24
19.75 7.83805e-24
20 7.45598e-24
20.25 7.06574e-24
20.5 6.67549e-24
20.75 6.28525e-24
21 5.895e-24
21.25 5.58107e-24
21.5 5.26714e-24
21.75 4.95321e-24
22 4.63928e-24
22.25 4.40313e-24
22.5 4.16699e-24
22.75 3.93085e-24
23 3.6947e-24
23.25 3.51464e-24
23.5 3.33457e-24
23.75 3.15451e-24
24 2.97444e-24
24.25 2.83865e-24
24.5 2.70285e-24
24.75 2.56706e-24
25 2.43126e-24
25.25 2.33021e-24
25.5 2.22915e-24
25.75 2.12809e-24
26 2.02704e-24
26.25 1.95157e-24
26.5 1.8761e-24
26.75 1.80063e-24
27 1.72517e-24
27.25 1.668e-24
27.5 1.61083e-24
27.75 1.55366e-24
28 1.49649e-24
28.25 1.45241e-24
28.5 1.40833e-24
28.75 1.36426e-24
29 1.32018e-24
29.25 1.28562e-24
29.5 1.25106e-24
29.75 1.2165e-24
30 1.18194e-24
30.25 1.15709e-24
30.5 1.13224e-24
30.75 1.10739e-24
31 1.08254e-24
31.25 1.0577e-24
31.5 1.03285e-24
31.75 1.008e-24
32 9.83152e-25
32.25 9.66675e-25
32.5 9.50197e-25
32.75 9.33719e-25
33 9.17241e-25
33.25 9.00764e-25
33.5 8.84286e-25
33.75 8.67808e-25
34 8.5133e-25
34.25 8.4003e-25
34.5 8.2873e-25
34.75 8.1743e-25
35 8.0613e-25
35.25 7.9483e-25
35.5 7.8353e-25
35.75 7.7223e-25
36 7.6093e-25
36.25 7.53e-25
36.5 7.45071e-25
36.75 7.37142e-25
37 7.29213e-25
37.25 7.21284e-25
37.5 7.13355e-25
37.75 7.05426e-25
38 6.97497e-25
38.25 6.91847e-25
38.5 6.86196e-25
38.75 6.80546e-25
39 6.74895e-25
39.25 6.69244e-25
39.5 6.63594e-25
39.75 6.57943e-25
40 6.52293e-25
40.25 6.48223e-25
40.5 6.44153e-25
40.75 6.40084e-25
41 6.36014e-25
41.25 6.31944e-25
41.5 6.27875e-25
41.75 6.23805e-25
42 6.19735e-25
42.25 6.16782e-25
42.5 6.13829e-25
42.75 6.10876e-25
43 6.07923e-25
43.25 6.04969e-25
43.5 6.02016e-25
43.75 5.99063e-25
44 5.9611e-25
44.25 5.93954e-25
44.5 5.91797e-25
44.75 5.89641e-25
45 5.87485e-25
45.25 5.85329e-25
45.5 5.83172e-25
45.75 5.81016e-25
46 5.7886e-25
46.25 5.77276e-25
46.5 5.75691e-25
46.75 5.74107e-25
47 5.72522e-25
47.25 5.70938e-25
47.5 5.69353e-25
47.75 5.67769e-25
48 5.66184e-25
48.25 5.6501e-25
48.5 5.63836e-25
48.75 5.62661e-25
49 5.61487e-25
49.25 5.60312e-25
49.5 5.59138e-25
49.75 5.57963e-25
50 5.56789e-25
50.25 5.55907e-25
50.5 5.55024e-25
50.75 5.54142e-25
51 5.5326e-25
51.25 5.52377e-25
51.5 5.51495e-25
51.75 5.50613e-25
52 5.4973e-25
52.25 5.49053e-25
52.5 5.48376e-25
52.75 5.47699e-25
53 5.47022e-25
53.25 5.46345e-25
53.5 5.45668e-25
53.75 5.44992e-25
54 5.44315e-25
54.25 5.43779e-25
54.5 5.43243e-25
54.75 5.42707e-25
55 5.42172e-25
55.25 5.41636e-25
55.5 5.411e-25
55.75 5.40564e-25
56 5.40029e-25
56.25 5.39586e-25
56.5 5.39144e-25
56.75 5.38701e-25
57 5.38259e-25
57.25 5.37816e-25
57.5 5.37374e-25
57.75 5.36931e-25
58 5.36489e-25
58.25 5.36104e-25
58.5 5.35719e-25
58.75 5.35335e-25
59 5.3495e-25
59.25 5.34565e-25
59.5 5.3418e-25
59.75 5.33796e-25
60 5.33411e-25
60.25 5.33057e-25
60.5 5.32704e-25
60.75 5.3235e-25
61 5.31996e-25
61.25 5.31643e-25
61.5 5.31289e-25
61.75 5.30935e-25
62 5.30581e-25
62.25 5.30239e-25
62.5 5.29897e-25
62.75 5.29555e-25
63 5.29212e-25
63.25 5.2887e-25
63.5 5.28528e-25
63.75 5.28186e-25
64 5.27843e-25
64.25 5.27498e-25
64.5 5.27152e-25
64.75 5.26807e-25
65 5.26462e-25
65.25 5.26116e-25
65.5 5.25771e-25
65.75 5.25425e-25
66 5.2508e-25
66.25 5.24721e-25
66.5 5.24361e-25
66.75 5.24002e-25
67 5.23643e-25
67.25 5.23284e-25
67.5 5.22925e-25
67.75 5.22565e-25
68 5.22206e-25
68.25 5.21826e-25
68.5 5.21445e-25
68.75 5.21065e-25
69 5.20684e-25
69.25 5.20304e-25
69.5 5.19923e-25
69.75 5.19543e-25
70 5.19163e-25
70.25 5.18756e-25
70.5 5.18349e-25
70.75 5.17942e-25
71 5.17535e-25
71.25 5.17128e-25
71.5 5.16721e-25
71.75 5.16314e-25
72 5.15907e-25
72.25 5.1547e-25
72.5 5.15034e-25
72.75 5.14597e-25
73 5.1416e-25
73.25 5.13723e-25
73.5 5.13287e-25
73.75 5.1285e-25
74 5.12413e-25
74.25 5.11944e-25
74.5 5.11476e-25
74.75 5.11007e-25
75 5.10539e-25
75.25 5.1007e-25
75.5 5.09602e-25
75.75 5.09133e-25
76 5.08664e-25
76.25 5.08163e-25
76.5 5.07662e-25
76.75 5.0716e-25
77 5.06659e-25
77.25 5.06158e-25
77.5 5.05656e-25
77.75 5.05155e-25
78 5.04653e-25
78.25 5.04119e-25
78.5 5.03585e-25
78.75 5.03051e-25
79 5.02517e-25
79.25 5.01983e-25
79.5 5.01448e-25
79.75 5.00914e-25
80 5.0038e-25
80.25 4.9979e-25
80.5 4.99201e-25
80.75 4.98611e-25
81 4.98022e-25
81.25 4.97432e-25
81.5 4.96843e-25
81.75 4.96253e-25
82 4.95664e-25
82.25 4.95074e-25
82.5 4.94484e-25
82.75 4.93895e-25
83 4.93305e-25
83.25 4.92716e-25
83.5 4.92126e-25
83.75 4.91537e-25
84 4.90947e-25
84.25 4.90358e-25
84.5 4.89768e-25
84.75 4.89178e-25
85 4.88589e-25
85.25 4.87928e-25
85.5 4.87267e-25
85.75 4.86606e-25
86 4.85945e-25
86.25 4.85283e-25
86.5 4.84622e-25
86.75 4.83961e-25
87 4.833e-25
87.25 4.82639e-25
87.5 4.81978e-25
87.75 4.81317e-25
88 4.80656e-25
88.25 4.79995e-25
88.5 4.79334e-25
88.75 4.78673e-25
89 4.78012e-25
89.25 4.7735e-25
89.5 4.76689e-25
89.75 4.76028e-25
90 4.75367e-25
90.25 4.74647e-25
90.5 4.73928e-25
90.75 4.73208e-25
91 4.72488e-25
91.25 4.71768e-25
91.5 4.71048e-25
91.75 4.70329e-25
92 4.69609e-25
92.25 4.68889e-25
92.5 4.68169e-25
92.75 4.67449e-25
93 4.66729e-25
93.25 4.6601e-25
93.5 4.6529e-25
93.75 4.6457e-25
94 4.6385e-25
94.25 4.6313e-25
94.5 4.62411e-25
94.75 4.61691e-25
95 4.60971e-25
95.25 4.60207e-25
95.5 4.59444e-25
95.75 4.5868e-25
96 4.57917e-25
96.25 4.57153e-25
96.5 4.5639e-25
96.75 4.55626e-25
97 4.54863e-25
97.25 4.54099e-25
97.5 4.53336e-25
97.75 4.52572e-25
98 4.51808e-25
98.25 4.51045e-25
98.5 4.50281e-25
98.75 4.49518e-25
99 4.48754e-25
99.25 4.47991e-25
99.5 4.47227e-25
99.75 4.46464e-25
100 4.457e-25
100.25 4.44903e-25
100.5 4.44105e-25
100.75 4.43308e-25
101 4.42511e-25
101.25 4.41714e-25
101.5 4.40916e-25
101.75 4.40119e-25
102 4.39322e-25
102.25 4.38524e-25
102.5 4.37727e-25
102.75 4.3693e-25
103 4.36132e-25
103.25 4.35335e-25
103.5 4.34538e-25
103.75 4.3374e-25
104 4.32943e-25
104.25 4.32146e-25
104.5 4.31348e-25
104.75 4.30551e-25
105 4.29754e-25
105.25 4.28956e-25
105.5 4.28159e-25
105.75 4.27362e-25
106 4.26564e-25
106.25 4.25767e-25
106.5 4.2497e-25
106.75 4.24172e-25
107 4.23375e-25
107.25 4.22578e-25
107.5 4.2178e-25
107.75 4.20983e-25
108 4.20186e-25
108.25 4.19389e-25
108.5 4.18591e-25
108.75 4.17794e-25
109 4.16997e-25
109.25 4.16199e-25
109.5 4.15402e-25
109.75 4.14605e-25
110 4.13807e-25
110.25 4.13018e-25
110.5 4.12229e-25
110.75 4.1144e-25
111 4.1065e-25
111.25 4.09861e-25
111.5 4.09072e-25
111.75 4.08283e-25
112 4.07493e-25
112.25 4.06704e-25
112.5 4.05915e-25
112.75 4.05126e-25
113 4.04337e-25
113.25 4.03547e-25
113.5 4.02758e-25
113.75 4.01969e-25
114 4.0118e-25
114.25 4.0039e-25
114.5 3.99601e-25
114.75 3.98812e-25
115 3.98023e-25
115.25 3.97233e-25
115.5 3.96444e-25
115.75 3.95655e-25
116 3.94866e-25
116.25 3.94077e-25
116.5 3.93287e-25
116.75 3.92498e-25
117 3.91709e-25
117.25 3.9092e-25
117.5 3.9013e-25
117.75 3.89341e-25
118 3.88552e-25
118.25 3.87763e-25
118.5 3.86974e-25
118.75 3.86184e-25
119 3.85395e-25
119.25 3.84606e-25
119.5 3.83817e-25
119.75 3.83027e-25
120 3.82238e-25
120.25 3.81518e-25
120.5 3.80798e-25
120.75 3.80078e-25
121 3.79358e-25
121.25 3.78638e-25
121.5 3.77918e-25
121.75 3.77198e-25
122 3.76478e-25
122.25 3.75758e-25
122.5 3.75038e-25
122.75 3.74318e-25
123 3.73598e-25
123.25 3.72878e-25
123.5 3.72158e-25
123.75 3.71438e-25
124 3.70718e-25
124.25 3.69998e-25
124.5 3.69278e-25
124.75 3.68558e-25
125 3.67838e-25
125.25 3.67118e-25
125.5 3.66398e-25
125.75 3.65678e-25
126 3.64958e-25
126.25 3.64237e-25
126.5 3.63517e-25
126.75 3.62797e-25
127 3.62077e-25
127.25 3.61357e-25
127.5 3.60637e-25
127.75 3.59917e-25
128 3.59197e-25
128.25 3.58477e-25
128.5 3.57757e-25
128.75 3.57037e-25
129 3.56317e-25
129.25 3.55597e-25
129.5 3.54877e-25
129.75 3.54157e-25
130 3.53437e-25
