0.9 130 82
82
0.9 0
1 2.90304e-27
1.5 8.30178e-27
2 1.81679e-26
2.5 3.42589e-26
3 5.88133e-26
3.5 9.47678e-26
4 1.46063e-25
4.5 2.18061e-25
5 3.18027e-25
5.5 4.55439e-25
6 6.41532e-25
6.5 8.88005e-25
7 1.20934e-24
7.5 1.63811e-24
8 2.25037e-24
8.5 3.19061e-24
9 4.70322e-24
9.5 7.02854e-24
10 9.76516e-24
10.5 1.2776e-23
11 1.76083e-23
11.5 2.50616e-23
12 3.32489e-23
12.5 3.69153e-23
13 3.44179e-23
13.5 3.04064e-23
14 2.84035e-23
14.5 2.91005e-23
15 3.15948e-23
15.5 3.36074e-23
16 3.27257e-23
16.5 2.89168e-23
17 2.40681e-23
17.5 1.96389e-23
18 1.60853e-23
18.5 1.33573e-23
19 1.12767e-23
19.5 9.67519e-24
20 8.42377e-24
21 6.5988e-24
22 5.37044e-24
23 4.49968e-24
24 3.85657e-24
25 3.36611e-24
26 2.98262e-24
27 2.67689e-24
28 2.42948e-24
29 2.22697e-24
30 2.05978e-24
32 1.805e-24
34 1.62682e-24
36 1.5018e-24
38 1.41456e-24
40 1.35451e-24
42 1.31412e-24
44 1.2879e-24
46 1.27179e-24
48 1.2628e-24
50 1.25869e-24
52 1.25781e-24
54 1.25889e-24
56 1.26104e-24
58 1.26357e-24
60 1.26599e-24
62 1.26794e-24
64 1.26916e-24
66 1.26949e-24
68 1.2688e-24
70 1.26705e-24
72 1.26418e-24
74 1.26019e-24
76 1.2551e-24
78 1.24894e-24
80 1.24174e-24
85 1.21955e-24
90 1.19211e-24
95 1.1604e-24
100 1.12545e-24
110 1.04989e-24
120 9.7313e-25
130 9.02226e-25
