0.9 130 82
82
0.9 0
1 1.99065e-29
1.5 6.14327e-28
2 3.38027e-27
2.5 1.59849e-26
3 4.8414e-26
3.5 1.02562e-25
4 1.78505e-25
4.5 2.78655e-25
5 4.08046e-25
5.5 5.73894e-25
6 7.84545e-25
6.5 1.08988e-24
7 1.43576e-24
7.5 1.81063e-24
8 2.21577e-24
8.5 2.64583e-24
9 3.17326e-24
9.5 3.85199e-24
10 4.73907e-24
10.5 5.90386e-24
11 7.43817e-24
11.5 9.4636e-24
12 1.21308e-23
12.5 1.55956e-23
13 1.99367e-23
13.5 2.49675e-23
14 2.99652e-23
14.5 3.36109e-23
15 3.46281e-23
15.5 3.28099e-23
16 2.91414e-23
16.5 2.48893e-23
17 2.08875e-23
17.5 1.74724e-23
18 1.46869e-23
18.5 1.24555e-23
19 1.06746e-23
19.5 9.24805e-24
20 8.09709e-24
21 6.36768e-24
22 5.17614e-24
23 4.32655e-24
24 3.70253e-24
25 3.23256e-24
26 2.87106e-24
27 2.58805e-24
28 2.36315e-24
29 2.18215e-24
30 2.0349e-24
32 1.81395e-24
34 1.66066e-24
36 1.55181e-24
38 1.47309e-24
40 1.41528e-24
42 1.37221e-24
44 1.33966e-24
46 1.31468e-24
48 1.29512e-24
50 1.27946e-24
52 1.26654e-24
54 1.25552e-24
56 1.24577e-24
58 1.23681e-24
60 1.22829e-24
62 1.21993e-24
64 1.21153e-24
66 1.20294e-24
68 1.19405e-24
70 1.18479e-24
72 1.1751e-24
74 1.16496e-24
76 1.15435e-24
78 1.14326e-24
80 1.1317e-24
85 1.10085e-24
90 1.06754e-24
95 1.03228e-24
100 9.95652e-25
110 9.20794e-25
120 8.48009e-25
130 7.82197e-25
