0.999 130 97
97
0.999 0
1 7.5887e-30
2 1.23289e-28
3 6.40421e-28
4 2.10006e-27
5 5.38923e-27
6 1.19471e-26
7 2.4125e-26
8 9.09265e-26
9 1.64924e-25
11 4.89966e-25
11.3 5.9136e-25
11.6 6.92754e-25
12 8.27947e-25
12.4 1.05914e-24
12.8 1.29033e-24
13.2 1.6099e-24
13.6 2.01788e-24
14 2.42586e-24
14.4 3.18502e-24
14.8 3.94418e-24
15.2 4.93494e-24
15.6 6.27447e-24
16 7.9656e-24
16.4 1.02279e-23
16.8 1.28718e-23
17.2 1.56684e-23
17.6 1.82972e-23
18 2.03451e-23
18.4 2.11051e-23
18.8 2.10983e-23
19.2 2.0604e-23
19.6 1.98421e-23
20 1.89738e-23
20.4 1.81141e-23
21.2 1.67904e-23
21.4 1.65081e-23
21.6 1.6238e-23
22 1.56877e-23
22.4 1.51271e-23
22.8 1.45341e-23
23.2 1.39156e-23
23.6 1.32882e-23
24 1.26636e-23
24.4 1.20847e-23
24.8 1.1527e-23
25.2 1.09972e-23
25.6 1.04987e-23
26 1.00328e-23
26.4 9.61175e-24
26.8 9.21979e-24
27.2 8.85524e-24
27.6 8.51647e-24
28 8.20175e-24
28.4 7.91803e-24
28.9 7.58673e-24
29.2 7.40404e-24
29.6 7.17356e-24
30 6.96166e-24
30.5 6.72328e-24
31 6.51222e-24
32 6.16852e-24
33 5.91223e-24
34 5.7151e-24
35 5.56525e-24
36 5.4521e-24
37 5.35877e-24
38 5.28311e-24
39 5.20988e-24
40 5.1331e-24
41 5.06287e-24
42 4.9904e-24
43 4.92201e-24
44 4.85397e-24
45 4.79222e-24
46 4.74006e-24
47.2 4.6831e-24
48.2 4.6467e-24
49 4.62008e-24
50 4.59444e-24
51 4.57114e-24
52 4.55015e-24
53 4.52721e-24
54 4.50907e-24
55.2 4.48433e-24
56 4.46528e-24
57 4.44711e-24
58.2 4.42119e-24
59 4.40582e-24
60 4.3873e-24
70 4.19649e-24
80 3.99405e-24
90 3.78196e-24
100 3.54788e-24
110 3.31074e-24
120 3.06855e-24
130 2.86931e-24
