0.5 130 260
260
0.5 0
1 1.70467e-27
1.5 4.87595e-27
2 1.06411e-26
2.5 1.99609e-26
3 3.40118e-26
3.5 5.42764e-26
4 8.26714e-26
4.5 1.21728e-25
5 1.74839e-25
5.5 2.46545e-25
6 3.42713e-25
6.5 4.70208e-25
7 6.35675e-25
7.5 8.45418e-25
8 1.11286e-24
8.5 1.47408e-24
9 1.99916e-24
9.5 2.79412e-24
10 3.94675e-24
10.5 5.26103e-24
11 6.27118e-24
11.5 7.22273e-24
12 8.74413e-24
12.5 1.12211e-23
13 1.49952e-23
13.5 2.04154e-23
14 2.748e-23
14.5 3.50027e-23
15 4.01436e-23
15.5 4.03813e-23
16 3.63236e-23
16.5 3.05917e-23
17 2.51283e-23
17.5 2.0628e-23
18 1.71177e-23
18.5 1.4419e-23
19 1.23376e-23
19.5 1.07148e-23
20 9.43256e-24
20.5 8.49046e-24
21 7.54835e-24
21.5 6.91009e-24
22 6.27183e-24
22.5 5.81973e-24
23 5.36764e-24
23.5 5.03548e-24
24 4.70332e-24
24.5 4.45186e-24
25 4.20041e-24
25.5 4.0053e-24
26 3.81018e-24
26.5 3.65565e-24
27 3.50112e-24
27.5 3.37659e-24
28 3.25206e-24
28.5 3.15023e-24
29 3.04839e-24
29.5 2.96405e-24
30 2.8797e-24
30.5 2.81452e-24
31 2.74934e-24
31.5 2.68415e-24
32 2.61897e-24
32.5 2.57159e-24
33 2.52421e-24
33.5 2.47682e-24
34 2.42944e-24
34.5 2.39393e-24
35 2.35842e-24
35.5 2.32291e-24
36 2.2874e-24
36.5 2.2601e-24
37 2.23279e-24
37.5 2.20548e-24
38 2.17817e-24
38.5 2.15668e-24
39 2.13519e-24
39.5 2.1137e-24
40 2.0922e-24
40.5 2.07493e-24
41 2.05765e-24
41.5 2.04037e-24
42 2.02309e-24
42.5 2.00892e-24
43 1.99474e-24
43.5 1.98056e-24
44 1.96639e-24
44.5 1.95452e-24
45 1.94266e-24
45.5 1.9308e-24
46 1.91893e-24
46.5 1.90881e-24
47 1.89868e-24
47.5 1.88856e-24
48 1.87843e-24
48.5 1.86962e-24
49 1.86081e-24
49.5 1.852e-24
50 1.84319e-24
50.5 1.83538e-24
51 1.82757e-24
51.5 1.81976e-24
52 1.81195e-24
52.5 1.80491e-24
53 1.79786e-24
53.5 1.79081e-24
54 1.78376e-24
54.5 1.77728e-24
55 1.77081e-24
55.5 1.76434e-24
56 1.75787e-24
56.5 1.75183e-24
57 1.74579e-24
57.5 1.73975e-24
58 1.73372e-24
58.5 1.72801e-24
59 1.7223e-24
59.5 1.71659e-24
60 1.71088e-24
60.5 1.70541e-24
61 1.69994e-24
61.5 1.69447e-24
62 1.689e-24
62.5 1.68371e-24
63 1.67842e-24
63.5 1.67312e-24
64 1.66783e-24
64.5 1.66266e-24
65 1.65749e-24
65.5 1.65232e-24
66 1.64715e-24
66.5 1.64207e-24
67 1.63699e-24
67.5 1.6319e-24
68 1.62682e-24
68.5 1.62179e-24
69 1.61676e-24
69.5 1.61173e-24
70 1.6067e-24
70.5 1.6017e-24
71 1.5967e-24
71.5 1.5917e-24
72 1.5867e-24
72.5 1.58171e-24
73 1.57673e-24
73.5 1.57174e-24
74 1.56676e-24
74.5 1.56177e-24
75 1.55679e-24
75.5 1.5518e-24
76 1.54682e-24
76.5 1.54182e-24
77 1.53683e-24
77.5 1.53184e-24
78 1.52685e-24
78.5 1.52184e-24
79 1.51683e-24
79.5 1.51183e-24
80 1.50682e-24
80.5 1.50178e-24
81 1.49675e-24
81.5 1.49171e-24
82 1.48667e-24
82.5 1.48164e-24
83 1.4766e-24
83.5 1.47156e-24
84 1.46653e-24
84.5 1.46149e-24
85 1.45646e-24
85.5 1.45138e-24
86 1.4463e-24
86.5 1.44123e-24
87 1.43615e-24
87.5 1.43108e-24
88 1.426e-24
88.5 1.42093e-24
89 1.41585e-24
89.5 1.41078e-24
90 1.4057e-24
90.5 1.40061e-24
91 1.39552e-24
91.5 1.39043e-24
92 1.38533e-24
92.5 1.38024e-24
93 1.37515e-24
93.5 1.37005e-24
94 1.36496e-24
94.5 1.35987e-24
95 1.35478e-24
95.5 1.3497e-24
96 1.34462e-24
96.5 1.33954e-24
97 1.33447e-24
97.5 1.32939e-24
98 1.32431e-24
98.5 1.31924e-24
99 1.31416e-24
99.5 1.30908e-24
100 1.30401e-24
100.5 1.29904e-24
101 1.29407e-24
101.5 1.2891e-24
102 1.28413e-24
102.5 1.27916e-24
103 1.27419e-24
103.5 1.26922e-24
104 1.26426e-24
104.5 1.25929e-24
105 1.25432e-24
105.5 1.24935e-24
106 1.24438e-24
106.5 1.23941e-24
107 1.23444e-24
107.5 1.22947e-24
108 1.2245e-24
108.5 1.21954e-24
109 1.21457e-24
109.5 1.2096e-24
110 1.20463e-24
110.5 1.19996e-24
111 1.19529e-24
111.5 1.19063e-24
112 1.18596e-24
112.5 1.18129e-24
113 1.17662e-24
113.5 1.17195e-24
114 1.16729e-24
114.5 1.16262e-24
115 1.15795e-24
115.5 1.15328e-24
116 1.14861e-24
116.5 1.14395e-24
117 1.13928e-24
117.5 1.13461e-24
118 1.12994e-24
118.5 1.12527e-24
119 1.12061e-24
119.5 1.11594e-24
120 1.11127e-24
120.5 1.1071e-24
121 1.10292e-24
121.5 1.09875e-24
122 1.09458e-24
122.5 1.09041e-24
123 1.08623e-24
123.5 1.08206e-24
124 1.07789e-24
124.5 1.07372e-24
125 1.06954e-24
125.5 1.06537e-24
126 1.0612e-24
126.5 1.05702e-24
127 1.05285e-24
127.5 1.04868e-24
128 1.04451e-24
128.5 1.04033e-24
129 1.03616e-24
129.5 1.03199e-24
130 1.02782e-24
