0.5 130 260
260
0.5 0
1 1.93548e-28
1.5 4.89102e-28
2 9.70654e-28
2.5 1.6854e-27
3 2.68823e-27
3.5 4.04395e-27
4 5.83033e-27
4.5 8.14265e-27
5 1.11004e-26
5.5 1.48575e-26
6 1.96151e-26
6.5 2.56388e-26
7 3.32805e-26
7.5 4.3009e-26
8 5.54542e-26
8.5 7.14702e-26
9 9.22157e-26
9.5 1.19218e-25
10 1.5429e-25
10.5 1.98901e-25
11 2.52338e-25
11.5 3.08946e-25
12 3.59135e-25
12.5 3.98943e-25
13 4.36794e-25
13.5 4.86599e-25
14 5.60357e-25
14.5 6.6887e-25
15 8.2622e-25
15.5 1.05563e-24
16 1.39877e-24
16.5 1.9321e-24
17 2.78223e-24
17.5 4.02718e-24
18 5.17229e-24
18.5 5.3908e-24
19 5.27429e-24
19.5 5.45601e-24
20 5.82203e-24
20.5 5.84085e-24
21 5.85966e-24
21.5 5.2385e-24
22 4.61734e-24
22.5 3.96557e-24
23 3.3138e-24
23.5 2.87914e-24
24 2.44447e-24
24.5 2.18804e-24
25 1.93161e-24
25.5 1.78968e-24
26 1.64775e-24
26.5 1.57381e-24
27 1.49987e-24
27.5 1.45437e-24
28 1.40886e-24
28.5 1.35834e-24
29 1.30782e-24
29.5 1.24026e-24
30 1.1727e-24
30.5 1.10108e-24
31 1.02947e-24
31.5 9.57861e-25
32 8.8625e-25
32.5 8.34947e-25
33 7.83645e-25
33.5 7.32342e-25
34 6.81039e-25
34.5 6.49038e-25
35 6.17037e-25
35.5 5.85036e-25
36 5.53034e-25
36.5 5.32848e-25
37 5.12661e-25
37.5 4.92474e-25
38 4.72287e-25
38.5 4.59088e-25
39 4.45889e-25
39.5 4.32691e-25
40 4.19492e-25
40.5 4.10591e-25
41 4.0169e-25
41.5 3.92788e-25
42 3.83887e-25
42.5 3.77749e-25
43 3.7161e-25
43.5 3.65472e-25
44 3.59334e-25
44.5 3.55037e-25
45 3.5074e-25
45.5 3.46443e-25
46 3.42146e-25
46.5 3.39108e-25
47 3.3607e-25
47.5 3.33033e-25
48 3.29995e-25
48.5 3.27833e-25
49 3.25672e-25
49.5 3.2351e-25
50 3.21348e-25
50.5 3.198e-25
51 3.18252e-25
51.5 3.16705e-25
52 3.15157e-25
52.5 3.1404e-25
53 3.12923e-25
53.5 3.11807e-25
54 3.1069e-25
54.5 3.09873e-25
55 3.09057e-25
55.5 3.0824e-25
56 3.07424e-25
56.5 3.06812e-25
57 3.06201e-25
57.5 3.0559e-25
58 3.04979e-25
58.5 3.04504e-25
59 3.04029e-25
59.5 3.03554e-25
60 3.03079e-25
60.5 3.02689e-25
61 3.02299e-25
61.5 3.01909e-25
62 3.01519e-25
62.5 3.01177e-25
63 3.00834e-25
63.5 3.00492e-25
64 3.00149e-25
64.5 2.99826e-25
65 2.99503e-25
65.5 2.99181e-25
66 2.98858e-25
66.5 2.98534e-25
67 2.98211e-25
67.5 2.97887e-25
68 2.97564e-25
68.5 2.97225e-25
69 2.96887e-25
69.5 2.96548e-25
70 2.96209e-25
70.5 2.95845e-25
71 2.9548e-25
71.5 2.95116e-25
72 2.94751e-25
72.5 2.94354e-25
73 2.93957e-25
73.5 2.93559e-25
74 2.93162e-25
74.5 2.92727e-25
75 2.92292e-25
75.5 2.91857e-25
76 2.91422e-25
76.5 2.90947e-25
77 2.90472e-25
77.5 2.89997e-25
78 2.89521e-25
78.5 2.89005e-25
79 2.88488e-25
79.5 2.87971e-25
80 2.87454e-25
80.5 2.86865e-25
81 2.86276e-25
81.5 2.85687e-25
82 2.85098e-25
82.5 2.84508e-25
83 2.83919e-25
83.5 2.8333e-25
84 2.82741e-25
84.5 2.82152e-25
85 2.81563e-25
85.5 2.80878e-25
86 2.80192e-25
86.5 2.79507e-25
87 2.78822e-25
87.5 2.78136e-25
88 2.77451e-25
88.5 2.76766e-25
89 2.76081e-25
89.5 2.75395e-25
90 2.7471e-25
90.5 2.73943e-25
91 2.73177e-25
91.5 2.7241e-25
92 2.71643e-25
92.5 2.70877e-25
93 2.7011e-25
93.5 2.69343e-25
94 2.68577e-25
94.5 2.6781e-25
95 2.67043e-25
95.5 2.66213e-25
96 2.65384e-25
96.5 2.64554e-25
97 2.63724e-25
97.5 2.62894e-25
98 2.62065e-25
98.5 2.61235e-25
99 2.60405e-25
99.5 2.59575e-25
100 2.58745e-25
100.5 2.57861e-25
101 2.56977e-25
101.5 2.56092e-25
102 2.55208e-25
102.5 2.54324e-25
103 2.53439e-25
103.5 2.52555e-25
104 2.51671e-25
104.5 2.50786e-25
105 2.49902e-25
105.5 2.49018e-25
106 2.48133e-25
106.5 2.47249e-25
107 2.46365e-25
107.5 2.4548e-25
108 2.44596e-25
108.5 2.43712e-25
109 2.42827e-25
109.5 2.41943e-25
110 2.41059e-25
110.5 2.40169e-25
111 2.39279e-25
111.5 2.38389e-25
112 2.37499e-25
112.5 2.36609e-25
113 2.35719e-25
113.5 2.34829e-25
114 2.33939e-25
114.5 2.33049e-25
115 2.32159e-25
115.5 2.31269e-25
116 2.30379e-25
116.5 2.29489e-25
117 2.28599e-25
117.5 2.27709e-25
118 2.26819e-25
118.5 2.25929e-25
119 2.25039e-25
119.5 2.24149e-25
120 2.23259e-25
120.5 2.22441e-25
121 2.21622e-25
121.5 2.20803e-25
122 2.19985e-25
122.5 2.19166e-25
123 2.18347e-25
123.5 2.17529e-25
124 2.1671e-25
124.5 2.15891e-25
125 2.15073e-25
125.5 2.14254e-25
126 2.13435e-25
126.5 2.12617e-25
127 2.11798e-25
127.5 2.10979e-25
128 2.10161e-25
128.5 2.09342e-25
129 2.08523e-25
129.5 2.07705e-25
130 2.06886e-25
