0.5 130 260
260
0.5 0
1 4.48713e-27
1.5 1.28662e-26
2 2.82169e-26
2.5 5.33e-26
3 9.16277e-26
3.5 1.47782e-25
4 2.27812e-25
4.5 3.39597e-25
5 4.9275e-25
5.5 6.97151e-25
6 9.60155e-25
6.5 1.28837e-24
7 1.70248e-24
7.5 2.25335e-24
8 3.02305e-24
8.5 4.1273e-24
9 5.7344e-24
9.5 8.09507e-24
10 1.15798e-23
10.5 1.6718e-23
11 2.39929e-23
11.5 3.26804e-23
12 3.99326e-23
12.5 4.44298e-23
13 4.83193e-23
13.5 5.21659e-23
14 5.35552e-23
14.5 5.06228e-23
15 4.44655e-23
15.5 3.74431e-23
16 3.10818e-23
16.5 2.58619e-23
17 2.17381e-23
17.5 1.85088e-23
18 1.59681e-23
18.5 1.39479e-23
19 1.23209e-23
19.5 1.09932e-23
20 9.89582e-24
20.5 9.03093e-24
21 8.16604e-24
21.5 7.53326e-24
22 6.90049e-24
22.5 6.4211e-24
23 5.94171e-24
23.5 5.56806e-24
24 5.19441e-24
24.5 4.89642e-24
25 4.59843e-24
25.5 4.35638e-24
26 4.11433e-24
26.5 3.91486e-24
27 3.71539e-24
27.5 3.54916e-24
28 3.38293e-24
28.5 3.24322e-24
29 3.1035e-24
29.5 2.98534e-24
30 2.86717e-24
30.5 2.77422e-24
31 2.68127e-24
31.5 2.58832e-24
32 2.49537e-24
32.5 2.42758e-24
33 2.3598e-24
33.5 2.29201e-24
34 2.22423e-24
34.5 2.17466e-24
35 2.1251e-24
35.5 2.07553e-24
36 2.02596e-24
36.5 1.98979e-24
37 1.95361e-24
37.5 1.91744e-24
38 1.88127e-24
38.5 1.855e-24
39 1.82872e-24
39.5 1.80245e-24
40 1.77618e-24
40.5 1.75721e-24
41 1.73824e-24
41.5 1.71927e-24
42 1.70029e-24
42.5 1.68665e-24
43 1.67302e-24
43.5 1.65938e-24
44 1.64574e-24
44.5 1.63595e-24
45 1.62617e-24
45.5 1.61638e-24
46 1.60659e-24
46.5 1.59953e-24
47 1.59247e-24
47.5 1.58541e-24
48 1.57835e-24
48.5 1.57317e-24
49 1.56799e-24
49.5 1.56281e-24
50 1.55763e-24
50.5 1.55368e-24
51 1.54973e-24
51.5 1.54578e-24
52 1.54183e-24
52.5 1.53863e-24
53 1.53543e-24
53.5 1.53224e-24
54 1.52904e-24
54.5 1.52624e-24
55 1.52344e-24
55.5 1.52064e-24
56 1.51784e-24
56.5 1.51517e-24
57 1.51249e-24
57.5 1.50982e-24
58 1.50715e-24
58.5 1.50442e-24
59 1.50168e-24
59.5 1.49895e-24
60 1.49621e-24
60.5 1.49328e-24
61 1.49034e-24
61.5 1.4874e-24
62 1.48446e-24
62.5 1.48123e-24
63 1.478e-24
63.5 1.47477e-24
64 1.47153e-24
64.5 1.46794e-24
65 1.46435e-24
65.5 1.46075e-24
66 1.45716e-24
66.5 1.45319e-24
67 1.44921e-24
67.5 1.44524e-24
68 1.44126e-24
68.5 1.43687e-24
69 1.43248e-24
69.5 1.42809e-24
70 1.4237e-24
70.5 1.41891e-24
71 1.41413e-24
71.5 1.40934e-24
72 1.40455e-24
72.5 1.39936e-24
73 1.39418e-24
73.5 1.38899e-24
74 1.3838e-24
74.5 1.37822e-24
75 1.37264e-24
75.5 1.36706e-24
76 1.36148e-24
76.5 1.35553e-24
77 1.34957e-24
77.5 1.34362e-24
78 1.33766e-24
78.5 1.33139e-24
79 1.32512e-24
79.5 1.31884e-24
80 1.31257e-24
80.5 1.30578e-24
81 1.29899e-24
81.5 1.2922e-24
82 1.28541e-24
82.5 1.27862e-24
83 1.27183e-24
83.5 1.26504e-24
84 1.25825e-24
84.5 1.25146e-24
85 1.24467e-24
85.5 1.23737e-24
86 1.23007e-24
86.5 1.22278e-24
87 1.21548e-24
87.5 1.20819e-24
88 1.20089e-24
88.5 1.19359e-24
89 1.1863e-24
89.5 1.179e-24
90 1.17171e-24
90.5 1.16415e-24
91 1.1566e-24
91.5 1.14904e-24
92 1.14149e-24
92.5 1.13393e-24
93 1.12638e-24
93.5 1.11882e-24
94 1.11127e-24
94.5 1.10371e-24
95 1.09616e-24
95.5 1.08859e-24
96 1.08102e-24
96.5 1.07345e-24
97 1.06588e-24
97.5 1.05831e-24
98 1.05074e-24
98.5 1.04317e-24
99 1.0356e-24
99.5 1.02803e-24
100 1.02047e-24
100.5 1.01325e-24
101 1.00603e-24
101.5 9.98813e-25
102 9.91595e-25
102.5 9.84378e-25
103 9.7716e-25
103.5 9.69943e-25
104 9.62725e-25
104.5 9.55508e-25
105 9.4829e-25
105.5 9.41073e-25
106 9.33856e-25
106.5 9.26638e-25
107 9.19421e-25
107.5 9.12203e-25
108 9.04986e-25
108.5 8.97768e-25
109 8.90551e-25
109.5 8.83333e-25
110 8.76116e-25
110.5 8.69751e-25
111 8.63387e-25
111.5 8.57022e-25
112 8.50658e-25
112.5 8.44293e-25
113 8.37929e-25
113.5 8.31564e-25
114 8.252e-25
114.5 8.18835e-25
115 8.12471e-25
115.5 8.06106e-25
116 7.99742e-25
116.5 7.93377e-25
117 7.87012e-25
117.5 7.80648e-25
118 7.74283e-25
118.5 7.67919e-25
119 7.61554e-25
119.5 7.5519e-25
120 7.48825e-25
120.5 7.43527e-25
121 7.3823e-25
121.5 7.32932e-25
122 7.27634e-25
122.5 7.22336e-25
123 7.17038e-25
123.5 7.1174e-25
124 7.06442e-25
124.5 7.01144e-25
125 6.95846e-25
125.5 6.90549e-25
126 6.85251e-25
126.5 6.79953e-25
127 6.74655e-25
127.5 6.69357e-25
128 6.64059e-25
128.5 6.58761e-25
129 6.53463e-25
129.5 6.48165e-25
130 6.42868e-25
