6.5 130 248
248
6.5 0
7 1.9093e-27
7.5 2.58352e-27
8 3.25774e-27
8.5 4.25508e-27
9 5.25242e-27
9.5 6.68108e-27
10 8.10973e-27
10.5 1.01122e-26
11 1.21147e-26
11.5 1.48883e-26
12 1.76618e-26
12.5 2.15007e-26
13 2.53396e-26
13.5 3.07277e-26
14 3.61159e-26
14.5 4.39314e-26
15 5.17469e-26
15.5 6.37017e-26
16 7.56566e-26
16.5 9.52003e-26
17 1.14744e-25
17.5 1.48748e-25
18 1.82752e-25
18.5 2.43825e-25
19 3.04898e-25
19.5 4.10595e-25
20 5.16292e-25
20.5 6.72258e-25
21 8.28224e-25
21.5 9.90996e-25
22 1.15377e-24
22.5 1.23629e-24
23 1.31882e-24
23.5 1.29825e-24
24 1.27767e-24
24.5 1.211e-24
25 1.14432e-24
25.5 1.07554e-24
26 1.00676e-24
26.5 9.48972e-25
27 8.91179e-25
27.5 8.44859e-25
28 7.98539e-25
28.5 7.61467e-25
29 7.24394e-25
29.5 6.9435e-25
30 6.64307e-25
30.5 6.39532e-25
31 6.14757e-25
31.5 5.93921e-25
32 5.73085e-25
32.5 5.55199e-25
33 5.37313e-25
33.5 5.21654e-25
34 5.05995e-25
34.5 4.9204e-25
35 4.78086e-25
35.5 4.65466e-25
36 4.52846e-25
36.5 4.41299e-25
37 4.29752e-25
37.5 4.19095e-25
38 4.08437e-25
38.5 3.98539e-25
39 3.8864e-25
39.5 3.79407e-25
40 3.70173e-25
40.5 3.61534e-25
41 3.52896e-25
41.5 3.44798e-25
42 3.367e-25
42.5 3.29099e-25
43 3.21498e-25
43.5 3.14357e-25
44 3.07217e-25
44.5 3.00505e-25
45 2.93793e-25
45.5 2.87481e-25
46 2.81169e-25
46.5 2.7523e-25
47 2.69292e-25
47.5 2.63703e-25
48 2.58114e-25
48.5 2.52851e-25
49 2.47589e-25
49.5 2.42632e-25
50 2.37676e-25
50.5 2.33005e-25
51 2.28334e-25
51.5 2.23931e-25
52 2.19527e-25
52.5 2.15373e-25
53 2.11219e-25
53.5 2.07299e-25
54 2.03379e-25
54.5 1.99676e-25
55 1.95974e-25
55.5 1.92476e-25
56 1.88978e-25
56.5 1.85671e-25
57 1.82364e-25
57.5 1.79235e-25
58 1.76107e-25
58.5 1.73145e-25
59 1.70184e-25
59.5 1.67379e-25
60 1.64573e-25
60.5 1.61915e-25
61 1.59256e-25
61.5 1.56735e-25
62 1.54213e-25
62.5 1.51821e-25
63 1.49428e-25
63.5 1.47156e-25
64 1.44885e-25
64.5 1.42726e-25
65 1.40568e-25
65.5 1.38516e-25
66 1.36465e-25
66.5 1.34513e-25
67 1.32562e-25
67.5 1.30704e-25
68 1.28847e-25
68.5 1.27079e-25
69 1.2531e-25
69.5 1.23626e-25
70 1.21941e-25
70.5 1.20335e-25
71 1.18729e-25
71.5 1.17198e-25
72 1.15666e-25
72.5 1.14205e-25
73 1.12744e-25
73.5 1.11349e-25
74 1.09955e-25
74.5 1.08623e-25
75 1.07291e-25
75.5 1.06019e-25
76 1.04746e-25
76.5 1.0353e-25
77 1.02314e-25
77.5 1.01151e-25
78 9.99883e-26
78.5 9.8876e-26
79 9.77638e-26
79.5 9.66996e-26
80 9.56353e-26
80.5 9.46167e-26
81 9.3598e-26
81.5 9.26227e-26
82 9.16473e-26
82.5 9.07131e-26
83 8.9779e-26
83.5 8.8884e-26
84 8.7989e-26
84.5 8.71313e-26
85 8.62736e-26
85.5 8.54514e-26
86 8.46293e-26
86.5 8.3841e-26
87 8.30527e-26
87.5 8.22968e-26
88 8.15408e-26
88.5 8.08158e-26
89 8.00907e-26
89.5 7.93951e-26
90 7.86995e-26
90.5 7.80321e-26
91 7.73647e-26
91.5 7.67242e-26
92 7.60838e-26
92.5 7.54692e-26
93 7.48546e-26
93.5 7.42647e-26
94 7.36748e-26
94.5 7.31086e-26
95 7.25425e-26
95.5 7.19991e-26
96 7.14557e-26
96.5 7.09342e-26
97 7.04127e-26
97.5 6.99123e-26
98 6.94118e-26
98.5 6.89316e-26
99 6.84514e-26
99.5 6.79907e-26
100 6.753e-26
100.5 6.70881e-26
101 6.66462e-26
101.5 6.62225e-26
102 6.57988e-26
102.5 6.53927e-26
103 6.49866e-26
103.5 6.45975e-26
104 6.42084e-26
104.5 6.38359e-26
105 6.34633e-26
105.5 6.31069e-26
106 6.14362e-26
106.5 6.11336e-26
107 6.08323e-26
107.5 6.05324e-26
108 6.0234e-26
108.5 5.99369e-26
109 5.96434e-26
109.5 5.9383e-26
110 5.91237e-26
110.5 5.88657e-26
111 5.86088e-26
111.5 5.8353e-26
112 5.80984e-26
112.5 5.78787e-26
113 5.76611e-26
113.5 5.74445e-26
114 5.72289e-26
114.5 5.70142e-26
115 5.68004e-26
115.5 5.66133e-26
116 5.64384e-26
116.5 5.62642e-26
117 5.60907e-26
117.5 5.5918e-26
118 5.5746e-26
118.5 5.55848e-26
119 5.54549e-26
119.5 5.53256e-26
120 5.51968e-26
120.5 5.50685e-26
121 5.49408e-26
121.5 5.48136e-26
122 5.47156e-26
122.5 5.46356e-26
123 5.45558e-26
123.5 5.44764e-26
124 5.43973e-26
124.5 5.43186e-26
125 5.42401e-26
125.5 5.42057e-26
126 5.41818e-26
126.5 5.4158e-26
127 5.41342e-26
127.5 5.41106e-26
128 5.4087e-26
128.5 5.40636e-26
129 5.40924e-26
129.5 5.41337e-26
130 5.41748e-26
