5.5 130 250
250
5.5 0
6 2.39337e-27
6.5 3.78608e-27
7 5.17879e-27
7.5 8.16908e-27
8 1.11594e-26
8.5 1.73957e-26
9 2.3632e-26
9.5 3.61088e-26
10 4.85856e-26
10.5 7.24365e-26
11 9.62874e-26
11.5 1.39865e-25
12 1.83443e-25
12.5 2.59606e-25
13 3.3577e-25
13.5 4.62885e-25
14 5.9e-25
14.5 7.91104e-25
15 9.92209e-25
15.5 1.28948e-24
16 1.58675e-24
16.5 1.98977e-24
17 2.3928e-24
17.5 2.88283e-24
18 3.37285e-24
18.5 3.85713e-24
19 4.34142e-24
19.5 4.59363e-24
20 4.84585e-24
20.5 4.75618e-24
21 4.66651e-24
21.5 4.40295e-24
22 4.13938e-24
22.5 3.85469e-24
23 3.56999e-24
23.5 3.31821e-24
24 3.06642e-24
24.5 2.85727e-24
25 2.64812e-24
25.5 2.47802e-24
26 2.30791e-24
26.5 2.17017e-24
27 2.03242e-24
27.5 1.92044e-24
28 1.80845e-24
28.5 1.71659e-24
29 1.62473e-24
29.5 1.54849e-24
30 1.47224e-24
30.5 1.40809e-24
31 1.34394e-24
31.5 1.28922e-24
32 1.2345e-24
32.5 1.18719e-24
33 1.13988e-24
33.5 1.09847e-24
34 1.05706e-24
34.5 1.02044e-24
35 9.83813e-25
35.5 9.51126e-25
36 9.1844e-25
36.5 8.89056e-25
37 8.59672e-25
37.5 8.33104e-25
38 8.06536e-25
38.5 7.82404e-25
39 7.58272e-25
39.5 7.36275e-25
40 7.14277e-25
40.5 6.94168e-25
41 6.74058e-25
41.5 6.55634e-25
42 6.3721e-25
42.5 6.20298e-25
43 6.03387e-25
43.5 5.8784e-25
44 5.72292e-25
44.5 5.5798e-25
45 5.43668e-25
45.5 5.30478e-25
46 5.17287e-25
46.5 5.05117e-25
47 4.92947e-25
47.5 4.81708e-25
48 4.70468e-25
48.5 4.60078e-25
49 4.49688e-25
49.5 4.40075e-25
50 4.30461e-25
50.5 4.21559e-25
51 4.12656e-25
51.5 4.04405e-25
52 3.96154e-25
52.5 3.88501e-25
53 3.80848e-25
53.5 3.73744e-25
54 3.66639e-25
54.5 3.6004e-25
55 3.5344e-25
55.5 3.47305e-25
56 3.4117e-25
56.5 3.35463e-25
57 3.29756e-25
57.5 3.24444e-25
58 3.19131e-25
58.5 3.14183e-25
59 3.09235e-25
59.5 3.04623e-25
60 3.00011e-25
60.5 2.95711e-25
61 2.9141e-25
61.5 2.87398e-25
62 2.83386e-25
62.5 2.79641e-25
63 2.75895e-25
63.5 2.72398e-25
64 2.689e-25
64.5 2.65632e-25
65 2.62365e-25
65.5 2.59311e-25
66 2.56256e-25
66.5 2.53401e-25
67 2.50545e-25
67.5 2.47874e-25
68 2.45204e-25
68.5 2.42705e-25
69 2.40206e-25
69.5 2.37868e-25
70 2.35529e-25
70.5 2.33341e-25
71 2.31152e-25
71.5 2.29102e-25
72 2.27053e-25
72.5 2.25134e-25
73 2.23215e-25
73.5 2.21418e-25
74 2.1962e-25
74.5 2.17937e-25
75 2.16253e-25
75.5 2.14676e-25
76 2.13099e-25
76.5 2.11621e-25
77 2.10144e-25
77.5 2.08759e-25
78 2.07375e-25
78.5 2.06078e-25
79 2.04781e-25
79.5 2.03565e-25
80 2.0235e-25
80.5 2.01211e-25
81 2.00073e-25
81.5 1.99006e-25
82 1.97939e-25
82.5 1.96939e-25
83 1.9594e-25
83.5 1.95004e-25
84 1.94067e-25
84.5 1.9319e-25
85 1.92313e-25
85.5 1.91492e-25
86 1.90671e-25
86.5 1.89902e-25
87 1.89133e-25
87.5 1.88413e-25
88 1.87693e-25
88.5 1.87019e-25
89 1.86345e-25
89.5 1.85715e-25
90 1.85084e-25
90.5 1.84495e-25
91 1.83905e-25
91.5 1.83354e-25
92 1.82802e-25
92.5 1.82287e-25
93 1.81772e-25
93.5 1.81291e-25
94 1.8081e-25
94.5 1.80361e-25
95 1.79912e-25
95.5 1.79493e-25
96 1.79074e-25
96.5 1.78684e-25
97 1.78294e-25
97.5 1.77931e-25
98 1.77569e-25
98.5 1.77231e-25
99 1.76894e-25
99.5 1.76581e-25
100 1.76269e-25
100.5 1.75979e-25
101 1.7569e-25
101.5 1.75423e-25
102 1.75155e-25
102.5 1.7491e-25
103 1.74664e-25
103.5 1.74438e-25
104 1.74213e-25
104.5 1.74008e-25
105 1.73802e-25
105.5 1.73616e-25
106 1.69681e-25
106.5 1.69595e-25
107 1.6951e-25
107.5 1.69425e-25
108 1.6934e-25
108.5 1.69255e-25
109 1.69174e-25
109.5 1.69135e-25
110 1.69095e-25
110.5 1.69056e-25
111 1.69017e-25
111.5 1.68978e-25
112 1.6894e-25
112.5 1.68951e-25
113 1.68965e-25
113.5 1.68978e-25
114 1.68991e-25
114.5 1.69004e-25
115 1.69017e-25
115.5 1.69075e-25
116 1.69152e-25
116.5 1.69228e-25
117 1.69304e-25
117.5 1.6938e-25
118 1.69455e-25
118.5 1.69551e-25
119 1.69707e-25
119.5 1.69862e-25
120 1.70017e-25
120.5 1.70171e-25
121 1.70325e-25
121.5 1.70478e-25
122 1.70695e-25
122.5 1.70952e-25
123 1.71208e-25
123.5 1.71463e-25
124 1.71716e-25
124.5 1.71969e-25
125 1.72221e-25
125.5 1.72583e-25
126 1.72969e-25
126.5 1.73355e-25
127 1.73738e-25
127.5 1.7412e-25
128 1.74501e-25
128.5 1.7488e-25
129 1.75402e-25
129.5 1.75956e-25
130 1.76508e-25
