0.9 130 82
82
0.9 0
1 1.50467e-27
1.5 4.25507e-27
2 9.21149e-27
2.5 1.71716e-26
3 2.9107e-26
3.5 4.62345e-26
4 7.01178e-26
4.5 1.02814e-25
5 1.47086e-25
5.5 2.06703e-25
6 2.86818e-25
6.5 3.94289e-25
7 5.37521e-25
7.5 7.2515e-25
8 9.64587e-25
8.5 1.26704e-24
9 1.66033e-24
9.5 2.17843e-24
10 2.79449e-24
10.5 3.39727e-24
11 3.99178e-24
11.5 4.77031e-24
12 5.91995e-24
12.5 7.57292e-24
13 9.828e-24
13.5 1.26888e-23
14 1.58954e-23
14.5 1.88246e-23
15 2.08164e-23
15.5 2.1669e-23
16 2.15388e-23
16.5 2.05875e-23
17 1.89879e-23
17.5 1.70139e-23
18 1.49618e-23
18.5 1.30414e-23
19 1.13518e-23
19.5 9.91398e-24
20 8.70944e-24
21 6.84955e-24
22 5.53897e-24
23 4.59087e-24
24 3.88472e-24
25 3.34431e-24
26 2.92085e-24
27 2.58233e-24
28 2.3072e-24
29 2.08054e-24
30 1.8918e-24
32 1.59927e-24
34 1.38833e-24
36 1.23428e-24
38 1.1212e-24
40 1.03815e-24
42 9.77345e-25
44 9.33045e-25
46 9.00984e-25
48 8.77956e-25
50 8.61544e-25
52 8.49922e-25
54 8.41709e-25
56 8.35865e-25
58 8.31605e-25
60 8.28341e-25
62 8.2563e-25
64 8.23145e-25
66 8.20643e-25
68 8.17949e-25
70 8.14936e-25
72 8.11518e-25
74 8.07638e-25
76 8.03262e-25
78 7.98373e-25
80 7.9297e-25
85 7.77278e-25
90 7.58742e-25
95 7.3783e-25
100 7.15092e-25
110 6.66442e-25
120 6.17362e-25
130 5.72167e-25
