0.9 130 82
82
0.9 0
1 1.99701e-27
1.5 5.89174e-27
2 1.32065e-26
2.5 2.54596e-26
3 4.47418e-26
3.5 7.4071e-26
4 1.17948e-25
4.5 1.83115e-25
5 2.79057e-25
5.5 4.16088e-25
6 5.95686e-25
6.5 7.93482e-25
7 9.68149e-25
7.5 1.11412e-24
8 1.2725e-24
8.5 1.48721e-24
9 1.78182e-24
9.5 2.16028e-24
10 2.62235e-24
10.5 3.19535e-24
11 3.94804e-24
11.5 4.97222e-24
12 6.36894e-24
12.5 8.24928e-24
13 1.07281e-23
13.5 1.38752e-23
14 1.75791e-23
14.5 2.13486e-23
15 2.42719e-23
15.5 2.54521e-23
16 2.46851e-23
16.5 2.25611e-23
17 1.9912e-23
17.5 1.73458e-23
18 1.51638e-23
18.5 1.34101e-23
19 1.18682e-23
19.5 1.03517e-23
20 8.99007e-24
21 6.9633e-24
22 5.61801e-24
23 4.66923e-24
24 3.96734e-24
25 3.42964e-24
26 3.00652e-24
27 2.66649e-24
28 2.38864e-24
29 2.15861e-24
30 1.9662e-24
32 1.66645e-24
34 1.44928e-24
36 1.29035e-24
38 1.17367e-24
40 1.08811e-24
42 1.02564e-24
44 9.80299e-25
46 9.4765e-25
48 9.24341e-25
50 9.07849e-25
52 8.96273e-25
54 8.88177e-25
56 8.82483e-25
58 8.78378e-25
60 8.75254e-25
62 8.72657e-25
64 8.70251e-25
66 8.67787e-25
68 8.65087e-25
70 8.62023e-25
72 8.58509e-25
74 8.54488e-25
76 8.49928e-25
78 8.44812e-25
80 8.39142e-25
85 8.22623e-25
90 8.03059e-25
95 7.80961e-25
100 7.56915e-25
110 7.05442e-25
120 6.53499e-25
130 6.05661e-25
