0.9 130 82
82
0.9 0
1 3.15484e-27
1.5 9.53192e-27
2 2.0038e-26
2.5 3.38005e-26
3 5.0731e-26
3.5 7.24185e-26
4 1.01192e-25
4.5 1.39673e-25
5 1.91065e-25
5.5 2.59654e-25
6 3.51303e-25
6.5 4.73636e-25
7 6.35139e-25
7.5 8.41983e-25
8 1.09064e-24
8.5 1.35027e-24
9 1.57632e-24
9.5 1.82438e-24
10 2.20532e-24
10.5 2.78399e-24
11 3.61634e-24
11.5 4.78415e-24
12 6.40864e-24
12.5 8.66033e-24
13 1.17516e-23
13.5 1.5845e-23
14 2.07683e-23
14.5 2.55677e-23
15 2.85242e-23
15.5 2.8422e-23
16 2.57661e-23
16.5 2.20402e-23
17 1.83831e-23
17.5 1.52672e-23
18 1.27624e-23
18.5 1.07882e-23
19 9.2343e-24
19.5 8.00255e-24
20 7.01557e-24
21 5.53837e-24
22 4.51756e-24
23 3.78178e-24
24 3.23235e-24
25 2.80997e-24
26 2.4775e-24
27 2.21079e-24
28 1.99356e-24
29 1.81451e-24
30 1.66561e-24
32 1.43598e-24
34 1.27244e-24
36 1.15526e-24
38 1.07142e-24
40 1.01187e-24
42 9.70089e-25
44 9.41278e-25
46 9.21884e-25
48 9.09251e-25
50 9.01396e-25
52 8.96837e-25
54 8.94467e-25
56 8.93461e-25
58 8.93209e-25
60 8.9326e-25
62 8.93283e-25
64 8.93039e-25
66 8.9236e-25
68 8.91129e-25
70 8.89269e-25
72 8.86734e-25
74 8.83502e-25
76 8.79567e-25
78 8.74938e-25
80 8.69632e-25
85 8.53593e-25
90 8.34041e-25
95 8.11616e-25
100 7.87004e-25
110 7.33955e-25
120 6.80179e-25
130 6.30549e-25
