4.999 130 199
199
4.999 0
5 2.85493e-25
5.546 4.42634e-25
5.94003 5.56037e-25
6 5.73296e-25
6.03335 5.90975e-25
6.24861 7.0507e-25
6.58089 8.81192e-25
7 1.10334e-24
7.02397 1.11605e-24
7.04193 1.12557e-24
7.04727 1.1284e-24
7.08153 1.14656e-24
7.10389 1.15841e-24
7.12335 1.16872e-24
7.13264 1.17365e-24
7.13969 1.17738e-24
7.20049 1.20961e-24
7.23107 1.22582e-24
7.24018 1.23065e-24
7.25573 1.23889e-24
7.29413 1.25924e-24
7.30951 1.2674e-24
7.31418 1.26987e-24
7.32134 1.27366e-24
7.32523 1.27573e-24
7.34923 1.28845e-24
7.34928 1.28847e-24
7.36063 1.29449e-24
7.36962 1.29925e-24
7.38403 1.30689e-24
7.4123 1.32188e-24
7.42244 1.32725e-24
7.4243 1.32824e-24
7.44803 1.34082e-24
7.46503 1.34983e-24
7.47907 1.35727e-24
7.49684 1.36669e-24
7.49905 1.36786e-24
7.53745 1.38821e-24
7.54758 1.39358e-24
7.54916 1.39442e-24
7.55233 1.3961e-24
7.55285 1.39637e-24
7.5704 1.40568e-24
7.57043 1.40569e-24
7.57743 1.4094e-24
7.6171 1.317e-24
7.65453 1.23571e-24
7.68528 1.16893e-24
7.6883 1.16263e-24
7.70798 1.1278e-24
7.74871 1.06769e-24
7.75508 1.06458e-24
7.76246 1.06097e-24
7.81191 1.05436e-24
7.83543 1.09747e-24
7.85746 1.17753e-24
7.8884 1.28996e-24
7.89578 1.31832e-24
7.89789 1.33384e-24
7.93411 1.6016e-24
7.94841 1.70732e-24
7.95115 1.72783e-24
7.99383 2.04742e-24
7.99743 2.0744e-24
8 2.09382e-24
8.00104 2.09236e-24
8.00323 2.08934e-24
8.02543 2.05941e-24
8.04067 2.03921e-24
8.05567 2.0195e-24
8.08264 1.98558e-24
8.09299 1.97257e-24
8.09757 1.96681e-24
8.12179 1.93695e-24
8.12522 1.93301e-24
8.12544 1.93277e-24
8.12691 1.93116e-24
8.13706 1.92095e-24
8.14963 1.90848e-24
8.15194 1.90634e-24
8.153 1.9054e-24
8.17186 1.8886e-24
8.17242 1.88811e-24
8.17784 1.88337e-24
8.20127 1.86291e-24
8.2017 1.86409e-24
9 4.07337e-24
10 8.22062e-24
10.946 1.67558e-23
11 1.72431e-23
11.104 1.88857e-23
12 3.30379e-23
12.2 3.61154e-23
12.3 3.74648e-23
12.5 3.96462e-23
12.6 4.04398e-23
13 4.15829e-23
13.026 4.15285e-23
13.2 4.11643e-23
13.328 4.06638e-23
13.4 4.03822e-23
13.6 3.94838e-23
13.952 3.83039e-23
14 3.8143e-23
14.2 3.79598e-23
14.221 3.79314e-23
14.4 3.81655e-23
14.5 3.84029e-23
14.8 3.94736e-23
15.1 4.05181e-23
15.2 4.0704e-23
15.4 4.06436e-23
15.6 3.9886e-23
15.8 3.84226e-23
16 3.63871e-23
16.2 3.40574e-23
16.4 3.20916e-23
16.6 3.01742e-23
16.8 2.81355e-23
17 2.61203e-23
17.2 2.38206e-23
17.203 2.379e-23
17.4 2.17758e-23
17.6 2.02071e-23
17.8 1.87998e-23
18 1.75406e-23
18.2 1.62583e-23
18.288 1.57092e-23
18.4 1.50103e-23
18.52 1.43509e-23
18.572 1.40652e-23
18.5724 1.40632e-23
18.6 1.39114e-23
18.8 1.29769e-23
19 1.19971e-23
19.051 1.17664e-23
19.4 1.01882e-23
19.427 1.01292e-23
20 8.87599e-24
20.4 8.16866e-24
20.744 7.67373e-24
21 7.30542e-24
21.4 6.83103e-24
22 6.2352e-24
22.121 6.1338e-24
23 5.46629e-24
24 4.89337e-24
25 4.45345e-24
26 4.10746e-24
27 3.83001e-24
27.053 3.81807e-24
28 3.60483e-24
28.2 3.56447e-24
28.4 3.52588e-24
28.6 3.48871e-24
28.8 3.45286e-24
29 3.41837e-24
29.1 3.40155e-24
29.3 3.3688e-24
29.35 3.36079e-24
29.55 3.32952e-24
29.6 3.32186e-24
29.9 3.27712e-24
30.15 3.24171e-24
30.2 3.23481e-24
30.4 3.20773e-24
30.5 3.1945e-24
30.7 3.1688e-24
31 3.13176e-24
31.4 3.08502e-24
32 3.02033e-24
32.4 2.98039e-24
33 2.92475e-24
34 2.82615e-24
34.4 2.79601e-24
35 2.73733e-24
35.4 2.71081e-24
36 2.65639e-24
37 2.5995e-24
38 2.54951e-24
39 2.50451e-24
40 2.46438e-24
41 2.42804e-24
42 2.39525e-24
43 2.36511e-24
44 2.33775e-24
45 2.31265e-24
50 2.21118e-24
55 2.13392e-24
61 2.05623e-24
70 1.95018e-24
80 1.8325e-24
90 1.71151e-24
100 1.58882e-24
100.094 1.58773e-24
121 1.3445e-24
130 1.26151e-24
