0.9 130 82
82
0.9 0
1 1.88645e-26
1.5 4.74572e-26
2 9.00453e-26
2.5 1.48344e-25
3 2.25213e-25
3.5 3.24895e-25
4 4.53471e-25
4.5 6.19149e-25
5 8.31752e-25
5.5 1.10076e-24
6 1.43699e-24
6.5 1.8335e-24
7 2.27573e-24
7.5 2.78669e-24
8 3.41684e-24
8.5 4.24228e-24
9 5.36075e-24
9.5 6.90791e-24
10 9.09211e-24
10.5 1.22455e-23
11 1.68787e-23
11.5 2.36172e-23
12 3.25265e-23
12.5 4.13857e-23
13 4.65332e-23
13.5 4.84202e-23
14 4.93719e-23
14.5 4.87946e-23
15 4.53087e-23
15.5 3.94195e-23
16 3.28477e-23
16.5 2.68836e-23
17 2.19892e-23
17.5 1.81425e-23
18 1.51592e-23
18.5 1.28422e-23
19 1.10274e-23
19.5 9.58994e-24
20 8.43743e-24
21 6.70523e-24
22 5.5111e-24
23 4.65706e-24
24 4.0275e-24
25 3.55178e-24
26 3.18494e-24
27 2.89727e-24
28 2.66853e-24
29 2.48452e-24
30 2.33504e-24
32 2.11165e-24
34 1.95806e-24
36 1.85045e-24
38 1.774e-24
40 1.71908e-24
42 1.67926e-24
44 1.65008e-24
46 1.62843e-24
48 1.61205e-24
50 1.59932e-24
52 1.58904e-24
54 1.58033e-24
56 1.57252e-24
58 1.56512e-24
60 1.55776e-24
62 1.55019e-24
64 1.54219e-24
66 1.53363e-24
68 1.52441e-24
70 1.51447e-24
72 1.50377e-24
74 1.49229e-24
76 1.48005e-24
78 1.46704e-24
80 1.4533e-24
85 1.41595e-24
90 1.37487e-24
95 1.33084e-24
100 1.28471e-24
110 1.18967e-24
120 1.09666e-24
130 1.0123e-24
