7.464 130 77
77
7.464 0
7.5 1.05363e-26
8 1.30645e-26
8.5 2.21319e-26
9 2.78686e-26
9.5 3.37342e-26
10 4.08165e-26
10.5 4.95199e-26
11 6.0261e-26
11.5 7.36411e-26
12 9.0431e-26
12.5 1.1172e-25
13 1.38999e-25
13.5 1.74398e-25
14 2.20996e-25
15 3.68716e-25
16 6.59907e-25
16.5 9.1457e-25
17 1.30241e-24
17.5 1.89678e-24
18 2.75053e-24
18.5 3.72718e-24
19 4.47086e-24
19.5 4.95785e-24
20 5.35526e-24
20.5 5.44688e-24
21 5.02592e-24
21.5 4.29727e-24
22 3.57181e-24
22.5 2.99554e-24
23 2.58736e-24
23.5 2.32337e-24
24 2.17468e-24
24.5 2.11519e-24
25 2.11889e-24
25.5 2.15419e-24
26 2.18469e-24
27 2.1136e-24
28 1.8553e-24
29 1.5489e-24
30 1.288e-24
31 1.0887e-24
32 9.3984e-25
33 8.2769e-25
34 7.4155e-25
35 6.7399e-25
36 6.1991e-25
37 5.7583e-25
38 5.3931e-25
39 5.0863e-25
40 4.8252e-25
42 4.4052e-25
44 4.0825e-25
46 3.8268e-25
48 3.6188e-25
50 3.4459e-25
52 3.3001e-25
54 3.1735e-25
56 3.0633e-25
58 2.9663e-25
60 2.8796e-25
62 2.8009e-25
64 2.7295e-25
66 2.6638e-25
68 2.6033e-25
70 2.5468e-25
75 2.4208e-25
80 2.311e-25
85 2.2135e-25
90 2.1258e-25
95 2.046e-25
100 1.9724e-25
105 1.9046e-25
110 1.8416e-25
115 1.783e-25
120 1.7284e-25
130 1.6296e-25
