0.9 130.05 288
288
0.9 0
1.35 2.67937e-27
1.8 5.7668e-27
2.25 1.31047e-26
2.7 2.27031e-26
3.15 3.69632e-26
3.6 5.76064e-26
4.05 8.73061e-26
4.5 1.3006e-25
4.95 1.89347e-25
5.4 2.64858e-25
5.85 3.59093e-25
6.3 4.74442e-25
6.75 6.1227e-25
7.2 7.72431e-25
7.65 9.54349e-25
8.1 1.15913e-24
8.55 1.39177e-24
9 1.86786e-24
9.45 2.45418e-24
9.9 3.04398e-24
10.35 3.78836e-24
10.8 4.75508e-24
11.25 6.01862e-24
11.7 7.66171e-24
12.15 9.7798e-24
12.6 1.24724e-23
13.05 1.58144e-23
13.5 1.98083e-23
13.95 2.42948e-23
14.4 2.86633e-23
14.85 3.20397e-23
15.3 3.34742e-23
15.75 3.26279e-23
16.2 3.01281e-23
16.65 2.69291e-23
17.1 2.37e-23
17.55 2.07769e-23
18 1.82819e-23
18.45 1.62537e-23
18.9 1.45947e-23
19.35 1.32252e-23
19.8 1.20653e-23
20.25 1.10719e-23
20.7 1.01677e-23
21.15 9.3472e-24
21.6 8.66676e-24
22.05 8.01451e-24
22.5 7.49895e-24
22.95 6.99506e-24
23.4 6.58198e-24
23.85 6.19025e-24
24.3 5.84958e-24
24.75 5.54008e-24
25.2 5.25867e-24
25.65 5.00903e-24
26.1 4.7751e-24
26.55 4.57419e-24
27 4.38559e-24
27.45 4.23183e-24
27.9 4.09114e-24
28.35 3.97503e-24
28.8 3.87248e-24
29.25 3.78481e-24
29.7 3.70306e-24
30.15 3.62141e-24
30.6 3.54723e-24
31.05 3.4729e-24
31.5 3.39821e-24
31.95 3.32256e-24
32.4 3.25821e-24
32.85 3.19439e-24
33.3 3.1298e-24
33.75 3.06479e-24
34.2 3.00374e-24
34.65 2.94803e-24
35.1 2.89301e-24
35.55 2.83888e-24
36 2.78558e-24
36.45 2.74049e-24
36.9 2.69768e-24
37.35 2.65702e-24
37.8 2.61843e-24
38.25 2.58527e-24
38.7 2.55681e-24
39.15 2.53016e-24
39.6 2.50529e-24
40.05 2.48269e-24
40.5 2.46484e-24
40.95 2.448e-24
41.4 2.43186e-24
41.85 2.41635e-24
42.3 2.39712e-24
42.75 2.37657e-24
43.2 2.35797e-24
43.65 2.33938e-24
44.1 2.32123e-24
44.55 2.30467e-24
45 2.28811e-24
45.45 2.27674e-24
45.9 2.26536e-24
46.35 2.25515e-24
46.8 2.24527e-24
47.25 2.23539e-24
47.7 2.22551e-24
48.15 2.216e-24
48.6 2.20721e-24
49.05 2.19843e-24
49.5 2.18965e-24
49.95 2.18086e-24
50.4 2.17534e-24
50.85 2.17023e-24
51.3 2.16513e-24
51.75 2.16002e-24
52.2 2.15516e-24
52.65 2.15061e-24
53.1 2.14606e-24
53.55 2.14151e-24
54 2.13696e-24
54.45 2.1328e-24
54.9 2.12864e-24
55.35 2.12448e-24
55.8 2.12032e-24
56.25 2.11631e-24
56.7 2.11241e-24
57.15 2.1085e-24
57.6 2.1046e-24
58.05 2.10072e-24
58.5 2.09698e-24
58.95 2.09324e-24
59.4 2.0895e-24
59.85 2.08576e-24
60.3 2.08208e-24
60.75 2.07842e-24
61.2 2.07477e-24
61.65 2.07112e-24
62.1 2.06747e-24
62.55 2.06386e-24
63 2.06024e-24
63.45 2.05662e-24
63.9 2.053e-24
64.35 2.04938e-24
64.8 2.04576e-24
65.25 2.04214e-24
65.7 2.03851e-24
66.15 2.03488e-24
66.6 2.03122e-24
67.05 2.02756e-24
67.5 2.0239e-24
67.95 2.02024e-24
68.4 2.01654e-24
68.85 2.01282e-24
69.3 2.00911e-24
69.75 2.0054e-24
70.2 2.00169e-24
70.65 1.998e-24
71.1 1.99431e-24
71.55 1.99062e-24
72 1.98693e-24
72.45 1.98316e-24
72.9 1.97939e-24
73.35 1.97562e-24
73.8 1.97185e-24
74.25 1.96803e-24
74.7 1.96418e-24
75.15 1.96033e-24
75.6 1.95647e-24
76.05 1.95261e-24
76.5 1.94867e-24
76.95 1.94472e-24
77.4 1.94078e-24
77.85 1.93684e-24
78.3 1.93284e-24
78.75 1.92881e-24
79.2 1.92478e-24
79.65 1.92075e-24
80.1 1.91669e-24
80.55 1.91251e-24
81 1.90834e-24
81.45 1.90416e-24
81.9 1.89998e-24
82.35 1.89581e-24
82.8 1.89163e-24
83.25 1.88745e-24
83.7 1.88327e-24
84.15 1.8791e-24
84.6 1.87492e-24
85.05 1.87072e-24
85.5 1.86635e-24
85.95 1.86198e-24
86.4 1.85761e-24
86.85 1.85325e-24
87.3 1.84888e-24
87.75 1.84451e-24
88.2 1.84014e-24
88.65 1.83577e-24
89.1 1.8314e-24
89.55 1.82703e-24
90 1.82266e-24
90.45 1.81813e-24
90.9 1.8136e-24
91.35 1.80908e-24
91.8 1.80455e-24
92.25 1.80002e-24
92.7 1.79549e-24
93.15 1.79096e-24
93.6 1.78643e-24
94.05 1.78191e-24
94.5 1.77738e-24
94.95 1.77285e-24
95.4 1.76821e-24
95.85 1.76356e-24
96.3 1.75891e-24
96.75 1.75426e-24
97.2 1.74962e-24
97.65 1.74497e-24
98.1 1.74032e-24
98.55 1.73567e-24
99 1.73102e-24
99.45 1.72637e-24
99.9 1.72172e-24
100.35 1.71801e-24
100.8 1.71457e-24
101.25 1.71112e-24
101.7 1.70768e-24
102.15 1.70424e-24
102.6 1.7008e-24
103.05 1.69735e-24
103.5 1.69391e-24
103.95 1.69047e-24
104.4 1.68703e-24
104.85 1.68358e-24
105.3 1.68014e-24
105.75 1.6767e-24
106.2 1.67326e-24
106.65 1.66981e-24
107.1 1.66637e-24
107.55 1.66293e-24
108 1.65949e-24
108.45 1.65604e-24
108.9 1.6526e-24
109.35 1.64916e-24
109.8 1.64572e-24
110.25 1.64227e-24
110.7 1.63883e-24
111.15 1.63539e-24
111.6 1.63195e-24
112.05 1.62851e-24
112.5 1.62507e-24
112.95 1.62163e-24
113.4 1.61818e-24
113.85 1.61474e-24
114.3 1.6113e-24
114.75 1.60786e-24
115.2 1.60442e-24
115.65 1.60098e-24
116.1 1.59754e-24
116.55 1.59409e-24
117 1.59065e-24
117.45 1.58721e-24
117.9 1.58377e-24
118.35 1.58033e-24
118.8 1.57689e-24
119.25 1.57345e-24
119.7 1.57e-24
120.15 1.56661e-24
120.6 1.56333e-24
121.05 1.56004e-24
121.5 1.55675e-24
121.95 1.55347e-24
122.4 1.55018e-24
122.85 1.54689e-24
123.3 1.54361e-24
123.75 1.54032e-24
124.2 1.53703e-24
124.65 1.53374e-24
125.1 1.53046e-24
125.55 1.52717e-24
126 1.52388e-24
126.45 1.5206e-24
126.9 1.51731e-24
127.35 1.51402e-24
127.8 1.51074e-24
128.25 1.50745e-24
128.7 1.50416e-24
129.15 1.50087e-24
129.6 1.49759e-24
130.05 1.49414e-24
