0.9 130 82
82
0.9 0
1 4.09367e-28
1.5 1.03234e-27
2 2.04531e-27
2.5 3.54646e-27
3 5.64997e-27
3.5 8.49057e-27
4 1.22296e-26
4.5 1.70634e-26
5 2.32352e-26
5.5 3.10521e-26
6 4.09079e-26
6.5 5.33134e-26
7 6.89389e-26
7.5 8.86738e-26
8 1.13714e-25
8.5 1.45694e-25
9 1.86863e-25
9.5 2.4032e-25
10 3.10174e-25
10.5 4.01233e-25
11 5.17058e-25
11.5 6.54465e-25
12 7.95885e-25
12.5 9.13808e-25
13 9.9884e-25
13.5 1.07569e-24
14 1.1811e-24
14.5 1.3436e-24
15 1.58438e-24
15.5 1.9235e-24
16 2.37989e-24
16.5 2.95862e-24
17 3.61966e-24
17.5 4.24538e-24
18 4.67708e-24
18.5 4.84609e-24
19 4.83107e-24
19.5 4.75288e-24
20 4.67705e-24
21 4.52157e-24
22 4.2305e-24
23 3.76675e-24
24 3.23144e-24
25 2.72457e-24
26 2.29134e-24
27 1.93789e-24
28 1.65426e-24
29 1.427e-24
30 1.24388e-24
32 9.72904e-25
34 7.8734e-25
36 6.56191e-25
38 5.61279e-25
40 4.91433e-25
42 4.39439e-25
44 4.00422e-25
46 3.70969e-25
48 3.48626e-25
50 3.31594e-25
52 3.18537e-25
54 3.08456e-25
56 3.00597e-25
58 2.94392e-25
60 2.89406e-25
62 2.85311e-25
64 2.81856e-25
66 2.78852e-25
68 2.76151e-25
70 2.73646e-25
72 2.71252e-25
74 2.68907e-25
76 2.66566e-25
78 2.64194e-25
80 2.61769e-25
85 2.55379e-25
90 2.48458e-25
95 2.41028e-25
100 2.33183e-25
110 2.16802e-25
120 2.00543e-25
130 1.85683e-25
