0.9 130 82
82
0.9 0
1 1.04538e-27
1.5 2.92583e-27
2 6.27871e-27
2.5 1.16074e-26
3 1.95074e-26
3.5 3.07003e-26
4 4.608e-26
4.5 6.67775e-26
5 9.42538e-26
5.5 1.30428e-25
6 1.77847e-25
6.5 2.39855e-25
7 3.20638e-25
7.5 4.24683e-25
8 5.5482e-25
8.5 7.08974e-25
9 8.80924e-25
9.5 1.07175e-24
10 1.29957e-24
10.5 1.59284e-24
11 1.98169e-24
11.5 2.4986e-24
12 3.18288e-24
12.5 4.0838e-24
13 5.26049e-24
13.5 6.77596e-24
14 8.67922e-24
14.5 1.09617e-23
15 1.34775e-23
15.5 1.58654e-23
16 1.75944e-23
16.5 1.82246e-23
17 1.76987e-23
17.5 1.63416e-23
18 1.45992e-23
18.5 1.28149e-23
19 1.11745e-23
19.5 9.74667e-24
20 8.5367e-24
21 6.66058e-24
22 5.3394e-24
23 4.38834e-24
24 3.68433e-24
25 3.14882e-24
26 2.73145e-24
27 2.39931e-24
28 2.13033e-24
29 1.90935e-24
30 1.72568e-24
32 1.44141e-24
34 1.23643e-24
36 1.08645e-24
38 9.75961e-25
40 8.94379e-25
42 8.34194e-25
44 7.89911e-25
46 7.57443e-25
48 7.33732e-25
50 7.16473e-25
52 7.03931e-25
54 6.94793e-25
56 6.88071e-25
58 6.8302e-25
60 6.79079e-25
62 6.75824e-25
64 6.72942e-25
66 6.70197e-25
68 6.67416e-25
70 6.64476e-25
72 6.61286e-25
74 6.57787e-25
76 6.53939e-25
78 6.49719e-25
80 6.45118e-25
85 6.31967e-25
90 6.16634e-25
95 5.99456e-25
100 5.80852e-25
110 5.41176e-25
120 5.01234e-25
130 4.64488e-25
