0.9 130 82
82
0.9 0
1 1.93812e-28
1.5 4.89612e-28
2 9.71409e-28
2.5 1.68634e-27
3 2.68922e-27
3.5 4.04477e-27
4 5.83069e-27
4.5 8.14209e-27
5 1.10984e-26
5.5 1.48531e-26
6 1.9607e-26
6.5 2.56253e-26
7 3.3259e-26
7.5 4.29757e-26
8 5.54036e-26
8.5 7.13947e-26
9 9.21052e-26
9.5 1.19063e-25
10 1.5409e-25
10.5 1.98699e-25
11 2.52271e-25
11.5 3.09244e-25
12 3.59918e-25
12.5 3.99995e-25
13 4.3774e-25
13.5 4.87182e-25
14 5.60473e-25
14.5 6.6847e-25
15 8.25237e-25
15.5 1.05393e-24
16 1.39606e-24
16.5 1.92776e-24
17 2.77489e-24
17.5 4.01425e-24
18 5.15339e-24
18.5 5.37192e-24
19 5.2564e-24
19.5 5.43575e-24
20 5.79749e-24
21 5.8323e-24
22 4.5982e-24
23 3.30219e-24
24 2.43688e-24
25 1.92592e-24
26 1.64284e-24
27 1.49511e-24
28 1.40405e-24
29 1.30315e-24
30 1.16851e-24
32 8.83284e-25
34 6.7887e-25
36 5.51307e-25
38 4.70817e-25
40 4.18184e-25
42 3.82687e-25
44 3.58207e-25
46 3.41072e-25
48 3.2896e-25
50 3.2034e-25
52 3.14169e-25
54 3.09717e-25
56 3.06462e-25
58 3.04027e-25
60 3.02133e-25
62 3.0058e-25
64 2.99215e-25
66 2.97928e-25
68 2.96639e-25
70 2.95289e-25
72 2.93836e-25
74 2.92252e-25
76 2.90518e-25
78 2.88623e-25
80 2.86563e-25
85 2.8069e-25
90 2.73859e-25
95 2.66216e-25
100 2.57944e-25
110 2.40312e-25
120 2.22567e-25
130 2.06245e-25
