0.9 130 82
82
0.9 0
1 1.69053e-27
1.5 4.85467e-27
2 1.061e-26
2.5 1.9896e-26
3 3.38403e-26
3.5 5.38323e-26
4 8.16234e-26
4.5 1.19467e-25
5 1.70307e-25
5.5 2.38011e-25
6 3.27554e-25
6.5 4.44863e-25
7 5.95613e-25
7.5 7.82611e-25
8 1.00511e-24
8.5 1.26735e-24
9 1.59045e-24
9.5 2.01084e-24
10 2.57283e-24
10.5 3.32926e-24
11 4.34759e-24
11.5 5.71534e-24
12 7.54189e-24
12.5 9.95223e-24
13 1.30558e-23
13.5 1.68481e-23
14 2.10168e-23
14.5 2.47758e-23
15 2.70728e-23
15.5 2.72886e-23
16 2.57188e-23
16.5 2.32274e-23
17 2.06075e-23
17.5 1.82821e-23
18 1.62958e-23
18.5 1.44626e-23
19 1.26765e-23
19.5 1.10311e-23
20 9.62454e-24
21 7.50115e-24
22 6.05907e-24
23 5.0359e-24
24 4.27806e-24
25 3.69699e-24
26 3.23916e-24
27 2.87061e-24
28 2.5689e-24
29 2.31863e-24
30 2.10889e-24
32 1.78132e-24
34 1.54324e-24
36 1.36848e-24
38 1.2398e-24
40 1.14512e-24
42 1.07571e-24
44 1.02509e-24
46 9.88401e-25
48 9.61998e-25
50 9.43128e-25
52 9.29713e-25
54 9.20189e-25
56 9.13375e-25
58 9.08385e-25
60 9.04552e-25
62 9.01378e-25
64 8.98493e-25
66 8.95622e-25
68 8.92567e-25
70 8.89186e-25
72 8.85379e-25
74 8.81082e-25
76 8.76255e-25
78 8.70878e-25
80 8.64946e-25
85 8.47761e-25
90 8.27498e-25
95 8.0466e-25
100 7.79841e-25
110 7.26761e-25
120 6.73227e-25
130 6.23936e-25
