0.9 130 84
84
0.9 0
1 7.74735e-27
1.5 2.20538e-26
2 4.82743e-26
2.5 9.13667e-26
3 1.57873e-25
3.5 2.56637e-25
4 3.99727e-25
4.5 6.03293e-25
5 8.79393e-25
5.25 9.81307e-25
5.5 8.44972e-25
5.75 6.5252e-25
6 5.31699e-25
6.5 4.09685e-25
7 4.72568e-25
7.5 1.96602e-24
8 3.1634e-24
8.5 4.31439e-24
9 5.9955e-24
9.5 8.70325e-24
10 1.27298e-23
10.5 1.77617e-23
11 2.21491e-23
11.5 2.40576e-23
12 2.41414e-23
12.5 2.26658e-23
13 1.66093e-23
13.5 1.21576e-23
14 8.6812e-24
14.5 6.47614e-24
15 5.12412e-24
15.5 4.21689e-24
16 3.4868e-24
16.5 2.94651e-24
17 2.51737e-24
17.5 2.22456e-24
18 1.98045e-24
18.5 1.75614e-24
19 1.51645e-24
19.5 1.26323e-24
20 1.0165e-24
21 6.44039e-25
22 5.06771e-25
23 5.47224e-25
24 6.53237e-25
25 7.78648e-25
26 8.98382e-25
27 9.48847e-25
28 8.61716e-25
29 6.79596e-25
30 5.1144e-25
32 3.60481e-25
34 3.0307e-25
36 2.49022e-25
38 2.16941e-25
40 2.04136e-25
42 2.02737e-25
44 2.07238e-25
46 2.13004e-25
48 2.14392e-25
50 2.16076e-25
52 2.18394e-25
54 2.1943e-25
56 2.21894e-25
58 2.2504e-25
60 2.27477e-25
62 2.30791e-25
64 2.3239e-25
66 2.33609e-25
68 2.35045e-25
70 2.33458e-25
72 2.33986e-25
74 2.33217e-25
76 2.32723e-25
78 2.30713e-25
80 2.30015e-25
85 2.23534e-25
90 2.12695e-25
95 2.03381e-25
100 1.95243e-25
110 1.81053e-25
120 1.70369e-25
130 1.63351e-25
