0.9 130 82
82
0.9 0
1 3.1705e-27
1.5 1.15069e-26
2 2.83762e-26
2.5 5.70865e-26
3 9.86283e-26
3.5 1.53893e-25
4 2.25023e-25
4.5 3.15738e-25
5 4.31731e-25
5.5 5.81235e-25
6 7.75165e-25
6.5 1.0249e-24
7 1.33583e-24
7.5 1.84107e-24
8 2.24836e-24
8.5 2.7347e-24
9 3.36665e-24
9.5 4.22097e-24
10 5.39532e-24
10.5 7.02025e-24
11 9.25252e-24
11.5 1.21933e-23
12 1.56413e-23
12.5 1.88371e-23
13 2.09808e-23
13.5 2.2274e-23
14 2.348e-23
14.5 2.47716e-23
15 2.55934e-23
15.5 2.52604e-23
16 2.35951e-23
16.5 2.10262e-23
17 1.81729e-23
17.5 1.54795e-23
18 1.31454e-23
18.5 1.12077e-23
19 9.6292e-24
19.5 8.35058e-24
20 7.31312e-24
21 5.74786e-24
22 4.67087e-24
23 3.90594e-24
24 3.3468e-24
25 2.92784e-24
26 2.60727e-24
27 2.35765e-24
28 2.1604e-24
29 2.00257e-24
30 1.87498e-24
32 1.68539e-24
34 1.55585e-24
36 1.46552e-24
38 1.40156e-24
40 1.35574e-24
42 1.32256e-24
44 1.2983e-24
46 1.28031e-24
48 1.26673e-24
50 1.25621e-24
52 1.24775e-24
54 1.24061e-24
56 1.23427e-24
58 1.2283e-24
60 1.2224e-24
62 1.21637e-24
64 1.21003e-24
66 1.20327e-24
68 1.19601e-24
70 1.18819e-24
72 1.17978e-24
74 1.17077e-24
76 1.16116e-24
78 1.15096e-24
80 1.14018e-24
85 1.11089e-24
90 1.07868e-24
95 1.04416e-24
100 1.00799e-24
110 9.33459e-25
120 8.60511e-25
130 7.94336e-25
