0.9 130 84
84
0.9 0
1 6.35444e-27
1.5 1.78924e-26
2 3.88545e-26
2.5 7.30701e-26
3 1.25562e-25
3.5 2.03079e-25
4 3.14754e-25
4.5 4.72679e-25
5 6.8687e-25
5.25 7.43971e-25
5.5 3.77574e-25
5.75 9.547e-26
6 1.79431e-25
6.5 2.69738e-25
7 5.26689e-25
7.5 6.39997e-25
8 9.18985e-25
8.5 1.50684e-24
9 2.37668e-24
9.5 3.78928e-24
10 6.12197e-24
10.5 9.47401e-24
11 1.29886e-23
11.5 1.31263e-23
12 1.03292e-23
12.5 7.57596e-24
13 5.49795e-24
13.5 4.31355e-24
14 4.09543e-24
14.5 4.37443e-24
15 4.62675e-24
15.5 4.55624e-24
16 4.28311e-24
16.5 3.89689e-24
17 3.45653e-24
17.5 3.07959e-24
18 2.7953e-24
18.5 2.55935e-24
19 2.32118e-24
19.5 2.00763e-24
20 1.642e-24
21 9.86691e-25
22 6.23684e-25
23 4.89754e-25
24 4.49599e-25
25 4.10337e-25
26 3.45892e-25
27 2.76841e-25
28 2.25276e-25
29 1.9351e-25
30 1.73031e-25
32 1.71772e-25
34 1.72676e-25
36 1.73752e-25
38 1.66857e-25
40 1.63877e-25
42 1.64921e-25
44 1.64503e-25
46 1.65263e-25
48 1.67542e-25
50 1.70089e-25
52 1.74734e-25
54 1.77764e-25
56 1.81223e-25
58 1.84621e-25
60 1.86273e-25
62 1.87584e-25
64 1.89141e-25
66 1.9078e-25
68 1.9198e-25
70 1.91329e-25
72 1.92171e-25
74 1.89907e-25
76 1.87526e-25
78 1.86943e-25
80 1.85883e-25
85 1.7639e-25
90 1.71099e-25
95 1.69337e-25
100 1.66561e-25
110 1.58618e-25
120 1.57351e-25
130 1.56858e-25
