0.9 130 82
82
0.9 0
1 1.93516e-27
1.5 5.5659e-27
2 1.21915e-26
2.5 2.29291e-26
3 3.91445e-26
3.5 6.25551e-26
4 9.53735e-26
4.5 1.40509e-25
5 2.01848e-25
5.5 2.84594e-25
6 3.95559e-25
6.5 5.42977e-25
7 7.35093e-25
7.5 9.77969e-25
8 1.2786e-24
8.5 1.65988e-24
9 2.17459e-24
9.5 2.90508e-24
10 3.95692e-24
10.5 5.41918e-24
11 7.22275e-24
11.5 9.10273e-24
12 1.11131e-23
12.5 1.37637e-23
13 1.74245e-23
13.5 2.19763e-23
14 2.65769e-23
14.5 2.97777e-23
15 3.05646e-23
15.5 2.92917e-23
16 2.70288e-23
16.5 2.44089e-23
17 2.15274e-23
17.5 1.85277e-23
18 1.5725e-23
18.5 1.33336e-23
19 1.13893e-23
19.5 9.83418e-24
20 8.58911e-24
21 6.74148e-24
22 5.47527e-24
23 4.56682e-24
24 3.88946e-24
25 3.36842e-24
26 2.95752e-24
27 2.62702e-24
28 2.35702e-24
29 2.13375e-24
30 1.94741e-24
32 1.65848e-24
34 1.45098e-24
36 1.30077e-24
38 1.19191e-24
40 1.11328e-24
42 1.05687e-24
44 1.01679e-24
46 9.88663e-25
48 9.69232e-25
50 9.56053e-25
52 9.47299e-25
54 9.41601e-25
56 9.37937e-25
58 9.35541e-25
60 9.33847e-25
62 9.32435e-25
64 9.30995e-25
66 9.29305e-25
68 9.27206e-25
70 9.2459e-25
72 9.21383e-25
74 9.17545e-25
76 9.13053e-25
78 9.07904e-25
80 9.02106e-25
85 8.84916e-25
90 8.64266e-25
95 8.40765e-25
100 8.1508e-25
110 7.59908e-25
120 7.04102e-25
130 6.52651e-25
