0.5 130 260
260
0.5 0
1 1.61418e-27
1.5 4.61068e-27
2 1.00353e-26
2.5 1.8751e-26
3 3.17841e-26
3.5 5.03867e-26
4 7.6121e-26
4.5 1.10977e-25
5 1.57535e-25
5.5 2.1918e-25
6 3.00325e-25
6.5 4.06481e-25
7 5.43643e-25
7.5 7.1608e-25
8 9.22957e-25
8.5 1.16019e-24
9 1.43371e-24
9.5 1.76863e-24
10 2.20106e-24
10.5 2.76962e-24
11 3.51628e-24
11.5 4.48942e-24
12 5.74314e-24
12.5 7.32993e-24
13 9.28428e-24
13.5 1.15918e-23
14 1.4136e-23
14.5 1.66416e-23
15 1.86886e-23
15.5 1.98659e-23
16 1.99924e-23
16.5 1.92047e-23
17 1.78357e-23
17.5 1.62273e-23
18 1.46252e-23
18.5 1.31662e-23
19 1.19075e-23
19.5 1.0859e-23
20 1.0002e-23
20.5 9.34078e-24
21 8.67958e-24
21.5 8.12001e-24
22 7.56045e-24
22.5 7.0039e-24
23 6.44735e-24
23.5 5.94385e-24
24 5.44035e-24
24.5 5.03076e-24
25 4.62117e-24
25.5 4.29958e-24
26 3.978e-24
26.5 3.72454e-24
27 3.47109e-24
27.5 3.26807e-24
28 3.06505e-24
28.5 2.89956e-24
29 2.73408e-24
29.5 2.59712e-24
30 2.46017e-24
30.5 2.35426e-24
31 2.24835e-24
31.5 2.14244e-24
32 2.03652e-24
32.5 1.95974e-24
33 1.88295e-24
33.5 1.80616e-24
34 1.72937e-24
34.5 1.6726e-24
35 1.61583e-24
35.5 1.55906e-24
36 1.50229e-24
36.5 1.4599e-24
37 1.41751e-24
37.5 1.37511e-24
38 1.33272e-24
38.5 1.30092e-24
39 1.26912e-24
39.5 1.23731e-24
40 1.20551e-24
40.5 1.18161e-24
41 1.15772e-24
41.5 1.13382e-24
42 1.10992e-24
42.5 1.09196e-24
43 1.074e-24
43.5 1.05604e-24
44 1.03808e-24
44.5 1.02458e-24
45 1.01109e-24
45.5 9.97594e-25
46 9.841e-25
46.5 9.73963e-25
47 9.63826e-25
47.5 9.53689e-25
48 9.43552e-25
48.5 9.35931e-25
49 9.2831e-25
49.5 9.20689e-25
50 9.13068e-25
50.5 9.07324e-25
51 9.01579e-25
51.5 8.95835e-25
52 8.9009e-25
52.5 8.85735e-25
53 8.8138e-25
53.5 8.77025e-25
54 8.72671e-25
54.5 8.69335e-25
55 8.66e-25
55.5 8.62664e-25
56 8.59329e-25
56.5 8.5673e-25
57 8.54132e-25
57.5 8.51534e-25
58 8.48935e-25
58.5 8.4686e-25
59 8.44784e-25
59.5 8.42708e-25
60 8.40632e-25
60.5 8.38916e-25
61 8.37199e-25
61.5 8.35482e-25
62 8.33766e-25
62.5 8.32285e-25
63 8.30804e-25
63.5 8.29323e-25
64 8.27842e-25
64.5 8.26502e-25
65 8.25163e-25
65.5 8.23824e-25
66 8.22485e-25
66.5 8.21217e-25
67 8.19949e-25
67.5 8.18682e-25
68 8.17414e-25
68.5 8.16165e-25
69 8.14916e-25
69.5 8.13668e-25
70 8.12419e-25
70.5 8.11151e-25
71 8.09882e-25
71.5 8.08614e-25
72 8.07345e-25
72.5 8.0603e-25
73 8.04714e-25
73.5 8.03398e-25
74 8.02082e-25
74.5 8.00699e-25
75 7.99315e-25
75.5 7.97932e-25
76 7.96549e-25
76.5 7.95086e-25
77 7.93622e-25
77.5 7.92159e-25
78 7.90695e-25
78.5 7.89143e-25
79 7.87591e-25
79.5 7.86039e-25
80 7.84487e-25
80.5 7.82773e-25
81 7.81058e-25
81.5 7.79343e-25
82 7.77628e-25
82.5 7.75913e-25
83 7.74198e-25
83.5 7.72483e-25
84 7.70769e-25
84.5 7.69054e-25
85 7.67339e-25
85.5 7.65397e-25
86 7.63456e-25
86.5 7.61515e-25
87 7.59574e-25
87.5 7.57632e-25
88 7.55691e-25
88.5 7.5375e-25
89 7.51808e-25
89.5 7.49867e-25
90 7.47926e-25
90.5 7.45787e-25
91 7.43648e-25
91.5 7.41509e-25
92 7.3937e-25
92.5 7.37231e-25
93 7.35092e-25
93.5 7.32953e-25
94 7.30814e-25
94.5 7.28675e-25
95 7.26535e-25
95.5 7.24241e-25
96 7.21947e-25
96.5 7.19653e-25
97 7.17358e-25
97.5 7.15064e-25
98 7.1277e-25
98.5 7.10476e-25
99 7.08181e-25
99.5 7.05887e-25
100 7.03593e-25
100.5 7.01166e-25
101 6.98738e-25
101.5 6.96311e-25
102 6.93884e-25
102.5 6.91457e-25
103 6.89029e-25
103.5 6.86602e-25
104 6.84175e-25
104.5 6.81748e-25
105 6.79321e-25
105.5 6.76893e-25
106 6.74466e-25
106.5 6.72039e-25
107 6.69612e-25
107.5 6.67184e-25
108 6.64757e-25
108.5 6.6233e-25
109 6.59903e-25
109.5 6.57475e-25
110 6.55048e-25
110.5 6.52617e-25
111 6.50187e-25
111.5 6.47756e-25
112 6.45325e-25
112.5 6.42894e-25
113 6.40464e-25
113.5 6.38033e-25
114 6.35602e-25
114.5 6.33171e-25
115 6.3074e-25
115.5 6.2831e-25
116 6.25879e-25
116.5 6.23448e-25
117 6.21017e-25
117.5 6.18587e-25
118 6.16156e-25
118.5 6.13725e-25
119 6.11294e-25
119.5 6.08864e-25
120 6.06433e-25
120.5 6.04202e-25
121 6.01971e-25
121.5 5.9974e-25
122 5.97509e-25
122.5 5.95279e-25
123 5.93048e-25
123.5 5.90817e-25
124 5.88586e-25
124.5 5.86355e-25
125 5.84124e-25
125.5 5.81893e-25
126 5.79663e-25
126.5 5.77432e-25
127 5.75201e-25
127.5 5.7297e-25
128 5.70739e-25
128.5 5.68508e-25
129 5.66278e-25
129.5 5.64047e-25
130 5.61816e-25
