0.5 130 260
260
0.5 0
1 3.3823e-28
1.5 8.8729e-28
2 1.81519e-27
2.5 3.23318e-27
3 5.27184e-27
3.5 8.08757e-27
4 1.18713e-26
4.5 1.68614e-26
5 2.33623e-26
5.5 3.17718e-26
6 4.262e-26
6.5 5.66206e-26
7 7.47405e-26
7.5 9.82838e-26
8 1.28962e-25
8.5 1.68825e-25
9 2.19705e-25
9.5 2.81647e-25
10 3.50959e-25
10.5 4.22242e-25
11 4.97205e-25
11.5 5.8948e-25
12 7.15295e-25
12.5 8.69839e-25
13 1.04704e-24
13.5 1.29381e-24
14 1.65973e-24
14.5 2.20345e-24
15 3.02783e-24
15.5 4.29764e-24
16 6.10473e-24
16.5 7.90963e-24
17 8.71786e-24
17.5 8.82774e-24
18 8.95803e-24
18.5 8.9523e-24
19 8.51582e-24
19.5 7.71735e-24
20 6.8496e-24
20.5 6.26673e-24
21 5.68385e-24
21.5 5.42091e-24
22 5.15797e-24
22.5 4.6585e-24
23 4.15903e-24
23.5 3.63609e-24
24 3.11315e-24
24.5 2.7574e-24
25 2.40165e-24
25.5 2.1624e-24
26 1.92314e-24
26.5 1.75486e-24
27 1.58658e-24
27.5 1.46431e-24
28 1.34205e-24
28.5 1.25094e-24
29 1.15984e-24
29.5 1.09045e-24
30 1.02106e-24
30.5 9.72837e-25
31 9.24619e-25
31.5 8.764e-25
32 8.28181e-25
32.5 7.97356e-25
33 7.6653e-25
33.5 7.35704e-25
34 7.04878e-25
34.5 6.8433e-25
35 6.63781e-25
35.5 6.43233e-25
36 6.22684e-25
36.5 6.08625e-25
37 5.94567e-25
37.5 5.80508e-25
38 5.6645e-25
38.5 5.56693e-25
39 5.46937e-25
39.5 5.3718e-25
40 5.27424e-25
40.5 5.20615e-25
41 5.13807e-25
41.5 5.06999e-25
42 5.0019e-25
42.5 4.95446e-25
43 4.90701e-25
43.5 4.85956e-25
44 4.81212e-25
44.5 4.77928e-25
45 4.74645e-25
45.5 4.71362e-25
46 4.68078e-25
46.5 4.65834e-25
47 4.63589e-25
47.5 4.61345e-25
48 4.591e-25
48.5 4.57592e-25
49 4.56083e-25
49.5 4.54574e-25
50 4.53065e-25
50.5 4.52071e-25
51 4.51077e-25
51.5 4.50084e-25
52 4.4909e-25
52.5 4.48449e-25
53 4.47808e-25
53.5 4.47167e-25
54 4.46526e-25
54.5 4.46118e-25
55 4.4571e-25
55.5 4.45302e-25
56 4.44894e-25
56.5 4.4463e-25
57 4.44367e-25
57.5 4.44103e-25
58 4.43839e-25
58.5 4.43653e-25
59 4.43468e-25
59.5 4.43282e-25
60 4.43097e-25
60.5 4.42941e-25
61 4.42785e-25
61.5 4.42629e-25
62 4.42473e-25
62.5 4.42311e-25
63 4.42149e-25
63.5 4.41987e-25
64 4.41825e-25
64.5 4.41632e-25
65 4.41438e-25
65.5 4.41245e-25
66 4.41051e-25
66.5 4.40807e-25
67 4.40564e-25
67.5 4.4032e-25
68 4.40076e-25
68.5 4.3977e-25
69 4.39464e-25
69.5 4.39158e-25
70 4.38851e-25
70.5 4.38474e-25
71 4.38097e-25
71.5 4.3772e-25
72 4.37343e-25
72.5 4.3689e-25
73 4.36437e-25
73.5 4.35985e-25
74 4.35532e-25
74.5 4.35001e-25
75 4.3447e-25
75.5 4.33939e-25
76 4.33408e-25
76.5 4.32799e-25
77 4.3219e-25
77.5 4.3158e-25
78 4.30971e-25
78.5 4.30284e-25
79 4.29598e-25
79.5 4.28911e-25
80 4.28225e-25
80.5 4.2741e-25
81 4.26595e-25
81.5 4.2578e-25
82 4.24965e-25
82.5 4.24149e-25
83 4.23334e-25
83.5 4.22519e-25
84 4.21704e-25
84.5 4.20889e-25
85 4.20074e-25
85.5 4.19095e-25
86 4.18115e-25
86.5 4.17135e-25
87 4.16156e-25
87.5 4.15176e-25
88 4.14196e-25
88.5 4.13217e-25
89 4.12237e-25
89.5 4.11257e-25
90 4.10278e-25
90.5 4.09162e-25
91 4.08047e-25
91.5 4.06932e-25
92 4.05816e-25
92.5 4.04701e-25
93 4.03586e-25
93.5 4.0247e-25
94 4.01355e-25
94.5 4.0024e-25
95 3.99124e-25
95.5 3.97905e-25
96 3.96686e-25
96.5 3.95467e-25
97 3.94248e-25
97.5 3.93029e-25
98 3.9181e-25
98.5 3.90591e-25
99 3.89372e-25
99.5 3.88153e-25
100 3.86934e-25
100.5 3.85624e-25
101 3.84314e-25
101.5 3.83005e-25
102 3.81695e-25
102.5 3.80386e-25
103 3.79076e-25
103.5 3.77767e-25
104 3.76457e-25
104.5 3.75148e-25
105 3.73838e-25
105.5 3.72529e-25
106 3.71219e-25
106.5 3.6991e-25
107 3.686e-25
107.5 3.6729e-25
108 3.65981e-25
108.5 3.64671e-25
109 3.63362e-25
109.5 3.62052e-25
110 3.60743e-25
110.5 3.59418e-25
111 3.58093e-25
111.5 3.56769e-25
112 3.55444e-25
112.5 3.54119e-25
113 3.52795e-25
113.5 3.5147e-25
114 3.50146e-25
114.5 3.48821e-25
115 3.47496e-25
115.5 3.46172e-25
116 3.44847e-25
116.5 3.43522e-25
117 3.42198e-25
117.5 3.40873e-25
118 3.39548e-25
118.5 3.38224e-25
119 3.36899e-25
119.5 3.35574e-25
120 3.3425e-25
120.5 3.33028e-25
121 3.31807e-25
121.5 3.30586e-25
122 3.29364e-25
122.5 3.28143e-25
123 3.26922e-25
123.5 3.257e-25
124 3.24479e-25
124.5 3.23258e-25
125 3.22036e-25
125.5 3.20815e-25
126 3.19594e-25
126.5 3.18372e-25
127 3.17151e-25
127.5 3.1593e-25
128 3.14708e-25
128.5 3.13487e-25
129 3.12266e-25
129.5 3.11044e-25
130 3.09823e-25
