9.17101 130 195
195
9.17101 0
9.17201 4.07454e-26
9.17201 4.07454e-26
9.17207 2.52e-23
9.17213 5.04e-23
9.17219 1.26e-22
9.17225 2.52e-22
9.17231 1.26e-22
9.17237 5.04e-23
9.17243 2.52e-23
9.17249 0
9.17249 0
10.277 6.8558e-26
10.557 7.4721e-26
10.645 7.6658e-26
11.24 8.9753e-26
11.41 9.3494e-26
11.616 9.8028e-26
12 1.0648e-25
12.179 1.1042e-25
12.25 1.1198e-25
12.335 1.1385e-25
12.503 1.1755e-25
13 1.2849e-25
13.202 1.3293e-25
13.25 1.3399e-25
13.358 1.3637e-25
13.5 1.3949e-25
13.616 1.4205e-25
13.75 1.45e-25
13.773 1.455e-25
14 1.505e-25
14.2 1.549e-25
14.5 1.615e-25
14.606 1.6384e-25
14.72 1.6634e-25
14.852 1.6925e-25
15 1.7251e-25
15.051 1.7581e-25
15.207 1.859e-25
15.25 1.8868e-25
15.5 2.0485e-25
15.75 3.0112e-25
15.827 2.7147e-25
15.924 2.3412e-25
16 2.0485e-25
16.08 1.8588e-25
16.395 1.1116e-25
16.5 8.6253e-26
16.732 1.8631e-25
16.786 2.096e-25
16.802 2.165e-25
17 3.0189e-25
17.201 3.5823e-25
17.202 3.5851e-25
17.422 4.2018e-25
17.506 4.4257e-25
17.542 4.4567e-25
17.56 4.4722e-25
17.648 4.5481e-25
17.75 4.6361e-25
17.94 4.8e-25
18 4.8518e-25
18.055 5.1957e-25
18.184 6.0024e-25
18.21 6.165e-25
18.498 7.9659e-25
18.5 7.9784e-25
18.627 8.4166e-25
19 9.7035e-25
19.5 9.7035e-25
19.787 1.1374e-24
19.904 1.2056e-24
19.908 1.2079e-24
19.93 1.2207e-24
20 1.2615e-24
20.5 1.3369e-24
20.589 1.3676e-24
20.752 1.4239e-24
21 1.5094e-24
21.134 1.5499e-24
21.451 1.6629e-24
21.5 1.6819e-24
22 2.1671e-24
22.12 2.3172e-24
22.5 2.6954e-24
22.757 2.6511e-24
22.881 2.6297e-24
23 2.6092e-24
23.003 2.6055e-24
23.5 2.2318e-24
23.644 2.1635e-24
24 2.0485e-24
24.379 1.8371e-24
24.5 1.8005e-24
24.76 1.7233e-24
25 1.6819e-24
25.108 1.6563e-24
25.205 1.6333e-24
25.408 1.5852e-24
25.5 1.5633e-24
25.738 1.512e-24
25.782 1.5025e-24
26 1.4555e-24
26.256 1.4169e-24
26.406 1.3942e-24
26.5 1.38e-24
26.871 1.3081e-24
27 1.283e-24
27.084 1.2703e-24
27.508 1.2074e-24
27.532 1.2069e-24
27.557 1.2063e-24
27.57 1.206e-24
28 1.1968e-24
28.052 1.2259e-24
28.063 1.2321e-24
28.464 1.4569e-24
28.485 1.4687e-24
28.5 1.4771e-24
28.654 1.4505e-24
28.745 1.4348e-24
28.905 1.4072e-24
29 1.3908e-24
29.015 1.3873e-24
29.026 1.3847e-24
29.105 1.3659e-24
29.109 1.365e-24
29.248 1.332e-24
29.329 1.3128e-24
29.432 1.2884e-24
29.5 1.2722e-24
29.675 1.2534e-24
30 1.2183e-24
30.272 1.1987e-24
30.314 1.1956e-24
30.653 1.1712e-24
31.464 1.1126e-24
31.907 1.0806e-24
32 1.0739e-24
32.229 1.0573e-24
33 1.0016e-24
34 9.2938e-25
35 8.5714e-25
35.507 8.2052e-25
36 7.8491e-25
37 7.1267e-25
37.738 6.5936e-25
38 6.4043e-25
39 5.6819e-25
40 4.9596e-25
41 4.814e-25
41.461 4.7469e-25
42 4.6685e-25
43 4.5229e-25
44 4.3774e-25
45 4.2318e-25
46 4.0863e-25
47 3.9407e-25
48 3.7951e-25
49 3.6496e-25
50 3.504e-25
52.5 3.1402e-25
55 2.7763e-25
56.5 2.558e-25
57 2.4852e-25
60 2.0485e-25
60.5 2.0425e-25
65 1.9886e-25
67.5 1.9587e-25
70 1.9287e-25
70.5 1.9227e-25
71 1.9167e-25
72 1.9048e-25
73 1.8928e-25
74 1.8808e-25
75 1.8688e-25
76 1.8568e-25
77 1.8449e-25
78 1.8329e-25
80 1.8089e-25
82.5 1.779e-25
85 1.749e-25
87.5 1.7191e-25
90 1.6891e-25
92.5 1.6592e-25
95 1.6292e-25
97.5 1.5993e-25
100 1.5693e-25
105 1.5094e-25
110 1.4495e-25
115 1.3896e-25
120 1.3297e-25
125 1.2698e-25
130 1.2099e-25
