6 130 249
249
6 0
6.5 8.11504e-25
7 1.23581e-24
7.5 2.35273e-24
8 3.46964e-24
8.5 5.98679e-24
9 8.50393e-24
9.5 1.30736e-23
10 1.76432e-23
10.5 2.33748e-23
11 2.91063e-23
11.5 3.3277e-23
12 3.74478e-23
12.5 3.97781e-23
13 4.21085e-23
13.5 4.26247e-23
14 4.31409e-23
14.5 3.943e-23
15 3.57192e-23
15.5 3.11864e-23
16 2.66536e-23
16.5 2.32576e-23
17 1.98615e-23
17.5 1.75046e-23
18 1.51477e-23
18.5 1.35024e-23
19 1.1857e-23
19.5 1.06861e-23
20 9.51518e-24
20.5 8.66583e-24
21 7.81648e-24
21.5 7.19013e-24
22 6.56379e-24
22.5 6.09551e-24
23 5.62723e-24
23.5 5.2731e-24
24 4.91897e-24
24.5 4.64851e-24
25 4.37806e-24
25.5 4.16962e-24
26 3.96118e-24
26.5 3.79906e-24
27 3.63694e-24
27.5 3.50959e-24
28 3.38224e-24
28.5 3.28108e-24
29 3.17992e-24
29.5 3.09855e-24
30 3.01719e-24
30.5 2.95084e-24
31 2.8845e-24
31.5 2.82963e-24
32 2.77475e-24
32.5 2.72872e-24
33 2.68268e-24
33.5 2.64353e-24
34 2.60439e-24
34.5 2.57069e-24
35 2.53699e-24
35.5 2.50767e-24
36 2.47835e-24
36.5 2.45259e-24
37 2.42684e-24
37.5 2.40403e-24
38 2.38122e-24
38.5 2.36088e-24
39 2.34053e-24
39.5 2.32228e-24
40 2.30402e-24
40.5 2.28753e-24
41 2.27104e-24
41.5 2.25607e-24
42 2.24109e-24
42.5 2.22741e-24
43 2.21373e-24
43.5 2.20115e-24
44 2.18857e-24
44.5 2.17694e-24
45 2.16531e-24
45.5 2.15448e-24
46 2.14365e-24
46.5 2.1335e-24
47 2.12335e-24
47.5 2.11378e-24
48 2.1042e-24
48.5 2.09511e-24
49 2.08602e-24
49.5 2.07734e-24
50 2.06865e-24
50.5 2.06029e-24
51 2.05194e-24
51.5 2.04386e-24
52 2.03578e-24
52.5 2.02792e-24
53 2.02007e-24
53.5 2.01239e-24
54 2.00472e-24
54.5 1.99718e-24
55 1.98965e-24
55.5 1.98223e-24
56 1.97482e-24
56.5 1.96749e-24
57 1.96016e-24
57.5 1.9529e-24
58 1.94564e-24
58.5 1.93843e-24
59 1.93122e-24
59.5 1.92404e-24
60 1.91687e-24
60.5 1.90973e-24
61 1.90259e-24
61.5 1.89546e-24
62 1.88834e-24
62.5 1.88123e-24
63 1.87413e-24
63.5 1.86703e-24
64 1.85993e-24
64.5 1.85284e-24
65 1.84576e-24
65.5 1.83868e-24
66 1.8316e-24
66.5 1.82453e-24
67 1.81746e-24
67.5 1.81039e-24
68 1.80333e-24
68.5 1.79628e-24
69 1.78923e-24
69.5 1.78219e-24
70 1.77516e-24
70.5 1.76814e-24
71 1.76111e-24
71.5 1.75411e-24
72 1.74711e-24
72.5 1.74013e-24
73 1.73315e-24
73.5 1.7262e-24
74 1.71925e-24
74.5 1.71232e-24
75 1.7054e-24
75.5 1.69851e-24
76 1.69162e-24
76.5 1.68477e-24
77 1.67792e-24
77.5 1.67111e-24
78 1.6643e-24
78.5 1.65753e-24
79 1.65077e-24
79.5 1.64405e-24
80 1.63734e-24
80.5 1.63068e-24
81 1.62402e-24
81.5 1.61742e-24
82 1.61081e-24
82.5 1.60428e-24
83 1.59774e-24
83.5 1.59126e-24
84 1.58479e-24
84.5 1.57839e-24
85 1.57199e-24
85.5 1.56567e-24
86 1.55934e-24
86.5 1.5531e-24
87 1.54686e-24
87.5 1.5407e-24
88 1.53455e-24
88.5 1.52848e-24
89 1.52242e-24
89.5 1.51645e-24
90 1.51048e-24
90.5 1.50462e-24
91 1.49875e-24
91.5 1.493e-24
92 1.48724e-24
92.5 1.4816e-24
93 1.47596e-24
93.5 1.47045e-24
94 1.46493e-24
94.5 1.45955e-24
95 1.45416e-24
95.5 1.44892e-24
96 1.44367e-24
96.5 1.43858e-24
97 1.43348e-24
97.5 1.42854e-24
98 1.4236e-24
98.5 1.41883e-24
99 1.41406e-24
99.5 1.40948e-24
100 1.40489e-24
100.5 1.40049e-24
101 1.39609e-24
101.5 1.3919e-24
102 1.38771e-24
102.5 1.38374e-24
103 1.37977e-24
103.5 1.37603e-24
104 1.3723e-24
104.5 1.36881e-24
105 1.36533e-24
105.5 1.36211e-24
106 1.35601e-24
106.5 1.35395e-24
107 1.3519e-24
107.5 1.34986e-24
108 1.34783e-24
108.5 1.34581e-24
109 1.34387e-24
109.5 1.34299e-24
110 1.34211e-24
110.5 1.34123e-24
111 1.34036e-24
111.5 1.3395e-24
112 1.33863e-24
112.5 1.33918e-24
113 1.33977e-24
113.5 1.34036e-24
114 1.34094e-24
114.5 1.34153e-24
115 1.34211e-24
115.5 1.34397e-24
116 1.34638e-24
116.5 1.34878e-24
117 1.35118e-24
117.5 1.35356e-24
118 1.35593e-24
118.5 1.35886e-24
119 1.36349e-24
119.5 1.36809e-24
120 1.37268e-24
120.5 1.37725e-24
121 1.3818e-24
121.5 1.38633e-24
122 1.39254e-24
122.5 1.39975e-24
123 1.40694e-24
123.5 1.41409e-24
124 1.42121e-24
124.5 1.42831e-24
125 1.43538e-24
125.5 1.44495e-24
126 1.45507e-24
126.5 1.46516e-24
127 1.47521e-24
127.5 1.48522e-24
128 1.49519e-24
128.5 1.50512e-24
129 1.51776e-24
129.5 1.53101e-24
130 1.54421e-24
