5 130 251
251
5 0
5.5 2.65397e-25
6 4.13505e-25
6.5 8.67429e-25
7 1.32135e-24
7.5 2.51545e-24
8 3.70955e-24
8.5 6.39172e-24
9 9.07389e-24
9.5 1.38906e-23
10 1.87073e-23
10.5 2.45773e-23
11 3.04474e-23
11.5 3.4437e-23
12 3.84266e-23
12.5 4.0371e-23
13 4.23155e-23
13.5 4.23866e-23
14 4.24576e-23
14.5 3.86398e-23
15 3.48219e-23
15.5 3.04208e-23
16 2.60197e-23
16.5 2.27452e-23
17 1.94707e-23
17.5 1.71925e-23
18 1.49143e-23
18.5 1.33175e-23
19 1.17208e-23
19.5 1.05801e-23
20 9.43951e-24
20.5 8.60942e-24
21 7.77933e-24
21.5 7.16552e-24
22 6.55172e-24
22.5 6.09182e-24
23 5.63192e-24
23.5 5.28355e-24
24 4.93519e-24
24.5 4.66881e-24
25 4.40243e-24
25.5 4.19697e-24
26 3.99151e-24
26.5 3.83164e-24
27 3.67176e-24
27.5 3.54615e-24
28 3.42054e-24
28.5 3.32077e-24
29 3.22099e-24
29.5 3.14075e-24
30 3.06051e-24
30.5 2.9951e-24
31 2.92968e-24
31.5 2.87559e-24
32 2.82149e-24
32.5 2.77611e-24
33 2.73073e-24
33.5 2.69213e-24
34 2.65354e-24
34.5 2.62031e-24
35 2.58708e-24
35.5 2.55814e-24
36 2.52921e-24
36.5 2.50377e-24
37 2.47833e-24
37.5 2.45578e-24
38 2.43323e-24
38.5 2.41309e-24
39 2.39295e-24
39.5 2.37484e-24
40 2.35673e-24
40.5 2.34034e-24
41 2.32396e-24
41.5 2.30904e-24
42 2.29412e-24
42.5 2.28045e-24
43 2.26678e-24
43.5 2.25418e-24
44 2.24158e-24
44.5 2.22989e-24
45 2.2182e-24
45.5 2.20728e-24
46 2.19636e-24
46.5 2.18609e-24
47 2.17582e-24
47.5 2.1661e-24
48 2.15638e-24
48.5 2.14712e-24
49 2.13785e-24
49.5 2.12897e-24
50 2.12009e-24
50.5 2.11152e-24
51 2.10296e-24
51.5 2.09464e-24
52 2.08633e-24
52.5 2.07823e-24
53 2.07013e-24
53.5 2.06219e-24
54 2.05426e-24
54.5 2.04646e-24
55 2.03865e-24
55.5 2.03096e-24
56 2.02326e-24
56.5 2.01564e-24
57 2.00802e-24
57.5 2.00047e-24
58 1.99291e-24
58.5 1.9854e-24
59 1.97789e-24
59.5 1.97041e-24
60 1.96294e-24
60.5 1.95549e-24
61 1.94804e-24
61.5 1.94061e-24
62 1.93318e-24
62.5 1.92576e-24
63 1.91835e-24
63.5 1.91094e-24
64 1.90354e-24
64.5 1.89614e-24
65 1.88875e-24
65.5 1.88136e-24
66 1.87398e-24
66.5 1.8666e-24
67 1.85923e-24
67.5 1.85187e-24
68 1.84451e-24
68.5 1.83716e-24
69 1.82981e-24
69.5 1.82248e-24
70 1.81515e-24
70.5 1.80784e-24
71 1.80053e-24
71.5 1.79324e-24
72 1.78596e-24
72.5 1.7787e-24
73 1.77144e-24
73.5 1.76421e-24
74 1.75698e-24
74.5 1.74979e-24
75 1.7426e-24
75.5 1.73544e-24
76 1.72829e-24
76.5 1.72118e-24
77 1.71407e-24
77.5 1.707e-24
78 1.69994e-24
78.5 1.69293e-24
79 1.68591e-24
79.5 1.67896e-24
80 1.672e-24
80.5 1.66511e-24
81 1.65821e-24
81.5 1.65138e-24
82 1.64455e-24
82.5 1.63778e-24
83 1.63102e-24
83.5 1.62433e-24
84 1.61764e-24
84.5 1.61103e-24
85 1.60442e-24
85.5 1.59789e-24
86 1.59136e-24
86.5 1.58492e-24
87 1.57848e-24
87.5 1.57213e-24
88 1.56578e-24
88.5 1.55953e-24
89 1.55328e-24
89.5 1.54714e-24
90 1.54099e-24
90.5 1.53496e-24
91 1.52892e-24
91.5 1.523e-24
92 1.51709e-24
92.5 1.51129e-24
93 1.5055e-24
93.5 1.49984e-24
94 1.49417e-24
94.5 1.48865e-24
95 1.48313e-24
95.5 1.47775e-24
96 1.47238e-24
96.5 1.46716e-24
97 1.46194e-24
97.5 1.45689e-24
98 1.45185e-24
98.5 1.44698e-24
99 1.44211e-24
99.5 1.43743e-24
100 1.43275e-24
100.5 1.42827e-24
101 1.4238e-24
101.5 1.41954e-24
102 1.41528e-24
102.5 1.41126e-24
103 1.40723e-24
103.5 1.40346e-24
104 1.39968e-24
104.5 1.39617e-24
105 1.39266e-24
105.5 1.38944e-24
106 1.38368e-24
106.5 1.38168e-24
107 1.37968e-24
107.5 1.37769e-24
108 1.37571e-24
108.5 1.37374e-24
109 1.37186e-24
109.5 1.3711e-24
110 1.37034e-24
110.5 1.36959e-24
111 1.36883e-24
111.5 1.36809e-24
112 1.36734e-24
112.5 1.36808e-24
113 1.36887e-24
113.5 1.36966e-24
114 1.37045e-24
114.5 1.37123e-24
115 1.37201e-24
115.5 1.37413e-24
116 1.37684e-24
116.5 1.37953e-24
117 1.38222e-24
117.5 1.38489e-24
118 1.38755e-24
118.5 1.39079e-24
119 1.39582e-24
119.5 1.40082e-24
120 1.40581e-24
120.5 1.41077e-24
121 1.41571e-24
121.5 1.42064e-24
122 1.42731e-24
122.5 1.43503e-24
123 1.44271e-24
123.5 1.45037e-24
124 1.458e-24
124.5 1.46559e-24
125 1.47316e-24
125.5 1.48331e-24
126 1.49405e-24
126.5 1.50475e-24
127 1.5154e-24
127.5 1.52601e-24
128 1.53658e-24
128.5 1.54711e-24
129 1.56042e-24
129.5 1.57437e-24
130 1.58826e-24
