8.4739 130 69
69
8.4739 0
9 6.85463e-27
10 1.18613e-26
11 2.0649e-26
12 3.61466e-26
13 6.40241e-26
14 1.16327e-25
15 2.21381e-25
16 4.5673e-25
16.5 6.87117e-25
17 1.07672e-24
17.5 1.75787e-24
18 2.89493e-24
18.5 4.28157e-24
19 4.92107e-24
19.5 4.86425e-24
20 5.16123e-24
20.5 5.77186e-24
21 5.65728e-24
21.5 4.66825e-24
22 3.62492e-24
22.5 2.88183e-24
23 2.4161e-24
23.5 2.14547e-24
24 2.00767e-24
24.5 1.95915e-24
25 1.9646e-24
25.5 1.98964e-24
26 2.00149e-24
27 1.90652e-24
28 1.67337e-24
29 1.41339e-24
30 1.19226e-24
31 1.02101e-24
32 8.91019e-25
33 7.91796e-25
34 7.14757e-25
35 6.53794e-25
36 6.04639e-25
37 5.64323e-25
38 5.30746e-25
39 5.02378e-25
40 4.7811e-25
42 4.38802e-25
44 4.08304e-25
46 3.83875e-25
48 3.63806e-25
50 3.46937e-25
52 3.32547e-25
54 3.19928e-25
56 3.08808e-25
58 2.98918e-25
60 2.89988e-25
62 2.81808e-25
64 2.74319e-25
66 2.67369e-25
68 2.60919e-25
70 2.54869e-25
75 2.41269e-25
80 2.29319e-25
85 2.18699e-25
90 2.09139e-25
95 2.0048e-25
100 1.9257e-25
105 1.8532e-25
110 1.7866e-25
115 1.7253e-25
120 1.6687e-25
130 1.568e-25
