0.999 130 97
97
0.999 0
1 5.7769e-30
2 9.36822e-29
3 4.85144e-28
4 1.58393e-27
5 4.0424e-27
6 8.90801e-27
7 1.78765e-26
8 3.35942e-26
9 6.00314e-26
11 2.30309e-25
11.3 3.55931e-25
11.6 4.54601e-25
12 5.57574e-25
12.4 7.04026e-25
12.8 8.48119e-25
13.2 1.03872e-24
13.6 1.27608e-24
14 1.51315e-24
14.4 1.91882e-24
14.8 2.32447e-24
15.2 2.83527e-24
15.6 3.50442e-24
16 4.33316e-24
16.4 5.44663e-24
16.8 6.83008e-24
17.2 8.49791e-24
17.6 1.04289e-23
18 1.25663e-23
18.4 1.46109e-23
18.8 1.6214e-23
19.2 1.72516e-23
19.6 1.77041e-23
20 1.76563e-23
20.4 1.726e-23
21.2 1.6194e-23
21.4 1.58934e-23
21.6 1.55775e-23
22 1.49167e-23
22.4 1.4207e-23
22.8 1.34848e-23
23.2 1.2783e-23
23.6 1.21429e-23
24 1.15957e-23
24.4 1.1149e-23
24.8 1.07782e-23
25.2 1.04288e-23
25.6 1.01192e-23
26 9.80653e-24
26.4 9.51402e-24
26.8 9.22661e-24
27.2 8.94149e-24
27.6 8.65993e-24
28 8.38134e-24
28.4 8.1244e-24
28.9 7.81043e-24
29.2 7.6333e-24
29.6 7.40392e-24
30 7.184e-24
30.5 6.93157e-24
31 6.69834e-24
32 6.27911e-24
33 5.91912e-24
34 5.61368e-24
35 5.35837e-24
36 5.15361e-24
37 4.99338e-24
38 4.87208e-24
39 4.78364e-24
40 4.71906e-24
41 4.67061e-24
42 4.62864e-24
43 4.59106e-24
44 4.55527e-24
45 4.52356e-24
46 4.4976e-24
47.2 4.46999e-24
48.2 4.45016e-24
49 4.43235e-24
50 4.41383e-24
51 4.39304e-24
52 4.37555e-24
53 4.3524e-24
54 4.32853e-24
55.2 4.30175e-24
56 4.28446e-24
57 4.26247e-24
58.2 4.23436e-24
59 4.21595e-24
60 4.19159e-24
70 3.98571e-24
80 3.78692e-24
90 3.57398e-24
100 3.3424e-24
110 3.10682e-24
120 2.88041e-24
130 2.6897e-24
