6.2568 130 69
69
6.2568 0
9 5.60604e-26
10 1.1022e-25
11 1.6705e-25
12 2.54863e-25
13 3.95566e-25
14 6.28377e-25
15 1.02725e-24
16 1.7363e-24
16.5 2.28455e-24
17 3.02191e-24
17.5 3.99694e-24
18 5.23281e-24
18.5 6.66992e-24
19 8.09288e-24
19.5 9.13868e-24
20 9.49322e-24
20.5 9.13259e-24
21 8.30617e-24
21.5 7.31202e-24
22 6.34722e-24
22.5 5.49818e-24
23 4.78439e-24
24 3.7123e-24
25 2.98616e-24
26 2.48163e-24
27 2.11916e-24
28 1.85021e-24
29 1.64479e-24
30 1.48375e-24
31 1.35479e-24
32 1.24951e-24
33 1.16203e-24
34 1.08834e-24
35 1.02545e-24
36 9.7101e-25
37 9.23506e-25
38 8.81631e-25
39 8.44395e-25
40 8.11008e-25
42 7.53483e-25
44 7.05426e-25
46 6.64409e-25
48 6.28761e-25
50 5.97292e-25
52 5.69233e-25
54 5.43714e-25
56 5.20455e-25
58 4.99146e-25
60 4.79396e-25
62 4.60957e-25
64 4.43747e-25
66 4.27537e-25
68 4.12288e-25
70 3.97848e-25
72 3.84178e-25
74 3.71188e-25
76 3.58838e-25
78 3.47058e-25
80 3.35829e-25
85 3.09879e-25
90 2.86619e-25
95 2.65699e-25
100 2.46739e-25
105 2.29589e-25
110 2.1402e-25
115 1.9985e-25
120 1.8694e-25
130 1.6434e-25
