0.9 130 82
82
0.9 0
1 2.7363e-27
1.5 7.87486e-27
2 1.73004e-26
2.5 3.26999e-26
3 5.62094e-26
3.5 9.0612e-26
4 1.39617e-25
4.5 2.08243e-25
5 3.03303e-25
5.5 4.33837e-25
6 6.11e-25
6.5 8.4665e-25
7 1.15193e-24
7.5 1.54365e-24
8 2.0631e-24
8.5 2.7905e-24
9 3.84921e-24
9.5 5.41983e-24
10 7.7662e-24
10.5 1.12351e-23
11 1.61049e-23
11.5 2.20188e-23
12 2.71245e-23
12.5 2.88781e-23
13 2.71423e-23
13.5 2.4259e-23
14 2.2324e-23
14.5 2.23763e-23
15 2.44381e-23
15.5 2.64811e-23
16 2.6261e-23
16.5 2.50799e-23
17 2.35791e-23
17.5 2.08776e-23
18 1.73513e-23
18.5 1.40546e-23
19 1.14418e-23
19.5 9.48302e-24
20 8.02142e-24
21 6.03262e-24
22 4.78868e-24
23 3.94994e-24
24 3.35096e-24
25 2.90462e-24
26 2.56141e-24
27 2.29133e-24
28 2.07515e-24
29 1.89993e-24
30 1.75664e-24
32 1.5413e-24
34 1.39377e-24
36 1.2926e-24
38 1.22389e-24
40 1.17815e-24
42 1.14873e-24
44 1.13086e-24
46 1.12106e-24
48 1.11681e-24
50 1.11625e-24
52 1.11801e-24
54 1.12108e-24
56 1.12473e-24
58 1.12841e-24
60 1.13175e-24
62 1.13446e-24
64 1.13637e-24
66 1.13733e-24
68 1.13728e-24
70 1.13617e-24
72 1.13399e-24
74 1.13074e-24
76 1.12645e-24
78 1.12116e-24
80 1.1149e-24
85 1.09536e-24
90 1.07096e-24
95 1.04266e-24
100 1.01138e-24
110 9.43635e-25
120 8.74732e-25
130 8.11048e-25
