4.5 130 252
252
4.5 0
5 9.16902e-26
5.5 2.05224e-25
6 3.18758e-25
6.5 6.66029e-25
7 1.0133e-24
7.5 1.92953e-24
8 2.84577e-24
8.5 4.93424e-24
9 7.02272e-24
9.5 1.09531e-23
10 1.48835e-23
10.5 2.027e-23
11 2.56566e-23
11.5 3.03488e-23
12 3.50411e-23
12.5 3.84416e-23
13 4.18421e-23
13.5 4.34748e-23
14 4.51076e-23
14.5 4.16213e-23
15 3.81351e-23
15.5 3.32395e-23
16 2.83439e-23
16.5 2.46233e-23
17 2.09026e-23
17.5 1.83365e-23
18 1.57704e-23
18.5 1.39958e-23
19 1.22213e-23
19.5 1.09699e-23
20 9.71854e-24
20.5 8.81804e-24
21 7.91753e-24
21.5 7.25787e-24
22 6.59821e-24
22.5 6.10767e-24
23 5.61713e-24
23.5 5.24771e-24
24 4.87828e-24
24.5 4.597e-24
25 4.31572e-24
25.5 4.09938e-24
26 3.88304e-24
26.5 3.71498e-24
27 3.54691e-24
27.5 3.41496e-24
28 3.28301e-24
28.5 3.1782e-24
29 3.07339e-24
29.5 2.98906e-24
30 2.90472e-24
30.5 2.83593e-24
31 2.76713e-24
31.5 2.71021e-24
32 2.65329e-24
32.5 2.60554e-24
33 2.55778e-24
33.5 2.51719e-24
34 2.47659e-24
34.5 2.44167e-24
35 2.40676e-24
35.5 2.37642e-24
36 2.34608e-24
36.5 2.31948e-24
37 2.29289e-24
37.5 2.26941e-24
38 2.24592e-24
38.5 2.22506e-24
39 2.20419e-24
39.5 2.18554e-24
40 2.16689e-24
40.5 2.15014e-24
41 2.13339e-24
41.5 2.11827e-24
42 2.10314e-24
42.5 2.08942e-24
43 2.0757e-24
43.5 2.06318e-24
44 2.05066e-24
44.5 2.03918e-24
45 2.0277e-24
45.5 2.0171e-24
46 2.00651e-24
46.5 1.99667e-24
47 1.98684e-24
47.5 1.97765e-24
48 1.96846e-24
48.5 1.95981e-24
49 1.95117e-24
49.5 1.94298e-24
50 1.9348e-24
50.5 1.927e-24
51 1.9192e-24
51.5 1.91172e-24
52 1.90424e-24
52.5 1.89703e-24
53 1.88981e-24
53.5 1.88281e-24
54 1.87581e-24
54.5 1.86898e-24
55 1.86215e-24
55.5 1.85546e-24
56 1.84878e-24
56.5 1.8422e-24
57 1.83562e-24
57.5 1.82912e-24
58 1.82263e-24
58.5 1.8162e-24
59 1.80977e-24
59.5 1.80339e-24
60 1.79701e-24
60.5 1.79066e-24
61 1.78431e-24
61.5 1.77799e-24
62 1.77167e-24
62.5 1.76537e-24
63 1.75906e-24
63.5 1.75277e-24
64 1.74647e-24
64.5 1.74018e-24
65 1.73389e-24
65.5 1.72761e-24
66 1.72133e-24
66.5 1.71504e-24
67 1.70876e-24
67.5 1.70248e-24
68 1.6962e-24
68.5 1.68992e-24
69 1.68364e-24
69.5 1.67737e-24
70 1.67109e-24
70.5 1.66483e-24
71 1.65856e-24
71.5 1.6523e-24
72 1.64603e-24
72.5 1.63978e-24
73 1.63353e-24
73.5 1.62729e-24
74 1.62106e-24
74.5 1.61483e-24
75 1.60861e-24
75.5 1.60241e-24
76 1.59621e-24
76.5 1.59003e-24
77 1.58385e-24
77.5 1.5777e-24
78 1.57155e-24
78.5 1.56543e-24
79 1.55931e-24
79.5 1.55323e-24
80 1.54714e-24
80.5 1.5411e-24
81 1.53505e-24
81.5 1.52905e-24
82 1.52304e-24
82.5 1.51709e-24
83 1.51113e-24
83.5 1.50522e-24
84 1.49932e-24
84.5 1.49347e-24
85 1.48762e-24
85.5 1.48183e-24
86 1.47604e-24
86.5 1.47031e-24
87 1.46458e-24
87.5 1.45892e-24
88 1.45327e-24
88.5 1.44768e-24
89 1.4421e-24
89.5 1.43659e-24
90 1.43109e-24
90.5 1.42566e-24
91 1.42024e-24
91.5 1.41491e-24
92 1.40958e-24
92.5 1.40434e-24
93 1.39911e-24
93.5 1.39398e-24
94 1.38884e-24
94.5 1.38382e-24
95 1.37879e-24
95.5 1.37389e-24
96 1.36898e-24
96.5 1.3642e-24
97 1.35941e-24
97.5 1.35476e-24
98 1.35011e-24
98.5 1.34561e-24
99 1.3411e-24
99.5 1.33674e-24
100 1.33239e-24
100.5 1.32819e-24
101 1.324e-24
101.5 1.31998e-24
102 1.31596e-24
102.5 1.31213e-24
103 1.3083e-24
103.5 1.30467e-24
104 1.30103e-24
104.5 1.29762e-24
105 1.2942e-24
105.5 1.29101e-24
106 1.28402e-24
106.5 1.28181e-24
107 1.27963e-24
107.5 1.27745e-24
108 1.27528e-24
108.5 1.27312e-24
109 1.27103e-24
109.5 1.26983e-24
110 1.26864e-24
110.5 1.26746e-24
111 1.26628e-24
111.5 1.2651e-24
112 1.26393e-24
112.5 1.26396e-24
113 1.26403e-24
113.5 1.2641e-24
114 1.26417e-24
114.5 1.26424e-24
115 1.26431e-24
115.5 1.26548e-24
116 1.26713e-24
116.5 1.26877e-24
117 1.27041e-24
117.5 1.27204e-24
118 1.27366e-24
118.5 1.27576e-24
119 1.27935e-24
119.5 1.28293e-24
120 1.28649e-24
120.5 1.29003e-24
121 1.29356e-24
121.5 1.29708e-24
122 1.30208e-24
122.5 1.30797e-24
123 1.31384e-24
123.5 1.31968e-24
124 1.32551e-24
124.5 1.3313e-24
125 1.33708e-24
125.5 1.34511e-24
126 1.35365e-24
126.5 1.36216e-24
127 1.37064e-24
127.5 1.37908e-24
128 1.38749e-24
128.5 1.39586e-24
129 1.40674e-24
129.5 1.41819e-24
130 1.42959e-24
