0.9 130 82
82
0.9 0
1 1.0598e-27
1.5 2.93904e-27
2 6.26742e-27
2.5 1.1534e-26
3 1.93183e-26
3.5 3.03235e-26
4 4.54218e-26
4.5 6.57177e-26
5 9.26394e-26
5.5 1.28067e-25
6 1.74506e-25
6.5 2.35294e-25
7 3.14747e-25
7.5 4.17919e-25
8 5.49169e-25
8.5 7.08764e-25
9 8.90531e-25
9.5 1.09005e-24
10 1.3207e-24
10.5 1.61471e-24
11 2.01274e-24
11.5 2.56433e-24
12 3.3423e-24
12.5 4.46568e-24
13 6.08476e-24
13.5 8.04041e-24
14 9.61182e-24
14.5 1.10768e-23
15 1.29242e-23
15.5 1.49031e-23
16 1.64833e-23
16.5 1.71871e-23
17 1.68577e-23
17.5 1.57129e-23
18 1.41394e-23
18.5 1.24709e-23
19 1.09049e-23
19.5 9.52444e-24
20 8.34537e-24
21 6.50641e-24
22 5.20686e-24
23 4.27072e-24
24 3.57808e-24
25 3.05174e-24
26 2.64202e-24
27 2.31639e-24
28 2.05304e-24
29 1.83699e-24
30 1.65766e-24
32 1.38068e-24
34 1.1815e-24
36 1.03615e-24
38 9.2932e-25
40 8.50614e-25
42 7.92662e-25
44 7.50091e-25
46 7.18924e-25
48 6.96189e-25
50 6.79656e-25
52 6.67651e-25
54 6.58911e-25
56 6.52485e-25
58 6.4766e-25
60 6.43896e-25
62 6.40791e-25
64 6.38044e-25
66 6.3543e-25
68 6.32784e-25
70 6.29989e-25
72 6.26958e-25
74 6.23635e-25
76 6.19981e-25
78 6.15976e-25
80 6.11609e-25
85 5.99132e-25
90 5.84587e-25
95 5.68295e-25
100 5.50653e-25
110 5.13031e-25
120 4.75159e-25
130 4.40319e-25
