0.9 130 82
82
0.9 0
1 3.83165e-27
1.5 1.09868e-26
2 2.40947e-26
2.5 4.55144e-26
3 7.82513e-26
3.5 1.26237e-25
4 1.94704e-25
4.5 2.90596e-25
5 4.22799e-25
5.5 6.01495e-25
6 8.3602e-25
6.5 1.13405e-24
7 1.51104e-24
7.5 2.00843e-24
8 2.70153e-24
8.5 3.70143e-24
9 5.17169e-24
9.5 7.36055e-24
10 1.06305e-23
10.5 1.54194e-23
11 2.19125e-23
11.5 2.94065e-23
12 3.71866e-23
12.5 4.63025e-23
13 5.63311e-23
13.5 6.17635e-23
14 5.79213e-23
14.5 4.8158e-23
15 3.80276e-23
15.5 2.98722e-23
16 2.38197e-23
16.5 1.93952e-23
17 1.61278e-23
17.5 1.36693e-23
18 1.17804e-23
18.5 1.02999e-23
19 9.11762e-24
19.5 8.15768e-24
20 7.36654e-24
21 6.11224e-24
22 5.19458e-24
23 4.49937e-24
24 3.95809e-24
25 3.52759e-24
26 3.17952e-24
27 2.89455e-24
28 2.65911e-24
29 2.4633e-24
30 2.29978e-24
32 2.04823e-24
34 1.87202e-24
36 1.74978e-24
38 1.66659e-24
40 1.61171e-24
42 1.57722e-24
44 1.55725e-24
46 1.54746e-24
48 1.5446e-24
50 1.54627e-24
52 1.5507e-24
54 1.55657e-24
56 1.56292e-24
58 1.56908e-24
60 1.57452e-24
62 1.57892e-24
64 1.58203e-24
66 1.58369e-24
68 1.58382e-24
70 1.58238e-24
72 1.57935e-24
74 1.57477e-24
76 1.56866e-24
78 1.56108e-24
80 1.5521e-24
85 1.52404e-24
90 1.48898e-24
95 1.44829e-24
100 1.40334e-24
110 1.30588e-24
120 1.20658e-24
130 1.11424e-24
