0.9 130 82
82
0.9 0
1 2.17309e-27
1.5 6.27033e-27
2 1.37648e-26
2.5 2.59306e-26
3 4.43266e-26
3.5 7.09146e-26
4 1.08222e-25
4.5 1.59563e-25
5 2.29316e-25
5.5 3.23164e-25
6 4.47997e-25
6.5 6.10823e-25
7 8.16755e-25
7.5 1.07029e-24
8 1.38581e-24
8.5 1.79857e-24
9 2.36439e-24
9.5 3.1599e-24
10 4.29366e-24
10.5 5.92251e-24
11 8.25477e-24
11.5 1.14799e-23
12 1.54796e-23
12.5 1.93676e-23
13 2.19603e-23
13.5 2.34001e-23
14 2.48487e-23
14.5 2.68188e-23
15 2.87757e-23
15.5 2.96951e-23
16 2.89223e-23
16.5 2.66589e-23
17 2.36333e-23
17.5 2.05176e-23
18 1.7686e-23
18.5 1.5266e-23
19 1.3255e-23
19.5 1.16005e-23
20 1.02397e-23
21 8.15484e-24
22 6.68292e-24
23 5.6077e-24
24 4.79718e-24
25 4.16936e-24
26 3.67183e-24
27 3.27004e-24
28 2.94054e-24
29 2.66696e-24
30 2.43758e-24
32 2.0791e-24
34 1.81824e-24
36 1.62641e-24
38 1.48485e-24
40 1.38049e-24
42 1.30388e-24
44 1.24799e-24
46 1.20754e-24
48 1.17852e-24
50 1.1579e-24
52 1.14335e-24
54 1.13312e-24
56 1.12589e-24
58 1.12065e-24
60 1.11664e-24
62 1.1133e-24
64 1.11019e-24
66 1.10702e-24
68 1.10355e-24
70 1.09962e-24
72 1.09511e-24
74 1.08997e-24
76 1.08414e-24
78 1.07761e-24
80 1.07037e-24
85 1.04929e-24
90 1.02435e-24
95 9.96168e-25
100 9.65508e-25
110 8.99873e-25
120 8.33635e-25
130 7.72629e-25
