0.9 130 82
82
0.9 0
1 1.24724e-27
1.5 3.52224e-27
2 7.6101e-27
2.5 1.41494e-26
3 2.39041e-26
3.5 3.7812e-26
4 5.7051e-26
4.5 8.31324e-26
5 1.18032e-25
5.5 1.64369e-25
6 2.25607e-25
6.5 3.0618e-25
7 4.11189e-25
7.5 5.44963e-25
8 7.0847e-25
8.5 8.99815e-25
9 1.12413e-24
9.5 1.40361e-24
10 1.77389e-24
10.5 2.27836e-24
11 2.97139e-24
11.5 3.92602e-24
12 5.23974e-24
12.5 7.02927e-24
13 9.39125e-24
13.5 1.2283e-23
14 1.5317e-23
14.5 1.77287e-23
15 1.89265e-23
15.5 1.90785e-23
16 1.87639e-23
16.5 1.83057e-23
17 1.76552e-23
17.5 1.66643e-23
18 1.53224e-23
18.5 1.37728e-23
19 1.21986e-23
19.5 1.07317e-23
20 9.43466e-24
21 7.36038e-24
22 5.87979e-24
23 4.8153e-24
24 4.03208e-24
25 3.44059e-24
26 2.98287e-24
27 2.62101e-24
28 2.32974e-24
29 2.09177e-24
30 1.89496e-24
32 1.59226e-24
34 1.37553e-24
36 1.21779e-24
38 1.10203e-24
40 1.01683e-24
42 9.54163e-25
44 9.08204e-25
46 8.7465e-25
48 8.50283e-25
50 8.32675e-25
52 8.19996e-25
54 8.10858e-25
56 8.04213e-25
58 7.99268e-25
60 7.95425e-25
62 7.92234e-25
64 7.89358e-25
66 7.86549e-25
68 7.83623e-25
70 7.80449e-25
72 7.76934e-25
74 7.73015e-25
76 7.68654e-25
78 7.6383e-25
80 7.58535e-25
85 7.43289e-25
90 7.25402e-25
95 7.05297e-25
100 6.83482e-25
110 6.36885e-25
120 5.89929e-25
130 5.46712e-25
