10.6118 130 77
77
10.6118 0
11.2 2.30791e-25
11.5 2.93422e-25
12 4.14805e-25
12.5 5.05646e-25
13 5.18769e-25
13.5 4.85582e-25
14.2 4.55638e-25
14.5 4.64697e-25
15 5.17527e-25
15.5 6.41697e-25
16 8.9667e-25
16.5 1.42491e-24
17 2.43466e-24
17.5 3.30835e-24
18 2.777e-24
18.5 2.06444e-24
19 1.75086e-24
19.5 1.71147e-24
20 1.84472e-24
20.5 2.10571e-24
21 2.46937e-24
21.5 2.90529e-24
22 3.3608e-24
22.5 3.75874e-24
23 4.01756e-24
23.5 4.08946e-24
24 3.98184e-24
24.5 3.74589e-24
25 3.44346e-24
25.5 3.12412e-24
26 2.81856e-24
26.5 2.54117e-24
27 2.29667e-24
27.5 2.08436e-24
28 1.90124e-24
28.5 1.74361e-24
29 1.60747e-24
29.5 1.48973e-24
30 1.38738e-24
31 1.21937e-24
32 1.07944e-24
33 9.54952e-25
34 8.53658e-25
35 7.70713e-25
36 7.02268e-25
37 6.45327e-25
38 5.97581e-25
39 5.57242e-25
40 5.2292e-25
42 4.68151e-25
44 4.26968e-25
46 3.95293e-25
48 3.70446e-25
50 3.50569e-25
52 3.34401e-25
54 3.21012e-25
56 3.09763e-25
58 3.00144e-25
60 2.91795e-25
62 2.84505e-25
64 2.77876e-25
66 2.71886e-25
68 2.66327e-25
70 2.61317e-25
75 2.49857e-25
80 2.39298e-25
85 2.29488e-25
90 2.20009e-25
95 2.10829e-25
100 2.01819e-25
105 1.93079e-25
110 1.84569e-25
115 1.76409e-25
120 1.68619e-25
125 1.6131e-25
130 1.5458e-25
