0.9 130 84
84
0.9 0
1 5.81465e-28
1.5 1.554e-27
2 3.22725e-27
2.5 5.8227e-27
3 9.60461e-27
3.5 1.48952e-26
4 2.20955e-26
4.5 3.17146e-26
5 4.44126e-26
5.25 5.21784e-26
5.5 6.10622e-26
5.75 7.12207e-26
6 8.28365e-26
6.5 1.1133e-25
7 1.48714e-25
7.5 1.97906e-25
8 2.62611e-25
8.5 3.46809e-25
9 4.52862e-25
9.5 5.78376e-25
10 7.17251e-25
10.5 8.72243e-25
11 1.06739e-24
11.5 1.34533e-24
12 1.75964e-24
12.5 2.33101e-24
13 2.96667e-24
13.5 3.73659e-24
14 4.87061e-24
14.5 6.46633e-24
15 8.44909e-24
15.5 1.04282e-23
16 1.17337e-23
16.5 1.20044e-23
17 1.1592e-23
17.5 1.10266e-23
18 1.04273e-23
18.5 9.58185e-24
19 8.41162e-24
19.5 7.12113e-24
20 5.93858e-24
21 4.17355e-24
22 3.07822e-24
23 2.38344e-24
24 1.9197e-24
25 1.59493e-24
26 1.35832e-24
27 1.18044e-24
28 1.04339e-24
29 9.35753e-25
30 8.49961e-25
32 7.24593e-25
34 6.4088e-25
36 5.84224e-25
38 5.4583e-25
40 5.20048e-25
42 5.03079e-25
44 4.92289e-25
46 4.8581e-25
48 4.82305e-25
50 4.80803e-25
52 4.806e-25
54 4.81181e-25
56 4.82172e-25
58 4.83303e-25
60 4.84377e-25
62 4.85255e-25
64 4.8584e-25
66 4.86066e-25
68 4.85891e-25
70 4.85291e-25
72 4.84254e-25
74 4.8278e-25
76 4.80875e-25
78 4.78551e-25
80 4.75824e-25
85 4.67379e-25
90 4.56895e-25
95 4.44764e-25
100 4.31384e-25
110 4.02433e-25
120 3.73015e-25
130 3.45835e-25
