0.5 130 260
260
0.5 0
1 3.71782e-28
1.5 9.73048e-28
2 1.98766e-27
2.5 3.53732e-27
3 5.76577e-27
3.5 8.84604e-27
4 1.29905e-26
4.5 1.8465e-26
5 2.56098e-26
5.5 3.48694e-26
6 4.68351e-26
6.5 6.23022e-26
7 8.23493e-26
7.5 1.0844e-25
8 1.4253e-25
8.5 1.87085e-25
9 2.44695e-25
9.5 3.16608e-25
10 3.99943e-25
10.5 4.87016e-25
11 5.73469e-25
11.5 6.68433e-25
12 7.91059e-25
12.5 9.61939e-25
13 1.20259e-24
13.5 1.54017e-24
14 2.01256e-24
14.5 2.67128e-24
15 3.5762e-24
15.5 4.7644e-24
16 6.1643e-24
16.5 7.4825e-24
17 8.2945e-24
17.5 8.46193e-24
18 8.20191e-24
18.5 7.92309e-24
19 7.88574e-24
19.5 7.81359e-24
20 7.27277e-24
20.5 6.23721e-24
21 5.20165e-24
21.5 4.37888e-24
22 3.55611e-24
22.5 3.06218e-24
23 2.56826e-24
23.5 2.26547e-24
24 1.96267e-24
24.5 1.76557e-24
25 1.56846e-24
25.5 1.43304e-24
26 1.29762e-24
26.5 1.20047e-24
27 1.10332e-24
27.5 1.03121e-24
28 9.59109e-25
28.5 9.04157e-25
29 8.49205e-25
29.5 8.06449e-25
30 7.63692e-25
30.5 7.33255e-25
31 7.02818e-25
31.5 6.72381e-25
32 6.41944e-25
32.5 6.22105e-25
33 6.02267e-25
33.5 5.82429e-25
34 5.62591e-25
34.5 5.49341e-25
35 5.36091e-25
35.5 5.22841e-25
36 5.09591e-25
36.5 5.00655e-25
37 4.91718e-25
37.5 4.82782e-25
38 4.73845e-25
38.5 4.6783e-25
39 4.61815e-25
39.5 4.558e-25
40 4.49785e-25
40.5 4.45788e-25
41 4.41791e-25
41.5 4.37794e-25
42 4.33798e-25
42.5 4.31208e-25
43 4.28619e-25
43.5 4.26029e-25
44 4.2344e-25
44.5 4.21833e-25
45 4.20226e-25
45.5 4.18618e-25
46 4.17011e-25
46.5 4.16084e-25
47 4.15156e-25
47.5 4.14229e-25
48 4.13301e-25
48.5 4.12836e-25
49 4.12371e-25
49.5 4.11906e-25
50 4.11441e-25
50.5 4.1128e-25
51 4.11118e-25
51.5 4.10957e-25
52 4.10796e-25
52.5 4.10824e-25
53 4.10852e-25
53.5 4.1088e-25
54 4.10908e-25
54.5 4.11041e-25
55 4.11174e-25
55.5 4.11307e-25
56 4.11439e-25
56.5 4.11616e-25
57 4.11792e-25
57.5 4.11969e-25
58 4.12145e-25
58.5 4.12321e-25
59 4.12497e-25
59.5 4.12673e-25
60 4.12849e-25
60.5 4.12992e-25
61 4.13135e-25
61.5 4.13279e-25
62 4.13422e-25
62.5 4.13511e-25
63 4.13599e-25
63.5 4.13688e-25
64 4.13776e-25
64.5 4.13794e-25
65 4.13813e-25
65.5 4.13831e-25
66 4.13849e-25
66.5 4.13787e-25
67 4.13725e-25
67.5 4.13663e-25
68 4.13601e-25
68.5 4.13453e-25
69 4.13304e-25
69.5 4.13156e-25
70 4.13007e-25
70.5 4.1277e-25
71 4.12532e-25
71.5 4.12294e-25
72 4.12056e-25
72.5 4.11728e-25
73 4.114e-25
73.5 4.11072e-25
74 4.10744e-25
74.5 4.10326e-25
75 4.09909e-25
75.5 4.09491e-25
76 4.09074e-25
76.5 4.08569e-25
77 4.08065e-25
77.5 4.0756e-25
78 4.07056e-25
78.5 4.06467e-25
79 4.05879e-25
79.5 4.0529e-25
80 4.04701e-25
80.5 4.03976e-25
81 4.03252e-25
81.5 4.02527e-25
82 4.01802e-25
82.5 4.01077e-25
83 4.00352e-25
83.5 3.99627e-25
84 3.98902e-25
84.5 3.98177e-25
85 3.97452e-25
85.5 3.96556e-25
86 3.9566e-25
86.5 3.94764e-25
87 3.93868e-25
87.5 3.92972e-25
88 3.92076e-25
88.5 3.9118e-25
89 3.90284e-25
89.5 3.89388e-25
90 3.88492e-25
90.5 3.87458e-25
91 3.86423e-25
91.5 3.85389e-25
92 3.84354e-25
92.5 3.83319e-25
93 3.82285e-25
93.5 3.8125e-25
94 3.80216e-25
94.5 3.79181e-25
95 3.78146e-25
95.5 3.77006e-25
96 3.75867e-25
96.5 3.74727e-25
97 3.73587e-25
97.5 3.72447e-25
98 3.71307e-25
98.5 3.70167e-25
99 3.69028e-25
99.5 3.67888e-25
100 3.66748e-25
100.5 3.65516e-25
101 3.64284e-25
101.5 3.63052e-25
102 3.6182e-25
102.5 3.60588e-25
103 3.59356e-25
103.5 3.58124e-25
104 3.56892e-25
104.5 3.5566e-25
105 3.54428e-25
105.5 3.53196e-25
106 3.51964e-25
106.5 3.50732e-25
107 3.495e-25
107.5 3.48268e-25
108 3.47036e-25
108.5 3.45804e-25
109 3.44572e-25
109.5 3.4334e-25
110 3.42108e-25
110.5 3.40857e-25
111 3.39606e-25
111.5 3.38355e-25
112 3.37103e-25
112.5 3.35852e-25
113 3.34601e-25
113.5 3.3335e-25
114 3.32099e-25
114.5 3.30847e-25
115 3.29596e-25
115.5 3.28345e-25
116 3.27094e-25
116.5 3.25843e-25
117 3.24592e-25
117.5 3.2334e-25
118 3.22089e-25
118.5 3.20838e-25
119 3.19587e-25
119.5 3.18336e-25
120 3.17084e-25
120.5 3.15929e-25
121 3.14773e-25
121.5 3.13617e-25
122 3.12462e-25
122.5 3.11306e-25
123 3.1015e-25
123.5 3.08995e-25
124 3.07839e-25
124.5 3.06683e-25
125 3.05528e-25
125.5 3.04372e-25
126 3.03216e-25
126.5 3.02061e-25
127 3.00905e-25
127.5 2.99749e-25
128 2.98594e-25
128.5 2.97438e-25
129 2.96282e-25
129.5 2.95127e-25
130 2.93971e-25
