0.9 130 82
82
0.9 0
1 2.65785e-28
1.5 6.84606e-28
2 1.38057e-27
2.5 2.43062e-27
3 3.92509e-27
3.5 5.97199e-27
4 8.70275e-27
4.5 1.22805e-26
5 1.69125e-26
5.5 2.28677e-26
6 3.05015e-26
6.5 4.02886e-26
7 5.28673e-26
7.5 6.91018e-26
8 9.01634e-26
8.5 1.1762e-25
9 1.53455e-25
9.5 1.99755e-25
10 2.57478e-25
10.5 3.23887e-25
11 3.91214e-25
11.5 4.53034e-25
12 5.14374e-25
12.5 5.89819e-25
13 6.94524e-25
13.5 8.41942e-25
14 1.04679e-24
14.5 1.32824e-24
15 1.7115e-24
15.5 2.22588e-24
16 2.89356e-24
16.5 3.69902e-24
17 4.53747e-24
17.5 5.19376e-24
18 5.45511e-24
18.5 5.30213e-24
19 4.91295e-24
19.5 4.48357e-24
20 4.11362e-24
21 3.53425e-24
22 2.96018e-24
23 2.36262e-24
24 1.85872e-24
25 1.48352e-24
26 1.21376e-24
27 1.01872e-24
28 8.75e-25
29 7.66809e-25
30 6.83744e-25
32 5.67549e-25
34 4.93279e-25
36 4.44325e-25
38 4.11562e-25
40 3.89573e-25
42 3.74937e-25
44 3.6539e-25
46 3.5938e-25
48 3.55816e-25
50 3.5392e-25
52 3.53128e-25
54 3.53031e-25
56 3.5333e-25
58 3.53808e-25
60 3.54306e-25
62 3.54712e-25
64 3.54944e-25
66 3.54948e-25
68 3.54686e-25
70 3.54137e-25
72 3.53287e-25
74 3.52134e-25
76 3.50678e-25
78 3.48928e-25
80 3.46893e-25
85 3.40647e-25
90 3.32947e-25
95 3.24065e-25
100 3.14286e-25
110 2.93158e-25
120 2.71708e-25
130 2.51898e-25
