0.9 130 84
84
0.9 0
1 8.97301e-27
1.5 2.55115e-26
2 5.58099e-26
2.5 1.05611e-25
3 1.82514e-25
3.5 2.96825e-25
4 4.6264e-25
4.5 6.98835e-25
5 1.02781e-24
5.25 1.22949e-24
5.5 1.4311e-24
5.75 1.50998e-24
6 1.2251e-24
6.5 2.15095e-24
7 3.04497e-24
7.5 4.41184e-24
8 6.0851e-24
8.5 8.54924e-24
9 1.27579e-23
9.5 1.89957e-23
10 2.74527e-23
10.5 3.54295e-23
11 3.84783e-23
11.5 3.7196e-23
12 3.58633e-23
12.5 3.57873e-23
13 3.59471e-23
13.5 3.50867e-23
14 3.28647e-23
14.5 2.94515e-23
15 2.56156e-23
15.5 2.1996e-23
16 1.89099e-23
16.5 1.63327e-23
17 1.42833e-23
17.5 1.2554e-23
18 1.08718e-23
18.5 9.09825e-24
19 7.51715e-24
19.5 6.33725e-24
20 5.59354e-24
21 4.98978e-24
22 4.68935e-24
23 4.39163e-24
24 4.10813e-24
25 3.72582e-24
26 3.08729e-24
27 2.36091e-24
28 1.77764e-24
29 1.42347e-24
30 1.21051e-24
32 9.9844e-25
34 8.10462e-25
36 6.75976e-25
38 6.17858e-25
40 5.96591e-25
42 5.68539e-25
44 5.33839e-25
46 5.08034e-25
48 4.94491e-25
50 4.90374e-25
52 4.89924e-25
54 4.92647e-25
56 4.96469e-25
58 5.053e-25
60 5.12694e-25
62 5.1431e-25
64 5.19673e-25
66 5.21277e-25
68 5.23529e-25
70 5.22735e-25
72 5.23159e-25
74 5.22166e-25
76 5.19376e-25
78 5.16932e-25
80 5.15263e-25
85 5.04318e-25
90 4.89308e-25
95 4.7196e-25
100 4.55802e-25
110 4.25306e-25
120 3.87282e-25
130 3.43224e-25
