7.5 130 68
68
7.5 0
8 6.8444e-29
8.5 3.76044e-26
9 4.51696e-26
9.5 5.4359e-26
10 6.56518e-26
10.5 7.97317e-26
11 9.76036e-26
11.5 1.20794e-25
12 1.51682e-25
12.5 1.94078e-25
13 2.54135e-25
13.5 3.41487e-25
14 4.69019e-25
14.5 6.43877e-25
15 8.3365e-25
15.5 9.34531e-25
16 8.76748e-25
16.5 7.36872e-25
17 6.0886e-25
17.5 5.21531e-25
18 4.70797e-25
18.5 4.47247e-25
19 4.43632e-25
19.5 4.55391e-25
20 4.79874e-25
21 5.59652e-25
22 6.79516e-25
23 8.31141e-25
24 9.91356e-25
25 1.11623e-24
26 1.15917e-24
27 1.10768e-24
28 9.92263e-25
29 8.55772e-25
30 7.2695e-25
32 5.28462e-25
34 4.01561e-25
36 3.21112e-25
38 2.68582e-25
40 2.33027e-25
42 2.08136e-25
44 1.90182e-25
46 1.76886e-25
48 1.66802e-25
50 1.58985e-25
52 1.52797e-25
54 1.47798e-25
56 1.43675e-25
58 1.40205e-25
60 1.37223e-25
62 1.34608e-25
64 1.32268e-25
66 1.30134e-25
68 1.28153e-25
70 1.26286e-25
72 1.24502e-25
74 1.22776e-25
76 1.21092e-25
78 1.19434e-25
80 1.17793e-25
85 1.1372e-25
90 1.09641e-25
95 1.05541e-25
100 1.0143e-25
110 9.33113e-26
120 8.56234e-26
130 7.87651e-26
