0.9 130 82
82
0.9 0
1 3.02164e-27
1.5 8.64756e-27
2 1.89221e-26
2.5 3.56513e-26
3 6.11155e-26
3.5 9.82825e-26
4 1.51104e-25
4.5 2.2491e-25
5 3.2682e-25
5.5 4.65886e-25
6 6.524e-25
6.5 8.97148e-25
7 1.21716e-24
7.5 1.65644e-24
8 2.30828e-24
8.5 3.26119e-24
9 4.32253e-24
9.5 5.3856e-24
10 7.0166e-24
10.5 9.73537e-24
11 1.41379e-23
11.5 2.10278e-23
12 3.03038e-23
12.5 3.80297e-23
13 3.93155e-23
13.5 3.70837e-23
14 3.59981e-23
14.5 3.66599e-23
15 3.73851e-23
15.5 3.64109e-23
16 3.33615e-23
16.5 2.91484e-23
17 2.48343e-23
17.5 2.10063e-23
18 1.78298e-23
18.5 1.52649e-23
19 1.32082e-23
19.5 1.15535e-23
20 1.02113e-23
21 8.17048e-24
22 6.73695e-24
23 5.6898e-24
24 4.899e-24
25 4.28512e-24
26 3.79775e-24
27 3.40372e-24
28 3.08048e-24
29 2.81226e-24
30 2.58768e-24
32 2.23797e-24
34 1.98539e-24
36 1.80158e-24
38 1.66776e-24
40 1.57081e-24
42 1.50119e-24
44 1.45182e-24
46 1.41738e-24
48 1.39385e-24
50 1.37818e-24
52 1.36805e-24
54 1.36174e-24
56 1.35792e-24
58 1.3556e-24
60 1.35405e-24
62 1.35271e-24
64 1.3512e-24
66 1.3492e-24
68 1.34653e-24
70 1.34303e-24
72 1.33863e-24
74 1.33326e-24
76 1.3269e-24
78 1.31957e-24
80 1.31126e-24
85 1.2865e-24
90 1.25663e-24
95 1.22256e-24
100 1.18528e-24
110 1.1051e-24
120 1.02394e-24
130 9.49058e-25
