1.5 130 80
80
1.5 0
2 9.43929e-28
2.5 5.75583e-27
3 1.90832e-26
3.5 4.61109e-26
4 9.91203e-26
4.5 2.01587e-25
5 3.4854e-25
5.5 5.25186e-25
6 7.28651e-25
6.5 9.6723e-25
7 1.25057e-24
7.5 1.58017e-24
8 1.94339e-24
8.5 2.32694e-24
9 2.74705e-24
9.5 3.25243e-24
10 3.90518e-24
10.5 4.75456e-24
11 5.86805e-24
11.5 7.32939e-24
12 9.24087e-24
12.5 1.17187e-23
13 1.48633e-23
13.5 1.86723e-23
14 2.288e-23
14.5 2.67882e-23
15 2.9348e-23
15.5 2.97339e-23
16 2.79837e-23
16.5 2.49084e-23
17 2.14334e-23
17.5 1.81585e-23
18 1.53341e-23
18.5 1.30001e-23
19 1.1106e-23
19.5 9.57636e-24
20 8.33823e-24
21 6.48431e-24
22 5.21318e-24
23 4.31238e-24
24 3.65454e-24
25 3.16147e-24
26 2.78359e-24
27 2.4885e-24
28 2.25432e-24
29 2.06592e-24
30 1.91256e-24
32 1.6818e-24
34 1.52063e-24
36 1.40505e-24
38 1.32037e-24
40 1.25718e-24
42 1.20924e-24
44 1.17228e-24
46 1.14329e-24
48 1.12014e-24
50 1.10127e-24
52 1.08553e-24
54 1.07206e-24
56 1.06021e-24
58 1.04949e-24
60 1.03954e-24
62 1.03005e-24
64 1.02083e-24
66 1.0117e-24
68 1.00254e-24
70 9.93265e-25
72 9.83802e-25
74 9.74107e-25
76 9.64152e-25
78 9.53917e-25
80 9.43395e-25
85 9.15861e-25
90 8.8673e-25
95 8.56325e-25
100 8.25056e-25
110 7.61775e-25
120 7.00725e-25
130 6.4574e-25
