8.8541 130 239
239
8.8541 0
11.5 1.99537e-25
12 4.69911e-25
12.5 7.39687e-25
13 1.00951e-24
13.5 1.27934e-24
14 1.54921e-24
14.5 2.09326e-24
15 2.63718e-24
15.5 3.18123e-24
16 3.72528e-24
16.5 4.37125e-24
17 5.01722e-24
17.5 5.66319e-24
18 6.40835e-24
18.5 5.4606e-24
19 5.9212e-24
19.5 6.263e-24
20 6.4482e-24
20.5 6.4614e-24
21 6.3135e-24
21.5 6.0363e-24
22 5.672e-24
22.5 5.2615e-24
23 4.8383e-24
23.5 4.4258e-24
24 4.0382e-24
24.5 3.6827e-24
25 3.3618e-24
25.5 3.0749e-24
26 2.8201e-24
26.5 2.5943e-24
27 2.3946e-24
27.5 2.2177e-24
28 2.061e-24
28.5 1.9219e-24
29 1.798e-24
29.5 1.6875e-24
30 1.5887e-24
30.5 1.5001e-24
31 1.4206e-24
31.5 1.349e-24
32 1.2843e-24
32.5 1.2258e-24
33 1.1726e-24
33.5 1.1242e-24
34 1.0802e-24
34.5 1.0399e-24
35 1.003e-24
35.5 9.6912e-25
36 9.38e-25
36.5 9.0934e-25
37 8.829e-25
37.5 8.5846e-25
38 8.3584e-25
38.5 8.1486e-25
39 7.9539e-25
39.5 7.7728e-25
40 7.6041e-25
40.5 7.4468e-25
41 7.2999e-25
41.5 7.1626e-25
42 7.034e-25
42.5 6.9134e-25
43 6.8003e-25
43.5 6.694e-25
44 6.594e-25
44.5 6.4999e-25
45 6.4111e-25
45.5 6.3273e-25
46 6.2481e-25
46.5 6.1731e-25
47 6.1022e-25
47.5 6.0349e-25
48 5.9711e-25
48.5 5.9104e-25
49 5.8528e-25
49.5 5.7979e-25
50 5.7455e-25
50.5 5.6956e-25
51 5.6479e-25
51.5 5.6023e-25
52 5.5587e-25
52.5 5.5169e-25
53 5.4768e-25
53.5 5.4383e-25
54 5.4013e-25
54.5 5.3657e-25
55 5.3314e-25
55.5 5.2983e-25
56 5.2664e-25
56.5 5.2355e-25
57 5.2057e-25
57.5 5.1768e-25
58 5.1488e-25
58.5 5.1216e-25
59 5.0952e-25
59.5 5.0696e-25
60 5.0446e-25
60.5 5.0202e-25
61 4.9965e-25
61.5 4.9733e-25
62 4.9507e-25
62.5 4.9285e-25
63 4.9068e-25
63.5 4.8856e-25
64 4.8647e-25
64.5 4.8442e-25
65 4.8241e-25
65.5 4.8043e-25
66 4.7849e-25
66.5 4.7657e-25
67 4.7468e-25
67.5 4.7281e-25
68 4.7097e-25
68.5 4.6915e-25
69 4.6735e-25
69.5 4.6557e-25
70 4.6381e-25
70.5 4.6207e-25
71 4.6034e-25
71.5 4.5862e-25
72 4.5692e-25
72.5 4.5523e-25
73 4.5355e-25
73.5 4.5188e-25
74 4.5023e-25
74.5 4.4858e-25
75 4.4694e-25
75.5 4.4531e-25
76 4.4368e-25
76.5 4.4206e-25
77 4.4045e-25
77.5 4.3884e-25
78 4.3724e-25
78.5 4.3564e-25
79 4.3405e-25
79.5 4.3246e-25
80 4.3087e-25
80.5 4.2929e-25
81 4.2771e-25
81.5 4.2613e-25
82 4.2455e-25
82.5 4.2298e-25
83 4.2141e-25
83.5 4.1983e-25
84 4.1827e-25
84.5 4.167e-25
85 4.1513e-25
85.5 4.1356e-25
86 4.12e-25
86.5 4.1044e-25
87 4.0887e-25
87.5 4.0731e-25
88 4.0575e-25
88.5 4.0418e-25
89 4.0262e-25
89.5 4.0106e-25
90 3.995e-25
90.5 3.9794e-25
91 3.9638e-25
91.5 3.9482e-25
92 3.9326e-25
92.5 3.9171e-25
93 3.9015e-25
93.5 3.8859e-25
94 3.8703e-25
94.5 3.8548e-25
95 3.8392e-25
95.5 3.8237e-25
96 3.8082e-25
96.5 3.7926e-25
97 3.7771e-25
97.5 3.7616e-25
98 3.7461e-25
98.5 3.7307e-25
99 3.7152e-25
99.5 3.6998e-25
100 3.6843e-25
100.5 3.6689e-25
101 3.6535e-25
101.5 3.6382e-25
102 3.6228e-25
102.5 3.6075e-25
103 3.5922e-25
103.5 3.5769e-25
104 3.5617e-25
104.5 3.5464e-25
105 3.5312e-25
105.5 3.5161e-25
106 3.501e-25
106.5 3.4859e-25
107 3.4708e-25
107.5 3.4558e-25
108 3.4408e-25
108.5 3.4258e-25
109 3.4109e-25
109.5 3.3961e-25
110 3.3813e-25
110.5 3.3665e-25
111 3.3518e-25
111.5 3.3371e-25
112 3.3225e-25
112.5 3.3079e-25
113 3.2934e-25
113.5 3.2789e-25
114 3.2645e-25
114.5 3.2502e-25
115 3.2359e-25
115.5 3.2217e-25
116 3.2075e-25
116.5 3.1935e-25
117 3.1794e-25
117.5 3.1655e-25
118 3.1516e-25
118.5 3.1378e-25
119 3.1241e-25
119.5 3.1104e-25
120 3.0968e-25
120.5 3.0833e-25
121 3.0699e-25
121.5 3.0566e-25
122 3.0433e-25
122.5 3.0302e-25
123 3.0171e-25
123.5 3.0041e-25
124 2.9912e-25
124.5 2.9784e-25
125 2.9657e-25
125.5 2.9531e-25
126 2.9406e-25
126.5 2.9282e-25
127 2.9159e-25
127.5 2.9037e-25
128 2.8916e-25
128.5 2.8796e-25
129 2.8677e-25
129.5 2.8559e-25
130 2.8443e-25
