8.5 130 244
244
8.5 0
9 1.71e-27
9.5 2.21529e-26
10 4.25958e-26
10.5 7.99657e-26
11 1.17335e-25
11.5 1.48923e-25
12 1.8051e-25
12.5 2.30082e-25
13 2.79655e-25
13.5 3.61238e-25
14 4.42822e-25
14.5 5.77612e-25
15 7.12401e-25
15.5 9.24349e-25
16 1.1363e-24
16.5 1.41471e-24
17 1.69312e-24
17.5 1.95808e-24
18 2.1545e-24
18.5 2.24932e-24
19 2.24144e-24
19.5 2.15822e-24
20 2.03832e-24
20.5 1.91472e-24
21 1.8102e-24
21.5 1.73767e-24
22 1.7039e-24
22.5 1.72861e-24
23 1.75332e-24
23.5 1.81858e-24
24 1.88383e-24
24.5 1.91877e-24
25 1.90165e-24
25.5 1.82935e-24
26 1.71627e-24
26.5 1.58257e-24
27 1.44888e-24
27.5 1.32901e-24
28 1.20914e-24
28.5 1.11629e-24
29 1.02344e-24
29.5 9.53876e-25
30 8.84311e-25
30.5 8.31699e-25
31 7.79087e-25
31.5 7.38449e-25
32 6.9781e-25
32.5 6.65682e-25
33 6.33554e-25
33.5 6.07578e-25
34 5.81601e-25
34.5 5.60168e-25
35 5.38735e-25
35.5 5.2074e-25
36 5.02745e-25
36.5 4.87399e-25
37 4.72053e-25
37.5 4.58786e-25
38 4.45519e-25
38.5 4.33906e-25
39 4.22294e-25
39.5 4.12031e-25
40 4.01767e-25
40.5 3.93066e-25
41 3.84365e-25
41.5 3.75664e-25
42 3.66963e-25
42.5 3.59819e-25
43 3.52675e-25
43.5 3.45531e-25
44 3.38387e-25
44.5 3.3237e-25
45 3.26353e-25
45.5 3.20336e-25
46 3.1432e-25
46.5 3.0915e-25
47 3.03981e-25
47.5 2.98811e-25
48 2.93641e-25
48.5 2.89127e-25
49 2.84612e-25
49.5 2.80098e-25
50 2.75583e-25
50.5 2.72948e-25
51 2.70313e-25
51.5 2.67679e-25
52 2.65044e-25
52.5 2.63044e-25
53 2.61044e-25
53.5 2.59045e-25
54 2.57045e-25
54.5 2.55347e-25
55 2.5365e-25
55.5 2.51953e-25
56 2.50256e-25
56.5 2.48791e-25
57 2.47326e-25
57.5 2.45861e-25
58 2.44396e-25
58.5 2.43109e-25
59 2.41821e-25
59.5 2.40534e-25
60 2.39246e-25
60.5 2.38101e-25
61 2.36957e-25
61.5 2.35812e-25
62 2.34667e-25
62.5 2.33609e-25
63 2.32552e-25
63.5 2.31495e-25
64 2.30437e-25
64.5 2.29477e-25
65 2.28517e-25
65.5 2.27557e-25
66 2.26597e-25
66.5 2.25685e-25
67 2.24772e-25
67.5 2.2386e-25
68 2.22948e-25
68.5 2.2209e-25
69 2.21233e-25
69.5 2.20375e-25
70 2.19518e-25
70.5 2.18701e-25
71 2.17885e-25
71.5 2.17068e-25
72 2.16251e-25
72.5 2.15435e-25
73 2.14618e-25
73.5 2.13835e-25
74 2.13051e-25
74.5 2.12268e-25
75 2.11485e-25
75.5 2.10702e-25
76 2.09918e-25
76.5 2.09157e-25
77 2.08396e-25
77.5 2.07635e-25
78 2.06873e-25
78.5 2.06112e-25
79 2.05351e-25
79.5 2.0459e-25
80 2.03829e-25
80.5 2.03084e-25
81 2.02339e-25
81.5 2.01594e-25
82 2.00849e-25
82.5 2.00104e-25
83 1.99359e-25
83.5 1.98614e-25
84 1.97869e-25
84.5 1.97124e-25
85 1.96379e-25
85.5 1.9564e-25
86 1.94901e-25
86.5 1.94162e-25
87 1.93423e-25
87.5 1.92684e-25
88 1.91945e-25
88.5 1.91206e-25
89 1.90467e-25
89.5 1.89728e-25
90 1.88989e-25
90.5 1.88253e-25
91 1.87517e-25
91.5 1.86781e-25
92 1.86045e-25
92.5 1.85309e-25
93 1.84573e-25
93.5 1.83837e-25
94 1.83101e-25
94.5 1.82365e-25
95 1.81629e-25
95.5 1.80897e-25
96 1.80165e-25
96.5 1.79433e-25
97 1.78701e-25
97.5 1.77969e-25
98 1.77237e-25
98.5 1.76505e-25
99 1.75773e-25
99.5 1.75041e-25
100 1.74309e-25
100.5 1.73586e-25
101 1.72863e-25
101.5 1.7214e-25
102 1.71417e-25
102.5 1.70694e-25
103 1.69971e-25
103.5 1.69248e-25
104 1.68525e-25
104.5 1.67802e-25
105 1.67079e-25
105.5 1.6637e-25
106 1.65661e-25
106.5 1.64952e-25
107 1.64243e-25
107.5 1.63534e-25
108 1.62825e-25
108.5 1.62116e-25
109 1.61407e-25
109.5 1.60698e-25
110 1.59989e-25
110.5 1.59302e-25
111 1.58615e-25
111.5 1.57928e-25
112 1.57241e-25
112.5 1.56554e-25
113 1.55867e-25
113.5 1.5518e-25
114 1.54493e-25
114.5 1.53806e-25
115 1.5312e-25
115.5 1.52463e-25
116 1.51806e-25
116.5 1.51149e-25
117 1.50492e-25
117.5 1.49835e-25
118 1.49178e-25
118.5 1.48521e-25
119 1.47864e-25
119.5 1.47207e-25
120 1.4655e-25
120.5 1.4593e-25
121 1.4531e-25
121.5 1.4469e-25
122 1.4407e-25
122.5 1.4345e-25
123 1.4283e-25
123.5 1.4221e-25
124 1.4159e-25
124.5 1.4097e-25
125 1.4035e-25
125.5 1.39776e-25
126 1.39202e-25
126.5 1.38628e-25
127 1.38054e-25
127.5 1.3748e-25
128 1.36906e-25
128.5 1.36332e-25
129 1.35758e-25
129.5 1.35184e-25
130 1.3461e-25
