0.9 130 82
82
0.9 0
1 1.65247e-27
1.5 4.72272e-27
2 1.02834e-26
2.5 1.92207e-26
3 3.25894e-26
3.5 5.16763e-26
4 7.80881e-26
4.5 1.13872e-25
5 1.61683e-25
5.5 2.25005e-25
6 3.08381e-25
6.5 4.17482e-25
7 5.58483e-25
7.5 7.35776e-25
8 9.48504e-25
8.5 1.19249e-24
9 1.47392e-24
9.5 1.81868e-24
10 2.26391e-24
10.5 2.8492e-24
11 3.61744e-24
11.5 4.61774e-24
12 5.90429e-24
12.5 7.5281e-24
13 9.51904e-24
13.5 1.18531e-23
14 1.43992e-23
14.5 1.68683e-23
15 1.8839e-23
15.5 1.99204e-23
16 1.99634e-23
16.5 1.91254e-23
17 1.77401e-23
17.5 1.61386e-23
18 1.45542e-23
18.5 1.31152e-23
19 1.18752e-23
19.5 1.0842e-23
20 9.99718e-24
21 8.69077e-24
22 7.57995e-24
23 6.47065e-24
24 5.46487e-24
25 4.64544e-24
26 4.00124e-24
27 3.49287e-24
28 3.08519e-24
29 2.75251e-24
30 2.47692e-24
32 2.05017e-24
34 1.74035e-24
36 1.51109e-24
38 1.33976e-24
40 1.21116e-24
42 1.11448e-24
44 1.04178e-24
46 9.87141e-25
48 9.46071e-25
50 9.15175e-25
52 8.9187e-25
54 8.74191e-25
56 8.60641e-25
58 8.50079e-25
60 8.41639e-25
62 8.34661e-25
64 8.28644e-25
66 8.23211e-25
68 8.18075e-25
70 8.13027e-25
72 8.07907e-25
74 8.02605e-25
76 7.97039e-25
78 7.91156e-25
80 7.84923e-25
85 7.67723e-25
90 7.48273e-25
95 7.26853e-25
100 7.03886e-25
110 6.55303e-25
120 6.06659e-25
130 5.6202e-25
