6.9484 130 69
69
6.9484 0
9.5 1.48537e-27
10 8.33713e-26
11 1.50273e-25
12 2.25064e-25
13 3.41464e-25
14 5.29093e-25
15 8.39282e-25
16 1.35808e-24
17 2.19905e-24
18 3.37836e-24
18.5 3.98696e-24
19 4.47493e-24
19.5 4.74129e-24
20 4.74969e-24
20.5 4.54376e-24
21 4.20991e-24
21.5 3.83003e-24
22 3.45936e-24
23 2.84262e-24
24 2.42009e-24
25 2.15166e-24
26 1.96246e-24
27 1.77916e-24
28 1.58368e-24
29 1.39883e-24
30 1.24173e-24
31 1.1141e-24
32 1.01115e-24
33 9.27404e-25
34 8.58339e-25
35 8.00487e-25
36 7.51321e-25
37 7.08952e-25
38 6.7202e-25
39 6.39466e-25
40 6.10501e-25
42 5.60988e-25
44 5.19963e-25
46 4.85147e-25
48 4.55019e-25
50 4.28541e-25
52 4.05303e-25
54 3.83734e-25
56 3.63405e-25
58 3.46825e-25
60 3.35516e-25
62 3.28026e-25
64 3.22147e-25
66 3.16707e-25
68 3.11617e-25
70 3.06778e-25
72 3.02148e-25
74 2.97658e-25
76 2.93278e-25
78 2.88988e-25
80 2.84748e-25
82 2.80538e-25
84 2.76368e-25
86 2.72209e-25
88 2.68059e-25
90 2.63929e-25
95 2.53619e-25
100 2.43369e-25
105 2.33249e-25
110 2.23349e-25
115 2.13739e-25
120 2.04559e-25
130 1.8788e-25
