1 130 81
81
1 0
1.5 1.2985e-28
2 1.07141e-27
2.5 3.46414e-27
3 8.0485e-27
3.5 1.54599e-26
4 2.67477e-26
4.5 4.35403e-26
5 6.71869e-26
5.5 9.8826e-26
6 1.3979e-25
6.5 1.91559e-25
7 2.54965e-25
7.5 3.28546e-25
8 4.07177e-25
8.5 4.84648e-25
9 5.63711e-25
9.5 6.76462e-25
10 8.11892e-25
10.5 9.38185e-25
11 1.08614e-24
11.5 1.27623e-24
12 1.52437e-24
12.5 1.84938e-24
13 2.27762e-24
13.5 2.8445e-24
14 3.59178e-24
14.5 4.55008e-24
15 5.68645e-24
15.5 6.82306e-24
16 7.65917e-24
16.5 8.03426e-24
17 8.09422e-24
17.5 8.05894e-24
18 8.00283e-24
18.5 7.87611e-24
19 7.60813e-24
19.5 7.17548e-24
20 6.61238e-24
21 5.33859e-24
22 4.19842e-24
23 3.31896e-24
24 2.67427e-24
25 2.20512e-24
26 1.86021e-24
27 1.60247e-24
28 1.40649e-24
29 1.25496e-24
30 1.13602e-24
32 9.65231e-25
34 8.52428e-25
36 7.75294e-25
38 7.21096e-25
40 6.82165e-25
42 6.5367e-25
44 6.32449e-25
46 6.1637e-25
48 6.03957e-25
50 5.94168e-25
52 5.86251e-25
54 5.79658e-25
56 5.73987e-25
58 5.68936e-25
60 5.64282e-25
62 5.59855e-25
64 5.55531e-25
66 5.51215e-25
68 5.46838e-25
70 5.4235e-25
72 5.37716e-25
74 5.32912e-25
76 5.27924e-25
78 5.22743e-25
80 5.17368e-25
85 5.03108e-25
90 4.87789e-25
95 4.71619e-25
100 4.54851e-25
110 4.20624e-25
120 3.87369e-25
130 3.57313e-25
