1 130 81
81
1 0
1.5 4.2885e-30
2 2.25866e-28
2.5 1.58219e-27
3 5.78958e-27
3.5 1.521e-26
4 3.14757e-26
4.5 5.49562e-26
5 8.60614e-26
5.5 1.25888e-25
6 1.76407e-25
6.5 2.40562e-25
7 3.22213e-25
7.5 5.14434e-25
8 6.78169e-25
8.5 8.37022e-25
9 9.94619e-25
9.5 1.14812e-24
10 1.31405e-24
10.5 1.519e-24
11 1.78954e-24
11.5 2.14907e-24
12 2.62573e-24
12.5 3.25797e-24
13 4.09993e-24
13.5 5.22629e-24
14 6.73364e-24
14.5 8.72751e-24
15 1.12672e-23
15.5 1.42271e-23
16 1.70899e-23
16.5 1.89297e-23
17 1.89807e-23
17.5 1.7362e-23
18 1.4901e-23
18.5 1.23763e-23
19 1.01769e-23
19.5 8.39562e-24
20 6.99474e-24
21 5.02988e-24
22 3.80091e-24
23 2.99915e-24
24 2.45351e-24
25 2.06822e-24
26 1.78765e-24
27 1.57807e-24
28 1.4182e-24
29 1.29413e-24
30 1.19645e-24
32 1.056e-24
34 9.63691e-25
36 9.01432e-25
38 8.58688e-25
40 8.28976e-25
42 8.08138e-25
44 7.9341e-25
46 7.82908e-25
48 7.75316e-25
50 7.697e-25
52 7.65387e-25
54 7.61887e-25
56 7.58843e-25
58 7.55989e-25
60 7.53135e-25
62 7.5014e-25
64 7.46902e-25
66 7.4335e-25
68 7.39435e-25
70 7.35129e-25
72 7.30413e-25
74 7.25281e-25
76 7.19737e-25
78 7.13788e-25
80 7.07447e-25
85 6.9001e-25
90 6.70593e-25
95 6.49607e-25
100 6.27489e-25
110 5.81646e-25
120 5.36572e-25
130 4.9559e-25
