0.9 130 82
82
0.9 0
1 5.36763e-28
1.5 1.65403e-27
2 3.76317e-27
2.5 7.22641e-27
3 1.24575e-26
3.5 1.99395e-26
4 3.0248e-26
4.5 4.40803e-26
5 6.22967e-26
5.5 8.59758e-26
6 1.16489e-25
6.5 1.55601e-25
7 2.05614e-25
7.5 2.69571e-25
8 3.51596e-25
8.5 4.57464e-25
9 5.95718e-25
9.5 7.802e-25
10 1.03702e-24
10.5 1.42735e-24
11 2.09448e-24
11.5 2.78841e-24
12 3.03281e-24
12.5 3.62933e-24
13 4.59917e-24
13.5 5.88382e-24
14 7.39356e-24
14.5 8.9024e-24
15 1.00645e-23
15.5 1.0629e-23
16 1.06433e-23
16.5 1.03595e-23
17 1.00004e-23
17.5 9.65838e-24
18 9.32711e-24
18.5 8.96552e-24
19 8.54227e-24
19.5 8.05254e-24
20 7.51405e-24
21 6.38904e-24
22 5.36101e-24
23 4.50304e-24
24 3.81404e-24
25 3.26637e-24
26 2.82956e-24
27 2.47789e-24
28 2.19153e-24
29 1.95568e-24
30 1.75938e-24
32 1.4548e-24
34 1.2337e-24
36 1.06997e-24
38 9.47224e-25
40 8.5456e-25
42 7.84371e-25
44 7.31136e-25
46 6.90747e-25
48 6.60096e-25
50 6.36811e-25
52 6.19075e-25
54 6.05493e-25
56 5.94992e-25
58 5.86752e-25
60 5.8014e-25
62 5.74675e-25
64 5.69987e-25
66 5.65796e-25
68 5.6189e-25
70 5.58107e-25
72 5.54331e-25
74 5.50473e-25
76 5.46472e-25
78 5.42284e-25
80 5.37881e-25
85 5.25852e-25
90 5.12367e-25
95 4.9759e-25
100 4.81791e-25
110 4.48448e-25
120 4.15111e-25
130 3.8454e-25
