0.9 130 82
82
0.9 0
1 3.11262e-27
1.5 8.96817e-27
2 1.97168e-26
2.5 3.72871e-26
3 6.41235e-26
3.5 1.0342e-25
4 1.59454e-25
4.5 2.38069e-25
5 3.47322e-25
5.5 4.9822e-25
6 7.05128e-25
6.5 9.84901e-25
7 1.35495e-24
7.5 1.83594e-24
8 2.46075e-24
8.5 3.26206e-24
9 4.26605e-24
9.5 5.59487e-24
10 7.49949e-24
10.5 1.02489e-23
11 1.40046e-23
11.5 1.85354e-23
12 2.28183e-23
12.5 2.53522e-23
13 2.56388e-23
13.5 2.47558e-23
14 2.41015e-23
14.5 2.43938e-23
15 2.54917e-23
15.5 2.64596e-23
16 2.61145e-23
16.5 2.40926e-23
17 2.10785e-23
17.5 1.79461e-23
18 1.51773e-23
18.5 1.28987e-23
19 1.10723e-23
19.5 9.6148e-24
20 8.44458e-24
21 6.69135e-24
22 5.47797e-24
23 4.60022e-24
24 3.94142e-24
25 3.43216e-24
26 3.02923e-24
27 2.70459e-24
28 2.43935e-24
29 2.22032e-24
30 2.03798e-24
32 1.75689e-24
34 1.55717e-24
36 1.41455e-24
38 1.31286e-24
40 1.24087e-24
42 1.19051e-24
44 1.15588e-24
46 1.13264e-24
48 1.11756e-24
50 1.10823e-24
52 1.10287e-24
54 1.10013e-24
56 1.09902e-24
58 1.0988e-24
60 1.09892e-24
62 1.09899e-24
64 1.09872e-24
66 1.09791e-24
68 1.09641e-24
70 1.09413e-24
72 1.09101e-24
74 1.08704e-24
76 1.0822e-24
78 1.0765e-24
80 1.06997e-24
85 1.05023e-24
90 1.02617e-24
95 9.98576e-25
100 9.68291e-25
110 9.03015e-25
120 8.36848e-25
130 7.75784e-25
