0.9 130 82
82
0.9 0
1 1.13937e-27
1.5 3.11718e-27
2 6.5841e-27
2.5 1.20309e-26
3 2.00395e-26
3.5 3.13149e-26
4 4.67296e-26
4.5 6.73839e-26
5 9.46931e-26
5.5 1.30511e-25
6 1.77303e-25
6.5 2.38375e-25
7 3.18141e-25
7.5 4.22277e-25
8 5.5726e-25
8.5 7.28039e-25
9 9.32638e-25
9.5 1.15821e-24
10 1.39285e-24
10.5 1.64891e-24
11 1.96229e-24
11.5 2.37161e-24
12 2.90918e-24
12.5 3.60262e-24
13 4.47427e-24
13.5 5.53283e-24
14 6.75622e-24
14.5 8.06963e-24
15 9.33298e-24
15.5 1.03611e-23
16 1.09864e-23
16.5 1.11336e-23
17 1.08485e-23
17.5 1.02619e-23
18 9.52392e-24
18.5 8.75917e-24
19 8.05236e-24
19.5 7.45295e-24
20 6.97982e-24
21 6.26911e-24
22 5.37709e-24
23 4.34979e-24
24 3.54502e-24
25 2.96539e-24
26 2.53625e-24
27 2.20595e-24
28 1.94368e-24
29 1.73063e-24
30 1.55465e-24
32 1.28344e-24
34 1.0883e-24
36 9.4562e-25
38 8.40526e-25
40 7.62909e-25
42 7.05579e-25
44 6.63286e-25
46 6.32141e-25
48 6.09246e-25
50 5.92432e-25
52 5.80073e-25
54 5.70948e-25
56 5.64139e-25
58 5.58959e-25
60 5.54888e-25
62 5.51538e-25
64 5.48619e-25
66 5.45912e-25
68 5.43258e-25
70 5.4054e-25
72 5.37672e-25
74 5.34598e-25
76 5.31275e-25
78 5.27681e-25
80 5.23803e-25
85 5.12853e-25
90 5.0022e-25
95 4.8615e-25
100 4.70964e-25
110 4.38669e-25
120 4.06219e-25
130 3.76391e-25
