0.9 130 82
82
0.9 0
1 1.67519e-27
1.5 9.5703e-27
2 2.69829e-26
2.5 5.9347e-26
3 1.16682e-25
3.5 2.06092e-25
4 3.23147e-25
4.5 4.64491e-25
5 6.33999e-25
5.5 8.39879e-25
6 1.09187e-24
6.5 1.39769e-24
7 1.75682e-24
7.5 2.15854e-24
8 2.60778e-24
8.5 3.1165e-24
9 3.74598e-24
9.5 4.55257e-24
10 5.60033e-24
10.5 6.96376e-24
11 8.73581e-24
11.5 1.10277e-23
12 1.39526e-23
12.5 1.75745e-23
13 2.17965e-23
13.5 2.61931e-23
14 2.99133e-23
14.5 3.19288e-23
15 3.16686e-23
15.5 2.94395e-23
16 2.61183e-23
16.5 2.25464e-23
17 1.92306e-23
17.5 1.63724e-23
18 1.39965e-23
18.5 1.20522e-23
19 1.04679e-23
19.5 9.17444e-24
20 8.11276e-24
21 6.48154e-24
22 5.33049e-24
23 4.49421e-24
24 3.87066e-24
25 3.39519e-24
26 3.02565e-24
27 2.73375e-24
28 2.49994e-24
29 2.31043e-24
30 2.15526e-24
32 1.92033e-24
34 1.75543e-24
36 1.637e-24
38 1.55034e-24
40 1.4859e-24
42 1.43726e-24
44 1.39999e-24
46 1.37096e-24
48 1.34792e-24
50 1.32922e-24
52 1.31365e-24
54 1.3003e-24
56 1.28848e-24
58 1.27766e-24
60 1.26747e-24
62 1.25759e-24
64 1.24781e-24
66 1.23796e-24
68 1.22791e-24
70 1.21757e-24
72 1.20688e-24
74 1.1958e-24
76 1.1843e-24
78 1.17238e-24
80 1.16003e-24
85 1.12737e-24
90 1.09244e-24
95 1.05571e-24
100 1.01773e-24
110 9.40479e-25
120 8.6564e-25
130 7.98096e-25
