0.9 130 82
82
0.9 0
1 8.59565e-28
1.5 2.38931e-27
2 5.10323e-27
2.5 9.40222e-27
3 1.57613e-26
3.5 2.47571e-26
4 3.71053e-26
4.5 5.37139e-26
5 7.57587e-26
5.5 1.04789e-25
6 1.42863e-25
6.5 1.92676e-25
7 2.57559e-25
7.5 3.40952e-25
8 4.44747e-25
8.5 5.6708e-25
9 7.04369e-25
9.5 8.60806e-25
10 1.05347e-24
10.5 1.30627e-24
11 1.64561e-24
11.5 2.10301e-24
12 2.72036e-24
12.5 3.55534e-24
13 4.68693e-24
13.5 6.22018e-24
14 8.28189e-24
14.5 1.09764e-23
15 1.42457e-23
15.5 1.76282e-23
16 2.01792e-23
16.5 2.10262e-23
17 2.01998e-23
17.5 1.8525e-23
18 1.67181e-23
18.5 1.49049e-23
19 1.30847e-23
19.5 1.1526e-23
20 1.03773e-23
21 8.62385e-24
22 6.68311e-24
23 5.05412e-24
24 3.95277e-24
25 3.21313e-24
26 2.69351e-24
27 2.31171e-24
28 2.02089e-24
29 1.79315e-24
30 1.61101e-24
32 1.34109e-24
34 1.15516e-24
36 1.02376e-24
38 9.29643e-25
40 8.61845e-25
42 8.12991e-25
44 7.77907e-25
46 7.52867e-25
48 7.35144e-25
50 7.22717e-25
52 7.14082e-25
54 7.08117e-25
56 7.03978e-25
58 7.01036e-25
60 6.98818e-25
62 6.96974e-25
64 6.95244e-25
66 6.93438e-25
68 6.91417e-25
70 6.89085e-25
72 6.86375e-25
74 6.83246e-25
76 6.79673e-25
78 6.75646e-25
80 6.71167e-25
85 6.58065e-25
90 6.42494e-25
95 6.24874e-25
100 6.05678e-25
110 5.64549e-25
120 5.23017e-25
130 4.84754e-25
