0.9 130 82
82
0.9 0
1 1.48132e-27
1.5 3.97235e-27
2 8.28426e-27
2.5 1.50219e-26
3 2.49267e-26
3.5 3.89338e-26
4 5.82564e-26
4.5 8.4517e-26
5 1.19958e-25
5.5 1.67789e-25
6 2.32755e-25
6.5 3.22042e-25
7 4.46448e-25
7.5 6.20478e-25
8 8.54923e-25
8.5 1.12867e-24
9 1.3677e-24
9.5 1.53837e-24
10 1.72129e-24
10.5 2.00717e-24
11 2.44924e-24
11.5 3.09256e-24
12 3.99464e-24
12.5 5.22424e-24
13 6.83048e-24
13.5 8.76111e-24
14 1.07584e-23
14.5 1.24278e-23
15 1.35934e-23
15.5 1.44487e-23
16 1.522e-23
16.5 1.58847e-23
17 1.62225e-23
17.5 1.60288e-23
18 1.5276e-23
18.5 1.41138e-23
19 1.2757e-23
19.5 1.13846e-23
20 1.01046e-23
21 7.95963e-24
22 6.37246e-24
23 5.21174e-24
24 4.35126e-24
25 3.69962e-24
26 3.19504e-24
27 2.79622e-24
28 2.47525e-24
29 2.21292e-24
30 1.99574e-24
32 1.66068e-24
34 1.41908e-24
36 1.24147e-24
38 1.10947e-24
40 1.01082e-24
42 9.36964e-25
44 8.81674e-25
46 8.40327e-25
48 8.09445e-25
50 7.86388e-25
52 7.69148e-25
54 7.56194e-25
56 7.46359e-25
58 7.38753e-25
60 7.32698e-25
62 7.27681e-25
64 7.23311e-25
66 7.19296e-25
68 7.15415e-25
70 7.11505e-25
72 7.0745e-25
74 7.03163e-25
76 6.98587e-25
78 6.93685e-25
80 6.88436e-25
85 6.73758e-25
90 6.56965e-25
95 6.3835e-25
100 6.18315e-25
110 5.75801e-25
120 5.33147e-25
130 4.93967e-25
