0.9 130 82
82
0.9 0
1 5.11308e-28
1.5 1.3588e-27
2 2.80806e-27
2.5 5.04311e-27
3 8.28068e-27
3.5 1.27813e-26
4 1.88642e-26
4.5 2.69286e-26
5 3.74845e-26
5.5 5.11966e-26
6 6.89471e-26
6.5 9.19205e-26
7 1.21718e-25
7.5 1.6049e-25
8 2.11022e-25
8.5 2.76515e-25
9 3.59422e-25
9.5 4.58536e-25
10 5.66204e-25
10.5 6.73541e-25
11 7.84151e-25
11.5 9.16475e-25
12 1.09253e-24
12.5 1.33236e-24
13 1.65677e-24
13.5 2.09118e-24
14 2.66763e-24
14.5 3.42338e-24
15 4.39266e-24
15.5 5.58481e-24
16 6.94206e-24
16.5 8.28728e-24
17 9.32165e-24
17.5 9.75461e-24
18 9.50434e-24
18.5 8.74407e-24
19 7.74702e-24
19.5 6.72894e-24
20 5.80387e-24
21 4.3385e-24
22 3.33241e-24
23 2.64143e-24
24 2.15457e-24
25 1.80093e-24
26 1.53659e-24
27 1.334e-24
28 1.17542e-24
29 1.04913e-24
30 9.47132e-25
32 7.95177e-25
34 6.90774e-25
36 6.17781e-25
38 5.66373e-25
40 5.30169e-25
42 5.04821e-25
44 4.87269e-25
46 4.75316e-25
48 4.67358e-25
50 4.62223e-25
52 4.59043e-25
54 4.57179e-25
56 4.56158e-25
58 4.5563e-25
60 4.55339e-25
62 4.55098e-25
64 4.54769e-25
66 4.54258e-25
68 4.53495e-25
70 4.52435e-25
72 4.51052e-25
74 4.49329e-25
76 4.47262e-25
78 4.44851e-25
80 4.42106e-25
85 4.33859e-25
90 4.23855e-25
95 4.12411e-25
100 3.9987e-25
110 3.72869e-25
120 3.4552e-25
130 3.20289e-25
