0.9 130 1292
1292
0.9 0
1 4.64975e-28
1.1 6.1516e-28
1.2 7.65345e-28
1.3 9.1553e-28
1.4 1.06572e-27
1.5 1.2159e-27
1.6 1.52176e-27
1.7 1.82762e-27
1.8 2.13349e-27
1.9 2.43935e-27
2 3.77341e-27
2.1 4.63135e-27
2.2 5.48929e-27
2.3 6.34723e-27
2.4 7.20517e-27
2.5 8.06312e-27
2.6 9.27673e-27
2.7 1.04903e-26
2.8 1.1704e-26
2.9 1.29176e-26
3 1.41312e-26
3.1 1.61301e-26
3.2 1.8129e-26
3.3 2.01279e-26
3.4 2.21268e-26
3.5 2.41256e-26
3.6 2.67545e-26
3.7 2.93834e-26
3.8 3.20123e-26
3.9 3.46412e-26
4 3.72701e-26
4.1 4.12413e-26
4.2 4.52125e-26
4.3 4.91838e-26
4.4 5.3155e-26
4.5 5.71263e-26
4.6 6.22309e-26
4.7 6.73355e-26
4.8 7.24401e-26
4.9 7.75448e-26
5 8.26494e-26
5.1 8.99122e-26
5.2 9.7175e-26
5.3 1.04438e-25
5.4 1.11701e-25
5.5 1.18963e-25
5.6 1.27933e-25
5.7 1.36902e-25
5.8 1.45872e-25
5.9 1.54841e-25
6 1.63811e-25
6.1 1.75824e-25
6.2 1.87837e-25
6.3 1.9985e-25
6.4 2.11863e-25
6.5 2.23876e-25
6.6 2.3858e-25
6.7 2.53438e-25
6.8 2.68918e-25
6.9 2.84397e-25
7 2.99877e-25
7.1 3.21329e-25
7.2 3.4278e-25
7.3 3.64232e-25
7.4 3.85684e-25
7.5 4.07136e-25
7.6 4.31542e-25
7.7 4.55948e-25
7.8 4.80354e-25
7.9 5.0476e-25
8 5.29166e-25
8.1 5.56735e-25
8.2 5.84304e-25
8.3 6.11873e-25
8.4 6.40196e-25
8.5 6.69649e-25
8.6 6.9575e-25
8.7 7.2185e-25
8.8 7.47951e-25
8.9 7.74052e-25
9 8.00152e-25
9.1 8.26285e-25
9.2 8.52417e-25
9.3 8.7855e-25
9.4 9.04683e-25
9.5 9.30815e-25
9.6 9.61041e-25
9.7 9.91266e-25
9.8 1.02149e-24
9.9 1.05172e-24
10 1.08194e-24
10.1 1.12172e-24
10.2 1.16149e-24
10.3 1.20127e-24
10.4 1.24105e-24
10.5 1.28082e-24
10.6 1.33647e-24
10.7 1.39211e-24
10.8 1.44775e-24
10.9 1.5034e-24
11 1.55904e-24
11.1 1.6412e-24
11.2 1.72335e-24
11.3 1.80551e-24
11.4 1.88767e-24
11.5 1.96982e-24
11.6 2.09297e-24
11.7 2.21612e-24
11.8 2.33927e-24
11.9 2.46242e-24
12 2.62693e-24
12.1 2.90748e-24
12.2 3.18803e-24
12.3 3.46858e-24
12.4 3.74914e-24
12.5 4.02969e-24
12.6 4.30598e-24
12.7 4.58227e-24
12.8 4.85856e-24
12.9 5.13485e-24
13 5.41114e-24
13.1 5.76736e-24
13.2 6.12358e-24
13.3 6.4798e-24
13.4 6.83602e-24
13.5 7.19224e-24
13.6 7.67258e-24
13.7 8.15293e-24
13.8 8.63328e-24
13.9 9.11363e-24
14 9.59398e-24
14.1 1.02358e-23
14.2 1.08777e-23
14.3 1.15196e-23
14.4 1.21614e-23
14.5 1.28033e-23
14.6 1.36384e-23
14.7 1.44735e-23
14.8 1.53085e-23
14.9 1.61436e-23
15 1.69787e-23
15.1 1.79679e-23
15.2 1.89571e-23
15.3 1.99463e-23
15.4 2.09354e-23
15.5 2.19702e-23
15.6 2.29622e-23
15.7 2.3954e-23
15.8 2.49464e-23
15.9 2.59392e-23
16 2.69325e-23
16.1 2.77281e-23
16.2 2.84662e-23
16.3 2.91322e-23
16.4 2.9713e-23
16.5 3.02001e-23
16.6 3.04583e-23
16.7 3.06105e-23
16.8 3.06545e-23
16.9 3.05933e-23
17 3.04308e-23
17.1 3.00868e-23
17.2 2.96567e-23
17.3 2.91527e-23
17.4 2.85828e-23
17.5 2.79595e-23
17.6 2.72595e-23
17.7 2.65278e-23
17.8 2.57714e-23
17.9 2.49983e-23
18 2.42166e-23
18.1 2.34416e-23
18.2 2.26723e-23
18.3 2.19164e-23
18.4 2.11604e-23
18.5 2.04045e-23
18.6 1.97246e-23
18.7 1.90446e-23
18.8 1.83647e-23
18.9 1.77186e-23
19 1.70869e-23
19.1 1.65466e-23
19.2 1.60064e-23
19.3 1.54661e-23
19.4 1.49258e-23
19.5 1.43855e-23
19.6 1.39417e-23
19.7 1.34978e-23
19.8 1.30539e-23
19.9 1.26332e-23
20 1.22279e-23
20.1 1.18877e-23
20.2 1.15474e-23
20.3 1.12072e-23
20.4 1.08669e-23
20.5 1.05267e-23
20.6 1.02268e-23
20.7 9.927e-24
20.8 9.6487e-24
20.9 9.3728e-24
21 9.09689e-24
21.1 8.87111e-24
21.2 8.64533e-24
21.3 8.42152e-24
21.4 8.21546e-24
21.5 8.0094e-24
21.6 7.85484e-24
21.7 7.70027e-24
21.8 7.5457e-24
21.9 7.39114e-24
22 7.23657e-24
22.1 7.15188e-24
22.2 7.0672e-24
22.3 6.98251e-24
22.4 6.89782e-24
22.5 6.81314e-24
22.6 6.73712e-24
22.7 6.6611e-24
22.8 6.58508e-24
22.9 6.50906e-24
23 6.43304e-24
23.1 6.3687e-24
23.2 6.30436e-24
23.3 6.24002e-24
23.4 6.17568e-24
23.5 6.11134e-24
23.6 6.04659e-24
23.7 5.98184e-24
23.8 5.91708e-24
23.9 5.85233e-24
24 5.78757e-24
24.1 5.73009e-24
24.2 5.6726e-24
24.3 5.61511e-24
24.4 5.55762e-24
24.5 5.50013e-24
24.6 5.44293e-24
24.7 5.38572e-24
24.8 5.32851e-24
24.9 5.2713e-24
25 5.2141e-24
25.1 5.16388e-24
25.2 5.11367e-24
25.3 5.06346e-24
25.4 5.01325e-24
25.5 4.96304e-24
25.6 4.91441e-24
25.7 4.86579e-24
25.8 4.81716e-24
25.9 4.76854e-24
26 4.71991e-24
26.1 4.67723e-24
26.2 4.63455e-24
26.3 4.59187e-24
26.4 4.5492e-24
26.5 4.50652e-24
26.6 4.46574e-24
26.7 4.42497e-24
26.8 4.38419e-24
26.9 4.34342e-24
27 4.30264e-24
27.1 4.26669e-24
27.2 4.23074e-24
27.3 4.19478e-24
27.4 4.15883e-24
27.5 4.12287e-24
27.6 4.08887e-24
27.7 4.05487e-24
27.8 4.02086e-24
27.9 3.98686e-24
28 3.95286e-24
28.1 3.92245e-24
28.2 3.89205e-24
28.3 3.86165e-24
28.4 3.83124e-24
28.5 3.80084e-24
28.6 3.77225e-24
28.7 3.74366e-24
28.8 3.71508e-24
28.9 3.68649e-24
29 3.6579e-24
29.1 3.6324e-24
29.2 3.6069e-24
29.3 3.5814e-24
29.4 3.5559e-24
29.5 3.53041e-24
29.6 3.50624e-24
29.7 3.48207e-24
29.8 3.45791e-24
29.9 3.43374e-24
30 3.40957e-24
30.1 3.38559e-24
30.2 3.3616e-24
30.3 3.33761e-24
30.4 3.31363e-24
30.5 3.28964e-24
30.6 3.26565e-24
30.7 3.24167e-24
30.8 3.21768e-24
30.9 3.1937e-24
31 3.16971e-24
31.1 3.14572e-24
31.2 3.12174e-24
31.3 3.09775e-24
31.4 3.07376e-24
31.5 3.04978e-24
31.6 3.02579e-24
31.7 3.00181e-24
31.8 2.97782e-24
31.9 2.95383e-24
32 2.92985e-24
32.1 2.9122e-24
32.2 2.89455e-24
32.3 2.8769e-24
32.4 2.85925e-24
32.5 2.8416e-24
32.6 2.82395e-24
32.7 2.8063e-24
32.8 2.78865e-24
32.9 2.771e-24
33 2.75336e-24
33.1 2.73571e-24
33.2 2.71806e-24
33.3 2.70041e-24
33.4 2.68276e-24
33.5 2.66511e-24
33.6 2.64746e-24
33.7 2.63149e-24
33.8 2.61664e-24
33.9 2.60179e-24
34 2.58694e-24
34.1 2.57296e-24
34.2 2.55898e-24
34.3 2.54499e-24
34.4 2.53101e-24
34.5 2.51703e-24
34.6 2.50305e-24
34.7 2.48907e-24
34.8 2.47508e-24
34.9 2.4611e-24
35 2.44712e-24
35.1 2.438e-24
35.2 2.42888e-24
35.3 2.41975e-24
35.4 2.41063e-24
35.5 2.40151e-24
35.6 2.39239e-24
35.7 2.38326e-24
35.8 2.37414e-24
35.9 2.36502e-24
36 2.3559e-24
36.1 2.34736e-24
36.2 2.33883e-24
36.3 2.3303e-24
36.4 2.32176e-24
36.5 2.31323e-24
36.6 2.3047e-24
36.7 2.29617e-24
36.8 2.28763e-24
36.9 2.2791e-24
37 2.27057e-24
37.1 2.26203e-24
37.2 2.2535e-24
37.3 2.24497e-24
37.4 2.23644e-24
37.5 2.2279e-24
37.6 2.21937e-24
37.7 2.21084e-24
37.8 2.2023e-24
37.9 2.19377e-24
38 2.18524e-24
38.1 2.17712e-24
38.2 2.16899e-24
38.3 2.16087e-24
38.4 2.15275e-24
38.5 2.14463e-24
38.6 2.14145e-24
38.7 2.13827e-24
38.8 2.13509e-24
38.9 2.13191e-24
39 2.12873e-24
39.1 2.12555e-24
39.2 2.12237e-24
39.3 2.11919e-24
39.4 2.11601e-24
39.5 2.11283e-24
39.6 2.10965e-24
39.7 2.10647e-24
39.8 2.10329e-24
39.9 2.10011e-24
40 2.09693e-24
40.1 2.09649e-24
40.2 2.09604e-24
40.3 2.09559e-24
40.4 2.09514e-24
40.5 2.09469e-24
40.6 2.09424e-24
40.7 2.0938e-24
40.8 2.09335e-24
40.9 2.0929e-24
41 2.09245e-24
41.1 2.092e-24
41.2 2.09155e-24
41.3 2.0911e-24
41.4 2.09066e-24
41.5 2.09021e-24
41.6 2.08976e-24
41.7 2.08931e-24
41.8 2.08886e-24
41.9 2.08841e-24
42 2.08796e-24
42.1 2.08772e-24
42.2 2.08748e-24
42.3 2.08724e-24
42.4 2.087e-24
42.5 2.08676e-24
42.6 2.08662e-24
42.7 2.08649e-24
42.8 2.08636e-24
42.9 2.08622e-24
43 2.08609e-24
43.1 2.08595e-24
43.2 2.08582e-24
43.3 2.08568e-24
43.4 2.08555e-24
43.5 2.08541e-24
43.6 2.08528e-24
43.7 2.08515e-24
43.8 2.08501e-24
43.9 2.08488e-24
44 2.08474e-24
44.1 2.08476e-24
44.2 2.08477e-24
44.3 2.08478e-24
44.4 2.0848e-24
44.5 2.08481e-24
44.6 2.08483e-24
44.7 2.08484e-24
44.8 2.08485e-24
44.9 2.08487e-24
45 2.08488e-24
45.1 2.08566e-24
45.2 2.08643e-24
45.3 2.0872e-24
45.4 2.08798e-24
45.5 2.08875e-24
45.6 2.08952e-24
45.7 2.0903e-24
45.8 2.09107e-24
45.9 2.09184e-24
46 2.09262e-24
46.1 2.0935e-24
46.2 2.09437e-24
46.3 2.09525e-24
46.4 2.09613e-24
46.5 2.09701e-24
46.6 2.09789e-24
46.7 2.09877e-24
46.8 2.09965e-24
46.9 2.10053e-24
47 2.10141e-24
47.1 2.10229e-24
47.2 2.10317e-24
47.3 2.10405e-24
47.4 2.10493e-24
47.5 2.1058e-24
47.6 2.10675e-24
47.7 2.10769e-24
47.8 2.10863e-24
47.9 2.10958e-24
48 2.11052e-24
48.1 2.11154e-24
48.2 2.11256e-24
48.3 2.11357e-24
48.4 2.11459e-24
48.5 2.11561e-24
48.6 2.11663e-24
48.7 2.11765e-24
48.8 2.11866e-24
48.9 2.11968e-24
49 2.1207e-24
49.1 2.12172e-24
49.2 2.12274e-24
49.3 2.12375e-24
49.4 2.12477e-24
49.5 2.12579e-24
49.6 2.12681e-24
49.7 2.12783e-24
49.8 2.12884e-24
49.9 2.12986e-24
50 2.13088e-24
50.1 2.13224e-24
50.2 2.1336e-24
50.3 2.13495e-24
50.4 2.13631e-24
50.5 2.13767e-24
50.6 2.13903e-24
50.7 2.14039e-24
50.8 2.14174e-24
50.9 2.1431e-24
51 2.14446e-24
51.1 2.14582e-24
51.2 2.14718e-24
51.3 2.14853e-24
51.4 2.14989e-24
51.5 2.15125e-24
51.6 2.15261e-24
51.7 2.15397e-24
51.8 2.15532e-24
51.9 2.15668e-24
52 2.15804e-24
52.1 2.15943e-24
52.2 2.16082e-24
52.3 2.16222e-24
52.4 2.16361e-24
52.5 2.165e-24
52.6 2.1664e-24
52.7 2.16779e-24
52.8 2.16918e-24
52.9 2.17057e-24
53 2.17197e-24
53.1 2.17336e-24
53.2 2.17475e-24
53.3 2.17614e-24
53.4 2.17754e-24
53.5 2.17893e-24
53.6 2.18032e-24
53.7 2.18171e-24
53.8 2.18311e-24
53.9 2.1845e-24
54 2.18589e-24
54.1 2.18731e-24
54.2 2.18872e-24
54.3 2.19014e-24
54.4 2.19155e-24
54.5 2.19297e-24
54.6 2.19438e-24
54.7 2.1958e-24
54.8 2.19721e-24
54.9 2.19863e-24
55 2.20004e-24
55.1 2.2005e-24
55.2 2.20096e-24
55.3 2.20141e-24
55.4 2.20187e-24
55.5 2.20233e-24
55.6 2.20278e-24
55.7 2.20324e-24
55.8 2.2037e-24
55.9 2.20416e-24
56 2.20461e-24
56.1 2.20508e-24
56.2 2.20555e-24
56.3 2.20602e-24
56.4 2.20649e-24
56.5 2.20696e-24
56.6 2.20743e-24
56.7 2.2079e-24
56.8 2.20837e-24
56.9 2.20884e-24
57 2.20931e-24
57.1 2.20978e-24
57.2 2.21025e-24
57.3 2.21072e-24
57.4 2.21119e-24
57.5 2.21166e-24
57.6 2.21213e-24
57.7 2.2126e-24
57.8 2.21307e-24
57.9 2.21354e-24
58 2.21401e-24
58.1 2.21449e-24
58.2 2.21496e-24
58.3 2.21544e-24
58.4 2.21591e-24
58.5 2.21639e-24
58.6 2.21687e-24
58.7 2.21734e-24
58.8 2.21782e-24
58.9 2.21829e-24
59 2.21877e-24
59.1 2.21924e-24
59.2 2.21972e-24
59.3 2.2202e-24
59.4 2.22067e-24
59.5 2.22115e-24
59.6 2.22162e-24
59.7 2.2221e-24
59.8 2.22257e-24
59.9 2.22305e-24
60 2.22353e-24
60.1 2.22473e-24
60.2 2.22593e-24
60.3 2.22713e-24
60.4 2.22833e-24
60.5 2.22953e-24
60.6 2.23073e-24
60.7 2.23194e-24
60.8 2.23314e-24
60.9 2.23434e-24
61 2.23554e-24
61.1 2.23674e-24
61.2 2.23794e-24
61.3 2.23914e-24
61.4 2.24035e-24
61.5 2.24155e-24
61.6 2.24275e-24
61.7 2.24395e-24
61.8 2.24515e-24
61.9 2.24635e-24
62 2.24755e-24
62.1 2.24875e-24
62.2 2.24995e-24
62.3 2.25115e-24
62.4 2.25235e-24
62.5 2.25355e-24
62.6 2.25474e-24
62.7 2.25594e-24
62.8 2.25714e-24
62.9 2.25834e-24
63 2.25954e-24
63.1 2.26074e-24
63.2 2.26193e-24
63.3 2.26313e-24
63.4 2.26433e-24
63.5 2.26553e-24
63.6 2.26673e-24
63.7 2.26793e-24
63.8 2.26913e-24
63.9 2.27032e-24
64 2.27152e-24
64.1 2.27271e-24
64.2 2.27391e-24
64.3 2.2751e-24
64.4 2.27629e-24
64.5 2.27748e-24
64.6 2.27868e-24
64.7 2.27987e-24
64.8 2.28106e-24
64.9 2.28225e-24
65 2.28345e-24
65.1 2.28464e-24
65.2 2.28583e-24
65.3 2.28702e-24
65.4 2.28822e-24
65.5 2.28941e-24
65.6 2.2906e-24
65.7 2.29179e-24
65.8 2.29299e-24
65.9 2.29418e-24
66 2.29537e-24
66.1 2.29656e-24
66.2 2.29774e-24
66.3 2.29893e-24
66.4 2.30011e-24
66.5 2.3013e-24
66.6 2.30248e-24
66.7 2.30367e-24
66.8 2.30485e-24
66.9 2.30604e-24
67 2.30722e-24
67.1 2.30841e-24
67.2 2.30959e-24
67.3 2.31078e-24
67.4 2.31196e-24
67.5 2.31314e-24
67.6 2.31433e-24
67.7 2.31551e-24
67.8 2.3167e-24
67.9 2.31788e-24
68 2.31907e-24
68.1 2.32024e-24
68.2 2.32142e-24
68.3 2.3226e-24
68.4 2.32377e-24
68.5 2.32495e-24
68.6 2.32612e-24
68.7 2.3273e-24
68.8 2.32848e-24
68.9 2.32965e-24
69 2.33083e-24
69.1 2.332e-24
69.2 2.33318e-24
69.3 2.33435e-24
69.4 2.33553e-24
69.5 2.33671e-24
69.6 2.33788e-24
69.7 2.33906e-24
69.8 2.34023e-24
69.9 2.34141e-24
70 2.34259e-24
70.1 2.34332e-24
70.2 2.34406e-24
70.3 2.34479e-24
70.4 2.34553e-24
70.5 2.34627e-24
70.6 2.347e-24
70.7 2.34774e-24
70.8 2.34847e-24
70.9 2.34921e-24
71 2.34995e-24
71.1 2.35068e-24
71.2 2.35142e-24
71.3 2.35215e-24
71.4 2.35289e-24
71.5 2.35362e-24
71.6 2.35436e-24
71.7 2.3551e-24
71.8 2.35583e-24
71.9 2.35657e-24
72 2.3573e-24
72.1 2.35803e-24
72.2 2.35876e-24
72.3 2.35948e-24
72.4 2.36021e-24
72.5 2.36093e-24
72.6 2.36166e-24
72.7 2.36239e-24
72.8 2.36311e-24
72.9 2.36384e-24
73 2.36456e-24
73.1 2.36529e-24
73.2 2.36601e-24
73.3 2.36674e-24
73.4 2.36747e-24
73.5 2.36819e-24
73.6 2.36892e-24
73.7 2.36964e-24
73.8 2.37037e-24
73.9 2.37109e-24
74 2.37182e-24
74.1 2.37253e-24
74.2 2.37325e-24
74.3 2.37397e-24
74.4 2.37468e-24
74.5 2.3754e-24
74.6 2.37611e-24
74.7 2.37683e-24
74.8 2.37754e-24
74.9 2.37826e-24
75 2.37897e-24
75.1 2.37969e-24
75.2 2.3804e-24
75.3 2.38112e-24
75.4 2.38183e-24
75.5 2.38255e-24
75.6 2.38327e-24
75.7 2.38398e-24
75.8 2.3847e-24
75.9 2.38541e-24
76 2.38613e-24
76.1 2.38683e-24
76.2 2.38754e-24
76.3 2.38824e-24
76.4 2.38895e-24
76.5 2.38965e-24
76.6 2.39036e-24
76.7 2.39106e-24
76.8 2.39177e-24
76.9 2.39247e-24
77 2.39318e-24
77.1 2.39388e-24
77.2 2.39459e-24
77.3 2.39529e-24
77.4 2.396e-24
77.5 2.3967e-24
77.6 2.39741e-24
77.7 2.39811e-24
77.8 2.39882e-24
77.9 2.39952e-24
78 2.40023e-24
78.1 2.40092e-24
78.2 2.40162e-24
78.3 2.40231e-24
78.4 2.40301e-24
78.5 2.4037e-24
78.6 2.4044e-24
78.7 2.40509e-24
78.8 2.40579e-24
78.9 2.40648e-24
79 2.40718e-24
79.1 2.40787e-24
79.2 2.40857e-24
79.3 2.40926e-24
79.4 2.40996e-24
79.5 2.41065e-24
79.6 2.41135e-24
79.7 2.41204e-24
79.8 2.41274e-24
79.9 2.41343e-24
80 2.41413e-24
80.1 2.41458e-24
80.2 2.41503e-24
80.3 2.41548e-24
80.4 2.41593e-24
80.5 2.41638e-24
80.6 2.41683e-24
80.7 2.41729e-24
80.8 2.41774e-24
80.9 2.41819e-24
81 2.41864e-24
81.1 2.41909e-24
81.2 2.41954e-24
81.3 2.41999e-24
81.4 2.42044e-24
81.5 2.4209e-24
81.6 2.42135e-24
81.7 2.4218e-24
81.8 2.42225e-24
81.9 2.4227e-24
82 2.42315e-24
82.1 2.4236e-24
82.2 2.42406e-24
82.3 2.42451e-24
82.4 2.42496e-24
82.5 2.42541e-24
82.6 2.42586e-24
82.7 2.42631e-24
82.8 2.42676e-24
82.9 2.42722e-24
83 2.42767e-24
83.1 2.42812e-24
83.2 2.42857e-24
83.3 2.42902e-24
83.4 2.42947e-24
83.5 2.42992e-24
83.6 2.43038e-24
83.7 2.43083e-24
83.8 2.43128e-24
83.9 2.43173e-24
84 2.43218e-24
84.1 2.43263e-24
84.2 2.43308e-24
84.3 2.43353e-24
84.4 2.43399e-24
84.5 2.43444e-24
84.6 2.43489e-24
84.7 2.43534e-24
84.8 2.43579e-24
84.9 2.43624e-24
85 2.43669e-24
85.1 2.43712e-24
85.2 2.43756e-24
85.3 2.43799e-24
85.4 2.43842e-24
85.5 2.43885e-24
85.6 2.43928e-24
85.7 2.43971e-24
85.8 2.44014e-24
85.9 2.44057e-24
86 2.441e-24
86.1 2.44143e-24
86.2 2.44186e-24
86.3 2.44229e-24
86.4 2.44272e-24
86.5 2.44315e-24
86.6 2.44358e-24
86.7 2.44401e-24
86.8 2.44444e-24
86.9 2.44487e-24
87 2.4453e-24
87.1 2.44573e-24
87.2 2.44616e-24
87.3 2.44659e-24
87.4 2.44702e-24
87.5 2.44745e-24
87.6 2.44788e-24
87.7 2.44831e-24
87.8 2.44874e-24
87.9 2.44918e-24
88 2.44961e-24
88.1 2.45004e-24
88.2 2.45047e-24
88.3 2.4509e-24
88.4 2.45133e-24
88.5 2.45176e-24
88.6 2.45219e-24
88.7 2.45262e-24
88.8 2.45305e-24
88.9 2.45348e-24
89 2.45391e-24
89.1 2.45434e-24
89.2 2.45477e-24
89.3 2.4552e-24
89.4 2.45563e-24
89.5 2.45606e-24
89.6 2.45649e-24
89.7 2.45692e-24
89.8 2.45735e-24
89.9 2.45778e-24
90 2.45821e-24
90.1 2.45982e-24
90.2 2.46143e-24
90.3 2.46304e-24
90.4 2.46464e-24
90.5 2.46625e-24
90.6 2.46786e-24
90.7 2.46947e-24
90.8 2.47108e-24
90.9 2.47268e-24
91 2.47429e-24
91.1 2.4759e-24
91.2 2.47751e-24
91.3 2.47912e-24
91.4 2.48072e-24
91.5 2.48233e-24
91.6 2.48394e-24
91.7 2.48555e-24
91.8 2.48716e-24
91.9 2.48876e-24
92 2.49037e-24
92.1 2.49198e-24
92.2 2.49359e-24
92.3 2.4952e-24
92.4 2.4968e-24
92.5 2.49841e-24
92.6 2.50002e-24
92.7 2.50163e-24
92.8 2.50323e-24
92.9 2.50484e-24
93 2.50645e-24
93.1 2.50806e-24
93.2 2.50967e-24
93.3 2.51127e-24
93.4 2.51288e-24
93.5 2.51449e-24
93.6 2.5161e-24
93.7 2.51771e-24
93.8 2.51931e-24
93.9 2.52092e-24
94 2.52253e-24
94.1 2.52414e-24
94.2 2.52575e-24
94.3 2.52735e-24
94.4 2.52896e-24
94.5 2.53057e-24
94.6 2.53218e-24
94.7 2.53379e-24
94.8 2.53539e-24
94.9 2.537e-24
95 2.53861e-24
95.1 2.5402e-24
95.2 2.5418e-24
95.3 2.5434e-24
95.4 2.54499e-24
95.5 2.54659e-24
95.6 2.54818e-24
95.7 2.54978e-24
95.8 2.55137e-24
95.9 2.55297e-24
96 2.55456e-24
96.1 2.55616e-24
96.2 2.55775e-24
96.3 2.55935e-24
96.4 2.56094e-24
96.5 2.56254e-24
96.6 2.56414e-24
96.7 2.56573e-24
96.8 2.56733e-24
96.9 2.56892e-24
97 2.57052e-24
97.1 2.57211e-24
97.2 2.57371e-24
97.3 2.5753e-24
97.4 2.5769e-24
97.5 2.57849e-24
97.6 2.58009e-24
97.7 2.58168e-24
97.8 2.58328e-24
97.9 2.58488e-24
98 2.58647e-24
98.1 2.58807e-24
98.2 2.58966e-24
98.3 2.59126e-24
98.4 2.59285e-24
98.5 2.59445e-24
98.6 2.59604e-24
98.7 2.59764e-24
98.8 2.59923e-24
98.9 2.60083e-24
99 2.60242e-24
99.1 2.60402e-24
99.2 2.60562e-24
99.3 2.60721e-24
99.4 2.60881e-24
99.5 2.6104e-24
99.6 2.612e-24
99.7 2.61359e-24
99.8 2.61519e-24
99.9 2.61678e-24
100 2.61838e-24
100.1 2.62e-24
100.2 2.62163e-24
100.3 2.62326e-24
100.4 2.62488e-24
100.5 2.62651e-24
100.6 2.62813e-24
100.7 2.62976e-24
100.8 2.63138e-24
100.9 2.63301e-24
101 2.63464e-24
101.1 2.63626e-24
101.2 2.63789e-24
101.3 2.63951e-24
101.4 2.64114e-24
101.5 2.64277e-24
101.6 2.64439e-24
101.7 2.64602e-24
101.8 2.64764e-24
101.9 2.64927e-24
102 2.65089e-24
102.1 2.65252e-24
102.2 2.65415e-24
102.3 2.65577e-24
102.4 2.6574e-24
102.5 2.65902e-24
102.6 2.66065e-24
102.7 2.66228e-24
102.8 2.6639e-24
102.9 2.66553e-24
103 2.66715e-24
103.1 2.66878e-24
103.2 2.6704e-24
103.3 2.67203e-24
103.4 2.67366e-24
103.5 2.67528e-24
103.6 2.67691e-24
103.7 2.67853e-24
103.8 2.68016e-24
103.9 2.68178e-24
104 2.68341e-24
104.1 2.68504e-24
104.2 2.68666e-24
104.3 2.68829e-24
104.4 2.68991e-24
104.5 2.69154e-24
104.6 2.69317e-24
104.7 2.69479e-24
104.8 2.69642e-24
104.9 2.69804e-24
105 2.69967e-24
105.1 2.70129e-24
105.2 2.70292e-24
105.3 2.70455e-24
105.4 2.70617e-24
105.5 2.7078e-24
105.6 2.70942e-24
105.7 2.71105e-24
105.8 2.71268e-24
105.9 2.7143e-24
106 2.71593e-24
106.1 2.71755e-24
106.2 2.71918e-24
106.3 2.7208e-24
106.4 2.72243e-24
106.5 2.72406e-24
106.6 2.72568e-24
106.7 2.72731e-24
106.8 2.72893e-24
106.9 2.73056e-24
107 2.73218e-24
107.1 2.73381e-24
107.2 2.73544e-24
107.3 2.73706e-24
107.4 2.73869e-24
107.5 2.74031e-24
107.6 2.74194e-24
107.7 2.74357e-24
107.8 2.74519e-24
107.9 2.74682e-24
108 2.74844e-24
108.1 2.75007e-24
108.2 2.75169e-24
108.3 2.75332e-24
108.4 2.75495e-24
108.5 2.75657e-24
108.6 2.7582e-24
108.7 2.75982e-24
108.8 2.76145e-24
108.9 2.76308e-24
109 2.7647e-24
109.1 2.76633e-24
109.2 2.76795e-24
109.3 2.76958e-24
109.4 2.7712e-24
109.5 2.77283e-24
109.6 2.77446e-24
109.7 2.77608e-24
109.8 2.77771e-24
109.9 2.77933e-24
110 2.78096e-24
110.1 2.78259e-24
110.2 2.78421e-24
110.3 2.78584e-24
110.4 2.78747e-24
110.5 2.7891e-24
110.6 2.79073e-24
110.7 2.79235e-24
110.8 2.79398e-24
110.9 2.79561e-24
111 2.79724e-24
111.1 2.79886e-24
111.2 2.80049e-24
111.3 2.80212e-24
111.4 2.80375e-24
111.5 2.80537e-24
111.6 2.807e-24
111.7 2.80863e-24
111.8 2.81026e-24
111.9 2.81188e-24
112 2.81351e-24
112.1 2.81514e-24
112.2 2.81677e-24
112.3 2.81839e-24
112.4 2.82002e-24
112.5 2.82165e-24
112.6 2.82328e-24
112.7 2.82491e-24
112.8 2.82653e-24
112.9 2.82816e-24
113 2.82979e-24
113.1 2.83142e-24
113.2 2.83304e-24
113.3 2.83467e-24
113.4 2.8363e-24
113.5 2.83793e-24
113.6 2.83955e-24
113.7 2.84118e-24
113.8 2.84281e-24
113.9 2.84444e-24
114 2.84606e-24
114.1 2.84769e-24
114.2 2.84932e-24
114.3 2.85095e-24
114.4 2.85258e-24
114.5 2.8542e-24
114.6 2.85583e-24
114.7 2.85746e-24
114.8 2.85909e-24
114.9 2.86071e-24
115 2.86234e-24
115.1 2.86397e-24
115.2 2.8656e-24
115.3 2.86722e-24
115.4 2.86885e-24
115.5 2.87048e-24
115.6 2.87211e-24
115.7 2.87373e-24
115.8 2.87536e-24
115.9 2.87699e-24
116 2.87862e-24
116.1 2.88024e-24
116.2 2.88187e-24
116.3 2.8835e-24
116.4 2.88513e-24
116.5 2.88676e-24
116.6 2.88838e-24
116.7 2.89001e-24
116.8 2.89164e-24
116.9 2.89327e-24
117 2.89489e-24
117.1 2.89652e-24
117.2 2.89815e-24
117.3 2.89978e-24
117.4 2.9014e-24
117.5 2.90303e-24
117.6 2.90466e-24
117.7 2.90629e-24
117.8 2.90791e-24
117.9 2.90954e-24
118 2.91117e-24
118.1 2.9128e-24
118.2 2.91443e-24
118.3 2.91605e-24
118.4 2.91768e-24
118.5 2.91931e-24
118.6 2.92094e-24
118.7 2.92256e-24
118.8 2.92419e-24
118.9 2.92582e-24
119 2.92745e-24
119.1 2.92907e-24
119.2 2.9307e-24
119.3 2.93233e-24
119.4 2.93396e-24
119.5 2.93558e-24
119.6 2.93721e-24
119.7 2.93884e-24
119.8 2.94047e-24
119.9 2.94209e-24
120 2.94372e-24
120.1 2.94234e-24
120.2 2.94097e-24
120.3 2.93959e-24
120.4 2.93821e-24
120.5 2.93683e-24
120.6 2.93545e-24
120.7 2.93407e-24
120.8 2.93269e-24
120.9 2.93131e-24
121 2.92994e-24
121.1 2.92856e-24
121.2 2.92718e-24
121.3 2.9258e-24
121.4 2.92442e-24
121.5 2.92304e-24
121.6 2.92166e-24
121.7 2.92028e-24
121.8 2.91891e-24
121.9 2.91753e-24
122 2.91615e-24
122.1 2.91477e-24
122.2 2.91339e-24
122.3 2.91201e-24
122.4 2.91063e-24
122.5 2.90926e-24
122.6 2.90788e-24
122.7 2.9065e-24
122.8 2.90512e-24
122.9 2.90374e-24
123 2.90236e-24
123.1 2.90098e-24
123.2 2.8996e-24
123.3 2.89823e-24
123.4 2.89685e-24
123.5 2.89547e-24
123.6 2.89409e-24
123.7 2.89271e-24
123.8 2.89133e-24
123.9 2.88995e-24
124 2.88857e-24
124.1 2.8872e-24
124.2 2.88582e-24
124.3 2.88444e-24
124.4 2.88306e-24
124.5 2.88168e-24
124.6 2.8803e-24
124.7 2.87892e-24
124.8 2.87755e-24
124.9 2.87617e-24
125 2.87479e-24
125.1 2.87341e-24
125.2 2.87203e-24
125.3 2.87065e-24
125.4 2.86927e-24
125.5 2.86789e-24
125.6 2.86652e-24
125.7 2.86514e-24
125.8 2.86376e-24
125.9 2.86238e-24
126 2.861e-24
126.1 2.85962e-24
126.2 2.85824e-24
126.3 2.85686e-24
126.4 2.85549e-24
126.5 2.85411e-24
126.6 2.85273e-24
126.7 2.85135e-24
126.8 2.84997e-24
126.9 2.84859e-24
127 2.84721e-24
127.1 2.84584e-24
127.2 2.84446e-24
127.3 2.84308e-24
127.4 2.8417e-24
127.5 2.84032e-24
127.6 2.83894e-24
127.7 2.83756e-24
127.8 2.83618e-24
127.9 2.83481e-24
128 2.83343e-24
128.1 2.83205e-24
128.2 2.83067e-24
128.3 2.82929e-24
128.4 2.82791e-24
128.5 2.82653e-24
128.6 2.82515e-24
128.7 2.82378e-24
128.8 2.8224e-24
128.9 2.82102e-24
129 2.81964e-24
129.1 2.81826e-24
129.2 2.81688e-24
129.3 2.8155e-24
129.4 2.81413e-24
129.5 2.81275e-24
129.6 2.81137e-24
129.7 2.80999e-24
129.8 2.80861e-24
129.9 2.80723e-24
130 2.80585e-24
