0.5 130 260
260
0.5 0
1 1.26861e-27
1.5 3.5728e-27
2 7.70301e-27
2.5 1.42959e-26
3 2.41098e-26
3.5 3.80705e-26
4 5.73338e-26
4.5 8.33742e-26
5 1.18109e-25
5.5 1.64069e-25
6 2.24618e-25
6.5 3.04142e-25
7 4.07982e-25
7.5 5.41441e-25
8 7.07091e-25
8.5 9.02252e-25
9 1.12395e-24
9.5 1.37945e-24
10 1.69143e-24
10.5 2.10111e-24
11 2.65167e-24
11.5 3.38702e-24
12 4.35877e-24
12.5 5.62433e-24
13 7.23481e-24
13.5 9.2103e-24
14 1.15049e-23
14.5 1.39743e-23
15 1.63572e-23
15.5 1.82749e-23
16 1.93045e-23
16.5 1.92024e-23
17 1.81062e-23
17.5 1.64304e-23
18 1.45862e-23
18.5 1.28335e-23
19 1.12871e-23
19.5 9.97168e-24
20 8.86897e-24
20.5 7.98805e-24
21 7.10712e-24
21.5 6.40517e-24
22 5.70322e-24
22.5 5.18225e-24
23 4.66128e-24
23.5 4.28291e-24
24 3.90454e-24
24.5 3.6205e-24
25 3.33646e-24
25.5 3.1164e-24
26 2.89634e-24
26.5 2.72156e-24
27 2.54679e-24
27.5 2.40525e-24
28 2.26371e-24
28.5 2.14732e-24
29 2.03094e-24
29.5 1.93408e-24
30 1.83723e-24
30.5 1.76215e-24
31 1.68706e-24
31.5 1.61198e-24
32 1.5369e-24
32.5 1.48266e-24
33 1.42842e-24
33.5 1.37418e-24
34 1.31994e-24
34.5 1.28022e-24
35 1.24049e-24
35.5 1.20077e-24
36 1.16104e-24
36.5 1.13176e-24
37 1.10248e-24
37.5 1.07321e-24
38 1.04393e-24
38.5 1.02232e-24
39 1.0007e-24
39.5 9.79089e-25
40 9.57476e-25
40.5 9.41539e-25
41 9.25602e-25
41.5 9.09666e-25
42 8.93729e-25
42.5 8.82012e-25
43 8.70295e-25
43.5 8.58578e-25
44 8.4686e-25
44.5 8.38278e-25
45 8.29696e-25
45.5 8.21114e-25
46 8.12532e-25
46.5 8.06272e-25
47 8.00011e-25
47.5 7.93751e-25
48 7.87491e-25
48.5 7.82941e-25
49 7.78391e-25
49.5 7.73841e-25
50 7.6929e-25
50.5 7.65989e-25
51 7.62688e-25
51.5 7.59386e-25
52 7.56085e-25
52.5 7.53684e-25
53 7.51283e-25
53.5 7.48882e-25
54 7.46481e-25
54.5 7.44718e-25
55 7.42956e-25
55.5 7.41193e-25
56 7.3943e-25
56.5 7.38107e-25
57 7.36785e-25
57.5 7.35462e-25
58 7.34139e-25
58.5 7.33108e-25
59 7.32076e-25
59.5 7.31045e-25
60 7.30013e-25
60.5 7.29161e-25
61 7.28308e-25
61.5 7.27456e-25
62 7.26604e-25
62.5 7.25847e-25
63 7.2509e-25
63.5 7.24333e-25
64 7.23577e-25
64.5 7.22853e-25
65 7.2213e-25
65.5 7.21407e-25
66 7.20683e-25
66.5 7.19948e-25
67 7.19212e-25
67.5 7.18477e-25
68 7.17741e-25
68.5 7.1696e-25
69 7.1618e-25
69.5 7.15399e-25
70 7.14618e-25
70.5 7.13768e-25
71 7.12919e-25
71.5 7.12069e-25
72 7.1122e-25
72.5 7.10285e-25
73 7.09351e-25
73.5 7.08417e-25
74 7.07482e-25
74.5 7.06453e-25
75 7.05424e-25
75.5 7.04394e-25
76 7.03365e-25
76.5 7.02235e-25
77 7.01105e-25
77.5 6.99974e-25
78 6.98844e-25
78.5 6.97611e-25
79 6.96377e-25
79.5 6.95144e-25
80 6.9391e-25
80.5 6.92499e-25
81 6.91087e-25
81.5 6.89675e-25
82 6.88263e-25
82.5 6.86851e-25
83 6.85439e-25
83.5 6.84028e-25
84 6.82616e-25
84.5 6.81204e-25
85 6.79792e-25
85.5 6.78145e-25
86 6.76497e-25
86.5 6.74849e-25
87 6.73202e-25
87.5 6.71554e-25
88 6.69906e-25
88.5 6.68259e-25
89 6.66611e-25
89.5 6.64964e-25
90 6.63316e-25
90.5 6.61469e-25
91 6.59623e-25
91.5 6.57776e-25
92 6.5593e-25
92.5 6.54083e-25
93 6.52236e-25
93.5 6.5039e-25
94 6.48543e-25
94.5 6.46696e-25
95 6.4485e-25
95.5 6.42849e-25
96 6.40849e-25
96.5 6.38848e-25
97 6.36848e-25
97.5 6.34848e-25
98 6.32847e-25
98.5 6.30847e-25
99 6.28846e-25
99.5 6.26846e-25
100 6.24845e-25
100.5 6.22712e-25
101 6.20578e-25
101.5 6.18444e-25
102 6.16311e-25
102.5 6.14177e-25
103 6.12044e-25
103.5 6.0991e-25
104 6.07776e-25
104.5 6.05643e-25
105 6.03509e-25
105.5 6.01376e-25
106 5.99242e-25
106.5 5.97108e-25
107 5.94975e-25
107.5 5.92841e-25
108 5.90708e-25
108.5 5.88574e-25
109 5.8644e-25
109.5 5.84307e-25
110 5.82173e-25
110.5 5.80025e-25
111 5.77877e-25
111.5 5.75729e-25
112 5.7358e-25
112.5 5.71432e-25
113 5.69284e-25
113.5 5.67136e-25
114 5.64988e-25
114.5 5.6284e-25
115 5.60691e-25
115.5 5.58543e-25
116 5.56395e-25
116.5 5.54247e-25
117 5.52099e-25
117.5 5.4995e-25
118 5.47802e-25
118.5 5.45654e-25
119 5.43506e-25
119.5 5.41358e-25
120 5.3921e-25
120.5 5.37233e-25
121 5.35257e-25
121.5 5.3328e-25
122 5.31304e-25
122.5 5.29328e-25
123 5.27351e-25
123.5 5.25375e-25
124 5.23398e-25
124.5 5.21422e-25
125 5.19446e-25
125.5 5.17469e-25
126 5.15493e-25
126.5 5.13516e-25
127 5.1154e-25
127.5 5.09564e-25
128 5.07587e-25
128.5 5.05611e-25
129 5.03634e-25
129.5 5.01658e-25
130 4.99682e-25
