0.9 130 82
82
0.9 0
1 1.56083e-27
1.5 4.4714e-27
2 9.75931e-27
2.5 1.82889e-26
3 3.11022e-26
3.5 4.94883e-26
4 7.50801e-26
4.5 1.09986e-25
5 1.5697e-25
5.5 2.19657e-25
6 3.02671e-25
6.5 4.11371e-25
7 5.50557e-25
7.5 7.22301e-25
8 9.27026e-25
8.5 1.17278e-24
9 1.48317e-24
9.5 1.89358e-24
10 2.44679e-24
10.5 3.19598e-24
11 4.21079e-24
11.5 5.5822e-24
12 7.42409e-24
12.5 9.86554e-24
13 1.3007e-23
13.5 1.67845e-23
14 2.07377e-23
14.5 2.39101e-23
15 2.5297e-23
15.5 2.46559e-23
16 2.26662e-23
16.5 2.02764e-23
17 1.81257e-23
17.5 1.63397e-23
18 1.45867e-23
18.5 1.26609e-23
19 1.08151e-23
19.5 9.27157e-24
20 8.0454e-24
21 6.27429e-24
22 5.09265e-24
23 4.25582e-24
24 3.63543e-24
25 3.15932e-24
26 2.78406e-24
27 2.48213e-24
28 2.23525e-24
29 2.03085e-24
30 1.86003e-24
32 1.59462e-24
34 1.40353e-24
36 1.26498e-24
38 1.16453e-24
40 1.09207e-24
42 1.04024e-24
44 1.0036e-24
46 9.78114e-25
48 9.60717e-25
50 9.49127e-25
52 9.41626e-25
54 9.36925e-25
56 9.3406e-25
58 9.32312e-25
60 9.31144e-25
62 9.30163e-25
64 9.29079e-25
66 9.27684e-25
68 9.25832e-25
70 9.23422e-25
72 9.2039e-25
74 9.16698e-25
76 9.12332e-25
78 9.07289e-25
80 9.01583e-25
85 8.84568e-25
90 8.64042e-25
95 8.40627e-25
100 8.15004e-25
110 7.59908e-25
120 7.04142e-25
130 6.52712e-25
