8.4 130 1217
1217
8.4 0
8.5 1.59257e-29
8.6 7.69437e-29
8.7 1.37962e-28
8.8 1.9898e-28
8.9 2.59998e-28
9 3.21016e-28
9.1 3.44463e-28
9.2 3.6791e-28
9.3 3.91358e-28
9.4 4.14805e-28
9.5 4.38252e-28
9.6 4.617e-28
9.7 4.85147e-28
9.8 5.08595e-28
9.9 5.32042e-28
10 3.39642e-27
10.1 1.01242e-26
10.2 1.68521e-26
10.3 2.35799e-26
10.4 3.03077e-26
10.5 3.70355e-26
10.6 3.60865e-26
10.7 3.54009e-26
10.8 3.47433e-26
10.9 3.40857e-26
11 3.3428e-26
11.1 3.15148e-26
11.2 2.96015e-26
11.3 2.76883e-26
11.4 2.5775e-26
11.5 2.38618e-26
11.6 2.37502e-26
11.7 2.36386e-26
11.8 2.35271e-26
11.9 2.34155e-26
12 2.33039e-26
12.1 5.23059e-26
12.2 8.13079e-26
12.3 1.1031e-25
12.4 1.39312e-25
12.5 1.68314e-25
12.6 2.14249e-25
12.7 2.60184e-25
12.8 3.06119e-25
12.9 3.52055e-25
13 3.9799e-25
13.1 3.65394e-25
13.2 3.32797e-25
13.3 3.00201e-25
13.4 2.67605e-25
13.5 2.35009e-25
13.6 2.4504e-25
13.7 2.55071e-25
13.8 2.65102e-25
13.9 2.75133e-25
14 2.85164e-25
14.1 3.4132e-25
14.2 3.97475e-25
14.3 4.53631e-25
14.4 5.09787e-25
14.5 5.65943e-25
14.6 5.94507e-25
14.7 6.23071e-25
14.8 6.51635e-25
14.9 6.80199e-25
15 7.08763e-25
15.1 7.29065e-25
15.2 7.49366e-25
15.3 7.69667e-25
15.4 7.89968e-25
15.5 8.10269e-25
15.6 7.84515e-25
15.7 7.58761e-25
15.8 7.33008e-25
15.9 7.07254e-25
16 6.815e-25
16.1 5.8276e-25
16.2 4.84021e-25
16.3 3.85282e-25
16.4 2.86543e-25
16.5 2.95952e-25
16.6 4.15889e-25
16.7 5.35826e-25
16.8 6.55763e-25
16.9 7.757e-25
17 8.95637e-25
17.1 1.01989e-24
17.2 1.14414e-24
17.3 1.2684e-24
17.4 1.39265e-24
17.5 1.5169e-24
17.6 1.92042e-24
17.7 2.32393e-24
17.8 2.72744e-24
17.9 3.13096e-24
18 3.53447e-24
18.1 3.79893e-24
18.2 4.06338e-24
18.3 4.32784e-24
18.4 3.79393e-24
18.5 3.26002e-24
18.6 3.64726e-24
18.7 4.0345e-24
18.8 4.42174e-24
18.9 4.80898e-24
19 4.77013e-24
19.1 4.58519e-24
19.2 4.40025e-24
19.3 4.21532e-24
19.4 4.03038e-24
19.5 3.84544e-24
19.6 4.52492e-24
19.7 5.2044e-24
19.8 5.88388e-24
19.9 5.49374e-24
20 5.1036e-24
20.1 4.69766e-24
20.2 4.29171e-24
20.3 3.88576e-24
20.4 4.19203e-24
20.5 4.4983e-24
20.6 4.76174e-24
20.7 5.02518e-24
20.8 5.28863e-24
20.9 5.55207e-24
21 5.54798e-24
21.1 5.2516e-24
21.2 4.95523e-24
21.3 4.65885e-24
21.4 4.36247e-24
21.5 4.0661e-24
21.6 3.89706e-24
21.7 3.72802e-24
21.8 3.55897e-24
21.9 3.38993e-24
22 3.22089e-24
22.1 3.13788e-24
22.2 3.05488e-24
22.3 2.97187e-24
22.4 2.88886e-24
22.5 2.80585e-24
22.6 2.76296e-24
22.7 2.72007e-24
22.8 2.67719e-24
22.9 2.6343e-24
23 2.59141e-24
23.1 2.53693e-24
23.2 2.48245e-24
23.3 2.42797e-24
23.4 2.37349e-24
23.5 2.31901e-24
23.6 2.28993e-24
23.7 2.26085e-24
23.8 2.23177e-24
23.9 2.20269e-24
24 2.1736e-24
24.1 2.16221e-24
24.2 2.15081e-24
24.3 2.13941e-24
24.4 2.12801e-24
24.5 2.11661e-24
24.6 2.11754e-24
24.7 2.11847e-24
24.8 2.1194e-24
24.9 2.12033e-24
25 2.12126e-24
25.1 2.12767e-24
25.2 2.13409e-24
25.3 2.1405e-24
25.4 2.14692e-24
25.5 2.15333e-24
25.6 2.15934e-24
25.7 2.16535e-24
25.8 2.17135e-24
25.9 2.17736e-24
26 2.18337e-24
26.1 2.17569e-24
26.2 2.168e-24
26.3 2.16032e-24
26.4 2.15264e-24
26.5 2.14495e-24
26.6 2.13727e-24
26.7 2.12959e-24
26.8 2.12191e-24
26.9 2.11422e-24
27 2.10654e-24
27.1 2.0806e-24
27.2 2.05467e-24
27.3 2.02873e-24
27.4 2.00279e-24
27.5 1.97685e-24
27.6 1.95092e-24
27.7 1.92498e-24
27.8 1.89904e-24
27.9 1.87311e-24
28 1.84717e-24
28.1 1.81673e-24
28.2 1.7863e-24
28.3 1.75586e-24
28.4 1.72542e-24
28.5 1.69498e-24
28.6 1.66455e-24
28.7 1.63411e-24
28.8 1.60367e-24
28.9 1.57324e-24
29 1.5428e-24
29.1 1.51694e-24
29.2 1.49108e-24
29.3 1.46522e-24
29.4 1.43936e-24
29.5 1.4135e-24
29.6 1.38764e-24
29.7 1.36178e-24
29.8 1.33591e-24
29.9 1.31005e-24
30 1.28419e-24
30.1 1.26443e-24
30.2 1.24467e-24
30.3 1.22491e-24
30.4 1.20515e-24
30.5 1.18539e-24
30.6 1.16563e-24
30.7 1.14587e-24
30.8 1.12611e-24
30.9 1.10635e-24
31 1.08659e-24
31.1 1.07181e-24
31.2 1.05704e-24
31.3 1.04226e-24
31.4 1.02749e-24
31.5 1.01272e-24
31.6 9.97941e-25
31.7 9.83166e-25
31.8 9.68391e-25
31.9 9.53616e-25
32 9.38842e-25
32.1 9.27698e-25
32.2 9.16555e-25
32.3 9.05411e-25
32.4 8.94268e-25
32.5 8.83124e-25
32.6 8.71981e-25
32.7 8.60837e-25
32.8 8.49694e-25
32.9 8.3855e-25
33 8.27407e-25
33.1 8.18839e-25
33.2 8.10271e-25
33.3 8.01704e-25
33.4 7.93136e-25
33.5 7.84568e-25
33.6 7.76e-25
33.7 7.67433e-25
33.8 7.58865e-25
33.9 7.50297e-25
34 7.41729e-25
34.1 7.35004e-25
34.2 7.28278e-25
34.3 7.21552e-25
34.4 7.14826e-25
34.5 7.08101e-25
34.6 7.01375e-25
34.7 6.94649e-25
34.8 6.87923e-25
34.9 6.81198e-25
35 6.74472e-25
35.1 6.69084e-25
35.2 6.63697e-25
35.3 6.58309e-25
35.4 6.52921e-25
35.5 6.47533e-25
35.6 6.42146e-25
35.7 6.36758e-25
35.8 6.3137e-25
35.9 6.25982e-25
36 6.20595e-25
36.1 6.162e-25
36.2 6.11806e-25
36.3 6.07411e-25
36.4 6.03017e-25
36.5 5.98623e-25
36.6 5.94228e-25
36.7 5.89834e-25
36.8 5.8544e-25
36.9 5.81045e-25
37 5.76651e-25
37.1 5.73008e-25
37.2 5.69365e-25
37.3 5.65723e-25
37.4 5.6208e-25
37.5 5.58437e-25
37.6 5.54795e-25
37.7 5.51152e-25
37.8 5.47509e-25
37.9 5.43867e-25
38 5.40224e-25
38.1 5.37162e-25
38.2 5.341e-25
38.3 5.31038e-25
38.4 5.27976e-25
38.5 5.24915e-25
38.6 5.21853e-25
38.7 5.18791e-25
38.8 5.15729e-25
38.9 5.12667e-25
39 5.09605e-25
39.1 5.06998e-25
39.2 5.04391e-25
39.3 5.01784e-25
39.4 4.99177e-25
39.5 4.9657e-25
39.6 4.93963e-25
39.7 4.91356e-25
39.8 4.88748e-25
39.9 4.86141e-25
40 4.83534e-25
40.1 4.81436e-25
40.2 4.79338e-25
40.3 4.7724e-25
40.4 4.75141e-25
40.5 4.73043e-25
40.6 4.70945e-25
40.7 4.68847e-25
40.8 4.66749e-25
40.9 4.6465e-25
41 4.62552e-25
41.1 4.60454e-25
41.2 4.58356e-25
41.3 4.56258e-25
41.4 4.54159e-25
41.5 4.52061e-25
41.6 4.49963e-25
41.7 4.47865e-25
41.8 4.45766e-25
41.9 4.43668e-25
42 4.4157e-25
42.1 4.39956e-25
42.2 4.38343e-25
42.3 4.36729e-25
42.4 4.35116e-25
42.5 4.33502e-25
42.6 4.31889e-25
42.7 4.30275e-25
42.8 4.28662e-25
42.9 4.27048e-25
43 4.25435e-25
43.1 4.23821e-25
43.2 4.22207e-25
43.3 4.20594e-25
43.4 4.1898e-25
43.5 4.17367e-25
43.6 4.15753e-25
43.7 4.1414e-25
43.8 4.12526e-25
43.9 4.10913e-25
44 4.09299e-25
44.1 4.08019e-25
44.2 4.0674e-25
44.3 4.0546e-25
44.4 4.0418e-25
44.5 4.02901e-25
44.6 4.01621e-25
44.7 4.00341e-25
44.8 3.99062e-25
44.9 3.97782e-25
45 3.96502e-25
45.1 3.95223e-25
45.2 3.93943e-25
45.3 3.92663e-25
45.4 3.91384e-25
45.5 3.90104e-25
45.6 3.88824e-25
45.7 3.87545e-25
45.8 3.86265e-25
45.9 3.84985e-25
46 3.83706e-25
46.1 3.82664e-25
46.2 3.81622e-25
46.3 3.8058e-25
46.4 3.79538e-25
46.5 3.78497e-25
46.6 3.77455e-25
46.7 3.76413e-25
46.8 3.75371e-25
46.9 3.74329e-25
47 3.73288e-25
47.1 3.72246e-25
47.2 3.71204e-25
47.3 3.70162e-25
47.4 3.6912e-25
47.5 3.68079e-25
47.6 3.67037e-25
47.7 3.65995e-25
47.8 3.64953e-25
47.9 3.63911e-25
48 3.6287e-25
48.1 3.62003e-25
48.2 3.61136e-25
48.3 3.6027e-25
48.4 3.59403e-25
48.5 3.58536e-25
48.6 3.57669e-25
48.7 3.56803e-25
48.8 3.55936e-25
48.9 3.55069e-25
49 3.54202e-25
49.1 3.53336e-25
49.2 3.52469e-25
49.3 3.51602e-25
49.4 3.50736e-25
49.5 3.49869e-25
49.6 3.49002e-25
49.7 3.48135e-25
49.8 3.47269e-25
49.9 3.46402e-25
50 3.45535e-25
50.1 3.44804e-25
50.2 3.44072e-25
50.3 3.43341e-25
50.4 3.42609e-25
50.5 3.41878e-25
50.6 3.41146e-25
50.7 3.40415e-25
50.8 3.39683e-25
50.9 3.38952e-25
51 3.3822e-25
51.1 3.37489e-25
51.2 3.36757e-25
51.3 3.36026e-25
51.4 3.35294e-25
51.5 3.34563e-25
51.6 3.33831e-25
51.7 3.331e-25
51.8 3.32368e-25
51.9 3.31637e-25
52 3.30905e-25
52.1 3.30269e-25
52.2 3.29634e-25
52.3 3.28998e-25
52.4 3.28363e-25
52.5 3.27727e-25
52.6 3.27091e-25
52.7 3.26456e-25
52.8 3.2582e-25
52.9 3.25184e-25
53 3.24549e-25
53.1 3.23913e-25
53.2 3.23278e-25
53.3 3.22642e-25
53.4 3.22006e-25
53.5 3.21371e-25
53.6 3.20735e-25
53.7 3.20099e-25
53.8 3.19464e-25
53.9 3.18828e-25
54 3.18192e-25
54.1 3.17639e-25
54.2 3.17085e-25
54.3 3.16531e-25
54.4 3.15977e-25
54.5 3.15424e-25
54.6 3.1487e-25
54.7 3.14316e-25
54.8 3.13762e-25
54.9 3.13208e-25
55 3.12655e-25
55.1 3.12101e-25
55.2 3.11547e-25
55.3 3.10993e-25
55.4 3.1044e-25
55.5 3.09886e-25
55.6 3.09332e-25
55.7 3.08778e-25
55.8 3.08225e-25
55.9 3.07671e-25
56 3.07117e-25
56.1 3.06629e-25
56.2 3.06141e-25
56.3 3.05654e-25
56.4 3.05166e-25
56.5 3.04678e-25
56.6 3.0419e-25
56.7 3.03703e-25
56.8 3.03215e-25
56.9 3.02727e-25
57 3.02239e-25
57.1 3.01751e-25
57.2 3.01264e-25
57.3 3.00776e-25
57.4 3.00288e-25
57.5 2.998e-25
57.6 2.99312e-25
57.7 2.98825e-25
57.8 2.98337e-25
57.9 2.97849e-25
58 2.97361e-25
58.1 2.96925e-25
58.2 2.96489e-25
58.3 2.96052e-25
58.4 2.95616e-25
58.5 2.9518e-25
58.6 2.94744e-25
58.7 2.94307e-25
58.8 2.93871e-25
58.9 2.93435e-25
59 2.92998e-25
59.1 2.92562e-25
59.2 2.92126e-25
59.3 2.9169e-25
59.4 2.91253e-25
59.5 2.90817e-25
59.6 2.90381e-25
59.7 2.89944e-25
59.8 2.89508e-25
59.9 2.89072e-25
60 2.88636e-25
60.1 2.88239e-25
60.2 2.87843e-25
60.3 2.87447e-25
60.4 2.87051e-25
60.5 2.86654e-25
60.6 2.86258e-25
60.7 2.85862e-25
60.8 2.85465e-25
60.9 2.85069e-25
61 2.84673e-25
61.1 2.84277e-25
61.2 2.8388e-25
61.3 2.83484e-25
61.4 2.83088e-25
61.5 2.82692e-25
61.6 2.82295e-25
61.7 2.81899e-25
61.8 2.81503e-25
61.9 2.81107e-25
62 2.8071e-25
62.1 2.80351e-25
62.2 2.79992e-25
62.3 2.79633e-25
62.4 2.79273e-25
62.5 2.78914e-25
62.6 2.78555e-25
62.7 2.78196e-25
62.8 2.77837e-25
62.9 2.77477e-25
63 2.77118e-25
63.1 2.76759e-25
63.2 2.764e-25
63.3 2.7604e-25
63.4 2.75681e-25
63.5 2.75322e-25
63.6 2.74963e-25
63.7 2.74603e-25
63.8 2.74244e-25
63.9 2.73885e-25
64 2.73526e-25
64.1 2.73194e-25
64.2 2.72863e-25
64.3 2.72531e-25
64.4 2.72199e-25
64.5 2.71868e-25
64.6 2.71536e-25
64.7 2.71204e-25
64.8 2.70873e-25
64.9 2.70541e-25
65 2.7021e-25
65.1 2.69878e-25
65.2 2.69546e-25
65.3 2.69215e-25
65.4 2.68883e-25
65.5 2.68552e-25
65.6 2.6822e-25
65.7 2.67888e-25
65.8 2.67557e-25
65.9 2.67225e-25
66 2.66893e-25
66.1 2.66588e-25
66.2 2.66283e-25
66.3 2.65978e-25
66.4 2.65673e-25
66.5 2.65368e-25
66.6 2.65063e-25
66.7 2.64758e-25
66.8 2.64453e-25
66.9 2.64148e-25
67 2.63843e-25
67.1 2.63538e-25
67.2 2.63233e-25
67.3 2.62927e-25
67.4 2.62622e-25
67.5 2.62317e-25
67.6 2.62012e-25
67.7 2.61707e-25
67.8 2.61402e-25
67.9 2.61097e-25
68 2.60792e-25
68.1 2.60507e-25
68.2 2.60222e-25
68.3 2.59937e-25
68.4 2.59652e-25
68.5 2.59367e-25
68.6 2.59082e-25
68.7 2.58797e-25
68.8 2.58512e-25
68.9 2.58227e-25
69 2.57942e-25
69.1 2.57657e-25
69.2 2.57372e-25
69.3 2.57087e-25
69.4 2.56802e-25
69.5 2.56517e-25
69.6 2.56233e-25
69.7 2.55948e-25
69.8 2.55663e-25
69.9 2.55378e-25
70 2.55093e-25
70.1 2.54838e-25
70.2 2.54584e-25
70.3 2.5433e-25
70.4 2.54076e-25
70.5 2.53821e-25
70.6 2.53567e-25
70.7 2.53313e-25
70.8 2.53059e-25
70.9 2.52804e-25
71 2.5255e-25
71.1 2.52296e-25
71.2 2.52042e-25
71.3 2.51787e-25
71.4 2.51533e-25
71.5 2.51279e-25
71.6 2.51024e-25
71.7 2.5077e-25
71.8 2.50516e-25
71.9 2.50262e-25
72 2.50007e-25
72.1 2.49753e-25
72.2 2.49499e-25
72.3 2.49245e-25
72.4 2.4899e-25
72.5 2.48736e-25
72.6 2.48482e-25
72.7 2.48228e-25
72.8 2.47973e-25
72.9 2.47719e-25
73 2.47465e-25
73.1 2.47211e-25
73.2 2.46956e-25
73.3 2.46702e-25
73.4 2.46448e-25
73.5 2.46193e-25
73.6 2.45939e-25
73.7 2.45685e-25
73.8 2.45431e-25
73.9 2.45176e-25
74 2.44922e-25
74.1 2.44668e-25
74.2 2.44414e-25
74.3 2.44159e-25
74.4 2.43905e-25
74.5 2.43651e-25
74.6 2.43397e-25
74.7 2.43142e-25
74.8 2.42888e-25
74.9 2.42634e-25
75 2.4238e-25
75.1 2.42158e-25
75.2 2.41936e-25
75.3 2.41715e-25
75.4 2.41493e-25
75.5 2.41272e-25
75.6 2.4105e-25
75.7 2.40828e-25
75.8 2.40607e-25
75.9 2.40385e-25
76 2.40164e-25
76.1 2.39942e-25
76.2 2.3972e-25
76.3 2.39499e-25
76.4 2.39277e-25
76.5 2.39056e-25
76.6 2.38834e-25
76.7 2.38613e-25
76.8 2.38391e-25
76.9 2.38169e-25
77 2.37948e-25
77.1 2.37726e-25
77.2 2.37505e-25
77.3 2.37283e-25
77.4 2.37061e-25
77.5 2.3684e-25
77.6 2.36618e-25
77.7 2.36397e-25
77.8 2.36175e-25
77.9 2.35953e-25
78 2.35732e-25
78.1 2.3551e-25
78.2 2.35289e-25
78.3 2.35067e-25
78.4 2.34845e-25
78.5 2.34624e-25
78.6 2.34402e-25
78.7 2.34181e-25
78.8 2.33959e-25
78.9 2.33738e-25
79 2.33516e-25
79.1 2.33294e-25
79.2 2.33073e-25
79.3 2.32851e-25
79.4 2.3263e-25
79.5 2.32408e-25
79.6 2.32186e-25
79.7 2.31965e-25
79.8 2.31743e-25
79.9 2.31522e-25
80 2.313e-25
80.1 2.31103e-25
80.2 2.30907e-25
80.3 2.3071e-25
80.4 2.30513e-25
80.5 2.30317e-25
80.6 2.3012e-25
80.7 2.29923e-25
80.8 2.29727e-25
80.9 2.2953e-25
81 2.29333e-25
81.1 2.29137e-25
81.2 2.2894e-25
81.3 2.28743e-25
81.4 2.28547e-25
81.5 2.2835e-25
81.6 2.28153e-25
81.7 2.27957e-25
81.8 2.2776e-25
81.9 2.27563e-25
82 2.27366e-25
82.1 2.2717e-25
82.2 2.26973e-25
82.3 2.26776e-25
82.4 2.2658e-25
82.5 2.26383e-25
82.6 2.26186e-25
82.7 2.2599e-25
82.8 2.25793e-25
82.9 2.25596e-25
83 2.254e-25
83.1 2.25203e-25
83.2 2.25006e-25
83.3 2.2481e-25
83.4 2.24613e-25
83.5 2.24416e-25
83.6 2.2422e-25
83.7 2.24023e-25
83.8 2.23826e-25
83.9 2.2363e-25
84 2.23433e-25
84.1 2.23236e-25
84.2 2.2304e-25
84.3 2.22843e-25
84.4 2.22646e-25
84.5 2.2245e-25
84.6 2.22253e-25
84.7 2.22056e-25
84.8 2.2186e-25
84.9 2.21663e-25
85 2.21466e-25
85.1 2.21289e-25
85.2 2.21113e-25
85.3 2.20936e-25
85.4 2.20759e-25
85.5 2.20582e-25
85.6 2.20405e-25
85.7 2.20228e-25
85.8 2.20052e-25
85.9 2.19875e-25
86 2.19698e-25
86.1 2.19521e-25
86.2 2.19344e-25
86.3 2.19167e-25
86.4 2.18991e-25
86.5 2.18814e-25
86.6 2.18637e-25
86.7 2.1846e-25
86.8 2.18283e-25
86.9 2.18106e-25
87 2.1793e-25
87.1 2.17753e-25
87.2 2.17576e-25
87.3 2.17399e-25
87.4 2.17222e-25
87.5 2.17045e-25
87.6 2.16869e-25
87.7 2.16692e-25
87.8 2.16515e-25
87.9 2.16338e-25
88 2.16161e-25
88.1 2.15985e-25
88.2 2.15808e-25
88.3 2.15631e-25
88.4 2.15454e-25
88.5 2.15277e-25
88.6 2.151e-25
88.7 2.14924e-25
88.8 2.14747e-25
88.9 2.1457e-25
89 2.14393e-25
89.1 2.14216e-25
89.2 2.14039e-25
89.3 2.13863e-25
89.4 2.13686e-25
89.5 2.13509e-25
89.6 2.13332e-25
89.7 2.13155e-25
89.8 2.12978e-25
89.9 2.12802e-25
90 2.12625e-25
90.1 2.12464e-25
90.2 2.12303e-25
90.3 2.12142e-25
90.4 2.11982e-25
90.5 2.11821e-25
90.6 2.1166e-25
90.7 2.11499e-25
90.8 2.11339e-25
90.9 2.11178e-25
91 2.11017e-25
91.1 2.10856e-25
91.2 2.10696e-25
91.3 2.10535e-25
91.4 2.10374e-25
91.5 2.10213e-25
91.6 2.10052e-25
91.7 2.09892e-25
91.8 2.09731e-25
91.9 2.0957e-25
92 2.09409e-25
92.1 2.09249e-25
92.2 2.09088e-25
92.3 2.08927e-25
92.4 2.08766e-25
92.5 2.08606e-25
92.6 2.08445e-25
92.7 2.08284e-25
92.8 2.08123e-25
92.9 2.07963e-25
93 2.07802e-25
93.1 2.07641e-25
93.2 2.0748e-25
93.3 2.07319e-25
93.4 2.07159e-25
93.5 2.06998e-25
93.6 2.06837e-25
93.7 2.06676e-25
93.8 2.06516e-25
93.9 2.06355e-25
94 2.06194e-25
94.1 2.06033e-25
94.2 2.05873e-25
94.3 2.05712e-25
94.4 2.05551e-25
94.5 2.0539e-25
94.6 2.0523e-25
94.7 2.05069e-25
94.8 2.04908e-25
94.9 2.04747e-25
95 2.04586e-25
95.1 2.04438e-25
95.2 2.0429e-25
95.3 2.04142e-25
95.4 2.03994e-25
95.5 2.03846e-25
95.6 2.03698e-25
95.7 2.0355e-25
95.8 2.03402e-25
95.9 2.03254e-25
96 2.03105e-25
96.1 2.02957e-25
96.2 2.02809e-25
96.3 2.02661e-25
96.4 2.02513e-25
96.5 2.02365e-25
96.6 2.02217e-25
96.7 2.02069e-25
96.8 2.01921e-25
96.9 2.01773e-25
97 2.01625e-25
97.1 2.01476e-25
97.2 2.01328e-25
97.3 2.0118e-25
97.4 2.01032e-25
97.5 2.00884e-25
97.6 2.00736e-25
97.7 2.00588e-25
97.8 2.0044e-25
97.9 2.00292e-25
98 2.00144e-25
98.1 1.99995e-25
98.2 1.99847e-25
98.3 1.99699e-25
98.4 1.99551e-25
98.5 1.99403e-25
98.6 1.99255e-25
98.7 1.99107e-25
98.8 1.98959e-25
98.9 1.98811e-25
99 1.98663e-25
99.1 1.98515e-25
99.2 1.98366e-25
99.3 1.98218e-25
99.4 1.9807e-25
99.5 1.97922e-25
99.6 1.97774e-25
99.7 1.97626e-25
99.8 1.97478e-25
99.9 1.9733e-25
100 1.97182e-25
100.1 1.97046e-25
100.2 1.9691e-25
100.3 1.96774e-25
100.4 1.96638e-25
100.5 1.96502e-25
100.6 1.96366e-25
100.7 1.9623e-25
100.8 1.96094e-25
100.9 1.95958e-25
101 1.95822e-25
101.1 1.95686e-25
101.2 1.9555e-25
101.3 1.95414e-25
101.4 1.95278e-25
101.5 1.95143e-25
101.6 1.95007e-25
101.7 1.94871e-25
101.8 1.94735e-25
101.9 1.94599e-25
102 1.94463e-25
102.1 1.94327e-25
102.2 1.94191e-25
102.3 1.94055e-25
102.4 1.93919e-25
102.5 1.93783e-25
102.6 1.93647e-25
102.7 1.93511e-25
102.8 1.93375e-25
102.9 1.93239e-25
103 1.93103e-25
103.1 1.92967e-25
103.2 1.92831e-25
103.3 1.92696e-25
103.4 1.9256e-25
103.5 1.92424e-25
103.6 1.92288e-25
103.7 1.92152e-25
103.8 1.92016e-25
103.9 1.9188e-25
104 1.91744e-25
104.1 1.91608e-25
104.2 1.91472e-25
104.3 1.91336e-25
104.4 1.912e-25
104.5 1.91064e-25
104.6 1.90928e-25
104.7 1.90792e-25
104.8 1.90656e-25
104.9 1.9052e-25
105 1.90385e-25
105.1 1.90258e-25
105.2 1.90131e-25
105.3 1.90004e-25
105.4 1.89877e-25
105.5 1.8975e-25
105.6 1.89623e-25
105.7 1.89496e-25
105.8 1.8937e-25
105.9 1.89243e-25
106 1.89116e-25
106.1 1.88989e-25
106.2 1.88862e-25
106.3 1.88735e-25
106.4 1.88608e-25
106.5 1.88481e-25
106.6 1.88355e-25
106.7 1.88228e-25
106.8 1.88101e-25
106.9 1.87974e-25
107 1.87847e-25
107.1 1.8772e-25
107.2 1.87593e-25
107.3 1.87466e-25
107.4 1.8734e-25
107.5 1.87213e-25
107.6 1.87086e-25
107.7 1.86959e-25
107.8 1.86832e-25
107.9 1.86705e-25
108 1.86578e-25
108.1 1.86452e-25
108.2 1.86325e-25
108.3 1.86198e-25
108.4 1.86071e-25
108.5 1.85944e-25
108.6 1.85817e-25
108.7 1.8569e-25
108.8 1.85563e-25
108.9 1.85437e-25
109 1.8531e-25
109.1 1.85183e-25
109.2 1.85056e-25
109.3 1.84929e-25
109.4 1.84802e-25
109.5 1.84675e-25
109.6 1.84548e-25
109.7 1.84422e-25
109.8 1.84295e-25
109.9 1.84168e-25
110 1.84041e-25
110.1 1.83923e-25
110.2 1.83805e-25
110.3 1.83687e-25
110.4 1.83569e-25
110.5 1.83451e-25
110.6 1.83334e-25
110.7 1.83216e-25
110.8 1.83098e-25
110.9 1.8298e-25
111 1.82862e-25
111.1 1.82744e-25
111.2 1.82626e-25
111.3 1.82508e-25
111.4 1.8239e-25
111.5 1.82272e-25
111.6 1.82155e-25
111.7 1.82037e-25
111.8 1.81919e-25
111.9 1.81801e-25
112 1.81683e-25
112.1 1.81565e-25
112.2 1.81447e-25
112.3 1.81329e-25
112.4 1.81211e-25
112.5 1.81093e-25
112.6 1.80976e-25
112.7 1.80858e-25
112.8 1.8074e-25
112.9 1.80622e-25
113 1.80504e-25
113.1 1.80386e-25
113.2 1.80268e-25
113.3 1.8015e-25
113.4 1.80032e-25
113.5 1.79914e-25
113.6 1.79797e-25
113.7 1.79679e-25
113.8 1.79561e-25
113.9 1.79443e-25
114 1.79325e-25
114.1 1.79207e-25
114.2 1.79089e-25
114.3 1.78971e-25
114.4 1.78853e-25
114.5 1.78735e-25
114.6 1.78618e-25
114.7 1.785e-25
114.8 1.78382e-25
114.9 1.78264e-25
115 1.78146e-25
115.1 1.78037e-25
115.2 1.77928e-25
115.3 1.77819e-25
115.4 1.7771e-25
115.5 1.77601e-25
115.6 1.77492e-25
115.7 1.77383e-25
115.8 1.77274e-25
115.9 1.77165e-25
116 1.77056e-25
116.1 1.76947e-25
116.2 1.76838e-25
116.3 1.76728e-25
116.4 1.76619e-25
116.5 1.7651e-25
116.6 1.76401e-25
116.7 1.76292e-25
116.8 1.76183e-25
116.9 1.76074e-25
117 1.75965e-25
117.1 1.75856e-25
117.2 1.75747e-25
117.3 1.75638e-25
117.4 1.75529e-25
117.5 1.7542e-25
117.6 1.75311e-25
117.7 1.75202e-25
117.8 1.75093e-25
117.9 1.74984e-25
118 1.74875e-25
118.1 1.74766e-25
118.2 1.74657e-25
118.3 1.74548e-25
118.4 1.74439e-25
118.5 1.7433e-25
118.6 1.74221e-25
118.7 1.74112e-25
118.8 1.74003e-25
118.9 1.73894e-25
119 1.73784e-25
119.1 1.73675e-25
119.2 1.73566e-25
119.3 1.73457e-25
119.4 1.73348e-25
119.5 1.73239e-25
119.6 1.7313e-25
119.7 1.73021e-25
119.8 1.72912e-25
119.9 1.72803e-25
120 1.72694e-25
120.1 1.72593e-25
120.2 1.72491e-25
120.3 1.72389e-25
120.4 1.72288e-25
120.5 1.72186e-25
120.6 1.72085e-25
120.7 1.71983e-25
120.8 1.71881e-25
120.9 1.7178e-25
121 1.71678e-25
121.1 1.71577e-25
121.2 1.71475e-25
121.3 1.71373e-25
121.4 1.71272e-25
121.5 1.7117e-25
121.6 1.71069e-25
121.7 1.70967e-25
121.8 1.70866e-25
121.9 1.70764e-25
122 1.70662e-25
122.1 1.70561e-25
122.2 1.70459e-25
122.3 1.70358e-25
122.4 1.70256e-25
122.5 1.70154e-25
122.6 1.70053e-25
122.7 1.69951e-25
122.8 1.6985e-25
122.9 1.69748e-25
123 1.69646e-25
123.1 1.69545e-25
123.2 1.69443e-25
123.3 1.69342e-25
123.4 1.6924e-25
123.5 1.69139e-25
123.6 1.69037e-25
123.7 1.68935e-25
123.8 1.68834e-25
123.9 1.68732e-25
124 1.68631e-25
124.1 1.68529e-25
124.2 1.68427e-25
124.3 1.68326e-25
124.4 1.68224e-25
124.5 1.68123e-25
124.6 1.68021e-25
124.7 1.67919e-25
124.8 1.67818e-25
124.9 1.67716e-25
125 1.67615e-25
125.1 1.67519e-25
125.2 1.67423e-25
125.3 1.67327e-25
125.4 1.6723e-25
125.5 1.67134e-25
125.6 1.67038e-25
125.7 1.66942e-25
125.8 1.66846e-25
125.9 1.6675e-25
126 1.66654e-25
126.1 1.66558e-25
126.2 1.66462e-25
126.3 1.66366e-25
126.4 1.6627e-25
126.5 1.66174e-25
126.6 1.66078e-25
126.7 1.65982e-25
126.8 1.65886e-25
126.9 1.6579e-25
127 1.65694e-25
127.1 1.65598e-25
127.2 1.65502e-25
127.3 1.65406e-25
127.4 1.65309e-25
127.5 1.65213e-25
127.6 1.65117e-25
127.7 1.65021e-25
127.8 1.64925e-25
127.9 1.64829e-25
128 1.64733e-25
128.1 1.64637e-25
128.2 1.64541e-25
128.3 1.64445e-25
128.4 1.64349e-25
128.5 1.64253e-25
128.6 1.64157e-25
128.7 1.64061e-25
128.8 1.63965e-25
128.9 1.63869e-25
129 1.63773e-25
129.1 1.63677e-25
129.2 1.63581e-25
129.3 1.63484e-25
129.4 1.63388e-25
129.5 1.63292e-25
129.6 1.63196e-25
129.7 1.631e-25
129.8 1.63004e-25
129.9 1.62908e-25
130 1.62812e-25
