0.9 130 82
82
0.9 0
1 1.31204e-27
1.5 3.71598e-27
2 8.04697e-27
2.5 1.49917e-26
3 2.5376e-26
3.5 4.02194e-26
4 6.08109e-26
4.5 8.88153e-26
5 1.26425e-25
5.5 1.76562e-25
6 2.43113e-25
6.5 3.31066e-25
7 4.46155e-25
7.5 5.93308e-25
8 7.74374e-25
8.5 9.90618e-25
9 1.25552e-24
9.5 1.60623e-24
10 2.10233e-24
10.5 2.80254e-24
11 3.66551e-24
11.5 4.6758e-24
12 6.08349e-24
12.5 8.08431e-24
13 1.07396e-23
13.5 1.38557e-23
14 1.67689e-23
14.5 1.85859e-23
15 1.90462e-23
15.5 1.87399e-23
16 1.83092e-23
16.5 1.79248e-23
17 1.74016e-23
17.5 1.6524e-23
18 1.5261e-23
18.5 1.3759e-23
19 1.22106e-23
19.5 1.07564e-23
20 9.46496e-24
21 7.39232e-24
22 5.90959e-24
23 4.84247e-24
24 4.05691e-24
25 3.46351e-24
26 3.00424e-24
27 2.64117e-24
28 2.34895e-24
29 2.11024e-24
30 1.91284e-24
32 1.60936e-24
34 1.39215e-24
36 1.23413e-24
38 1.11821e-24
40 1.03292e-24
42 9.70214e-25
44 9.24254e-25
46 8.90728e-25
48 8.66408e-25
50 8.48861e-25
52 8.36249e-25
54 8.27181e-25
56 8.20603e-25
58 8.15718e-25
60 8.11925e-25
62 8.08774e-25
64 8.05925e-25
66 8.03127e-25
68 8.00198e-25
70 7.97006e-25
72 7.93456e-25
74 7.89488e-25
76 7.85063e-25
78 7.8016e-25
80 7.74773e-25
85 7.59239e-25
90 7.40995e-25
95 7.20477e-25
100 6.98206e-25
110 6.50623e-25
120 6.02664e-25
130 5.5852e-25
