0.9 130 82
82
0.9 0
1 5.8985e-27
1.5 1.86704e-26
2 4.20442e-26
2.5 7.55288e-26
3 1.21088e-25
3.5 1.83022e-25
4 2.65777e-25
4.5 3.72927e-25
5 5.08003e-25
5.5 6.7586e-25
6 8.8313e-25
6.5 1.13668e-24
7 1.43876e-24
7.5 1.78093e-24
8 2.15016e-24
8.5 2.55355e-24
9 3.02885e-24
9.5 3.63461e-24
10 4.40317e-24
10.5 5.39886e-24
11 6.69043e-24
11.5 8.36571e-24
12 1.05327e-23
12.5 1.33075e-23
13 1.67737e-23
13.5 2.08849e-23
14 2.53031e-23
14.5 2.9262e-23
15 3.17155e-23
15.5 3.19268e-23
16 3.00168e-23
16.5 2.68067e-23
17 2.31984e-23
17.5 1.978e-23
18 1.68066e-23
18.5 1.43271e-23
19 1.22979e-23
19.5 1.06469e-23
20 9.30196e-24
21 7.27192e-24
22 5.86861e-24
23 4.8681e-24
24 4.13407e-24
25 3.58193e-24
26 3.15759e-24
27 2.82543e-24
28 2.56134e-24
29 2.34854e-24
30 2.17506e-24
32 1.91359e-24
34 1.7306e-24
36 1.59914e-24
38 1.50268e-24
40 1.43059e-24
42 1.37582e-24
44 1.33352e-24
46 1.30031e-24
48 1.27375e-24
50 1.25208e-24
52 1.23398e-24
54 1.21848e-24
56 1.20484e-24
58 1.1925e-24
60 1.18104e-24
62 1.17014e-24
64 1.15954e-24
66 1.14907e-24
68 1.13857e-24
70 1.12795e-24
72 1.11712e-24
74 1.10604e-24
76 1.09467e-24
78 1.08299e-24
80 1.07099e-24
85 1.03962e-24
90 1.00646e-24
95 9.71876e-25
100 9.36329e-25
110 8.64431e-25
120 7.95097e-25
130 7.32666e-25
