1.999 130 97
97
1.999 0
2 1.24851e-26
2.45 2.39293e-26
2.9 4.07729e-26
3.35 6.39704e-26
3.8 9.87982e-26
4.25 1.42132e-25
4.7 2.05117e-25
5.15 2.8074e-25
5.6 3.901e-25
6.05 5.19291e-25
6.5 7.02038e-25
6.95 9.32265e-25
7.4 1.24458e-24
7.85 3.19362e-24
8.3 4.34739e-24
8.75 5.85962e-24
9.2 7.979e-24
9.65 1.09851e-23
10.1 1.51556e-23
10.55 2.14393e-23
11 2.99231e-23
11.45 4.19307e-23
11.9 5.63873e-23
12.35 6.98412e-23
12.8 7.65056e-23
13.25 7.74147e-23
13.7 7.54827e-23
14.15 7.5553e-23
14.6 8.05244e-23
15.05 8.67259e-23
15.5 8.84397e-23
15.95 8.41834e-23
16.4 7.56332e-23
16.85 6.60684e-23
17.3 5.71532e-23
17.75 4.95678e-23
18.2 4.33796e-23
18.65 3.82103e-23
19.1 3.40287e-23
19.55 3.05921e-23
20 2.77392e-23
20.45 2.53531e-23
20.9 2.33059e-23
21.35 2.1583e-23
21.8 2.01186e-23
22.25 1.88379e-23
22.7 1.77868e-23
23.15 1.69523e-23
23.6 1.63512e-23
24.05 1.59284e-23
24.5 1.56484e-23
24.95 1.53963e-23
25.4 1.5213e-23
25.85 1.50154e-23
26.3 1.48295e-23
26.75 1.46162e-23
27.2 1.43985e-23
27.65 1.41659e-23
28.1 1.39174e-23
28.55 1.36831e-23
29 1.3434e-23
29.45 1.32043e-23
29.9 1.29712e-23
30.35 1.27789e-23
30.8 1.26063e-23
31.25 1.24655e-23
31.7 1.23701e-23
32.15 1.23013e-23
32.6 1.22705e-23
33.05 1.22485e-23
33.5 1.22536e-23
33.95 1.22562e-23
34.4 1.2267e-23
34.85 1.22711e-23
35.3 1.22747e-23
35.75 1.22676e-23
36.2 1.22538e-23
36.65 1.2233e-23
37.1 1.21987e-23
37.55 1.21655e-23
38 1.21184e-23
38.45 1.2074e-23
38.9 1.20219e-23
39.35 1.19722e-23
39.8 1.19175e-23
40.25 1.18664e-23
40.7 1.18187e-23
41.15 1.17801e-23
41.6 1.17501e-23
42.05 1.17283e-23
42.5 1.17174e-23
45 1.18013e-23
50 1.20255e-23
70 1.46534e-23
100 1.42408e-23
130 1.24734e-23
