0.5 130 260
260
0.5 0
1 5.8985e-27
1.5 1.86704e-26
2 4.20442e-26
2.5 7.55288e-26
3 1.21088e-25
3.5 1.83022e-25
4 2.65777e-25
4.5 3.72927e-25
5 5.08003e-25
5.5 6.7586e-25
6 8.8313e-25
6.5 1.13668e-24
7 1.43876e-24
7.5 1.78093e-24
8 2.15016e-24
8.5 2.55355e-24
9 3.02885e-24
9.5 3.63461e-24
10 4.40317e-24
10.5 5.39886e-24
11 6.69043e-24
11.5 8.36571e-24
12 1.05327e-23
12.5 1.33075e-23
13 1.67737e-23
13.5 2.08849e-23
14 2.53031e-23
14.5 2.9262e-23
15 3.17155e-23
15.5 3.19268e-23
16 3.00168e-23
16.5 2.68067e-23
17 2.31984e-23
17.5 1.978e-23
18 1.68066e-23
18.5 1.43271e-23
19 1.22979e-23
19.5 1.06469e-23
20 9.30196e-24
20.5 8.28694e-24
21 7.27192e-24
21.5 6.57027e-24
22 5.86861e-24
22.5 5.36835e-24
23 4.8681e-24
23.5 4.50108e-24
24 4.13407e-24
24.5 3.858e-24
25 3.58193e-24
25.5 3.36976e-24
26 3.15759e-24
26.5 2.99151e-24
27 2.82543e-24
27.5 2.69338e-24
28 2.56134e-24
28.5 2.45494e-24
29 2.34854e-24
29.5 2.2618e-24
30 2.17506e-24
30.5 2.10969e-24
31 2.04432e-24
31.5 1.97896e-24
32 1.91359e-24
32.5 1.86784e-24
33 1.8221e-24
33.5 1.77635e-24
34 1.7306e-24
34.5 1.69774e-24
35 1.66487e-24
35.5 1.63201e-24
36 1.59914e-24
36.5 1.57503e-24
37 1.55091e-24
37.5 1.5268e-24
38 1.50268e-24
38.5 1.48466e-24
39 1.46664e-24
39.5 1.44861e-24
40 1.43059e-24
40.5 1.4169e-24
41 1.40321e-24
41.5 1.38951e-24
42 1.37582e-24
42.5 1.36524e-24
43 1.35467e-24
43.5 1.3441e-24
44 1.33352e-24
44.5 1.32522e-24
45 1.31692e-24
45.5 1.30861e-24
46 1.30031e-24
46.5 1.29367e-24
47 1.28703e-24
47.5 1.28039e-24
48 1.27375e-24
48.5 1.26833e-24
49 1.26292e-24
49.5 1.2575e-24
50 1.25208e-24
50.5 1.24755e-24
51 1.24303e-24
51.5 1.2385e-24
52 1.23398e-24
52.5 1.2301e-24
53 1.22623e-24
53.5 1.22236e-24
54 1.21848e-24
54.5 1.21507e-24
55 1.21166e-24
55.5 1.20825e-24
56 1.20484e-24
56.5 1.20175e-24
57 1.19867e-24
57.5 1.19559e-24
58 1.1925e-24
58.5 1.18963e-24
59 1.18677e-24
59.5 1.18391e-24
60 1.18104e-24
60.5 1.17832e-24
61 1.17559e-24
61.5 1.17287e-24
62 1.17014e-24
62.5 1.16749e-24
63 1.16484e-24
63.5 1.16219e-24
64 1.15954e-24
64.5 1.15692e-24
65 1.15431e-24
65.5 1.15169e-24
66 1.14907e-24
66.5 1.14645e-24
67 1.14382e-24
67.5 1.1412e-24
68 1.13857e-24
68.5 1.13592e-24
69 1.13326e-24
69.5 1.1306e-24
70 1.12795e-24
70.5 1.12524e-24
71 1.12253e-24
71.5 1.11983e-24
72 1.11712e-24
72.5 1.11435e-24
73 1.11158e-24
73.5 1.10881e-24
74 1.10604e-24
74.5 1.1032e-24
75 1.10036e-24
75.5 1.09751e-24
76 1.09467e-24
76.5 1.09175e-24
77 1.08883e-24
77.5 1.08591e-24
78 1.08299e-24
78.5 1.07999e-24
79 1.07699e-24
79.5 1.07399e-24
80 1.07099e-24
80.5 1.06785e-24
81 1.06472e-24
81.5 1.06158e-24
82 1.05844e-24
82.5 1.05531e-24
83 1.05217e-24
83.5 1.04903e-24
84 1.04589e-24
84.5 1.04276e-24
85 1.03962e-24
85.5 1.0363e-24
86 1.03299e-24
86.5 1.02967e-24
87 1.02636e-24
87.5 1.02304e-24
88 1.01972e-24
88.5 1.01641e-24
89 1.01309e-24
89.5 1.00978e-24
90 1.00646e-24
90.5 1.003e-24
91 9.99543e-25
91.5 9.96085e-25
92 9.92626e-25
92.5 9.89168e-25
93 9.8571e-25
93.5 9.82251e-25
94 9.78793e-25
94.5 9.75334e-25
95 9.71876e-25
95.5 9.68321e-25
96 9.64767e-25
96.5 9.61212e-25
97 9.57657e-25
97.5 9.54102e-25
98 9.50548e-25
98.5 9.46993e-25
99 9.43438e-25
99.5 9.39884e-25
100 9.36329e-25
100.5 9.32734e-25
101 9.29139e-25
101.5 9.25544e-25
102 9.21949e-25
102.5 9.18355e-25
103 9.1476e-25
103.5 9.11165e-25
104 9.0757e-25
104.5 9.03975e-25
105 9.0038e-25
105.5 8.96785e-25
106 8.9319e-25
106.5 8.89595e-25
107 8.86e-25
107.5 8.82406e-25
108 8.78811e-25
108.5 8.75216e-25
109 8.71621e-25
109.5 8.68026e-25
110 8.64431e-25
110.5 8.60964e-25
111 8.57498e-25
111.5 8.54031e-25
112 8.50564e-25
112.5 8.47098e-25
113 8.43631e-25
113.5 8.40164e-25
114 8.36697e-25
114.5 8.33231e-25
115 8.29764e-25
115.5 8.26297e-25
116 8.22831e-25
116.5 8.19364e-25
117 8.15897e-25
117.5 8.12431e-25
118 8.08964e-25
118.5 8.05497e-25
119 8.0203e-25
119.5 7.98564e-25
120 7.95097e-25
120.5 7.91976e-25
121 7.88854e-25
121.5 7.85732e-25
122 7.82611e-25
122.5 7.79489e-25
123 7.76368e-25
123.5 7.73246e-25
124 7.70125e-25
124.5 7.67003e-25
125 7.63882e-25
125.5 7.6076e-25
126 7.57639e-25
126.5 7.54517e-25
127 7.51395e-25
127.5 7.48274e-25
128 7.45152e-25
128.5 7.42031e-25
129 7.38909e-25
129.5 7.35788e-25
130 7.32666e-25
