0.9 130 82
82
0.9 0
1 2.52176e-27
1.5 7.26565e-27
2 1.59492e-26
2.5 3.00775e-26
3 5.15192e-26
3.5 8.26642e-26
4 1.26646e-25
4.5 1.87652e-25
5 2.71341e-25
5.5 3.85282e-25
6 5.39118e-25
6.5 7.43692e-25
7 1.00895e-24
7.5 1.34511e-24
8 1.77526e-24
8.5 2.34983e-24
9 3.13862e-24
9.5 4.19608e-24
10 5.49733e-24
10.5 6.89492e-24
11 8.26226e-24
11.5 9.73825e-24
12 1.16886e-23
12.5 1.45119e-23
13 1.85261e-23
13.5 2.37669e-23
14 2.95487e-23
14.5 3.42647e-23
15 3.63366e-23
15.5 3.54396e-23
16 3.23941e-23
16.5 2.83754e-23
17 2.43093e-23
17.5 2.06781e-23
18 1.76278e-23
18.5 1.5134e-23
19 1.31126e-23
19.5 1.1472e-23
20 1.01321e-23
21 8.08647e-24
22 6.64114e-24
23 5.58177e-24
24 4.77998e-24
25 4.1565e-24
26 3.66068e-24
27 3.25908e-24
28 2.92893e-24
29 2.65428e-24
30 2.42364e-24
32 2.06268e-24
34 1.7998e-24
36 1.60655e-24
38 1.4641e-24
40 1.35925e-24
42 1.28242e-24
44 1.22647e-24
46 1.18605e-24
48 1.1571e-24
50 1.13655e-24
52 1.12208e-24
54 1.11193e-24
56 1.10476e-24
58 1.09957e-24
60 1.09561e-24
62 1.09231e-24
64 1.08926e-24
66 1.08614e-24
68 1.08273e-24
70 1.07888e-24
72 1.07446e-24
74 1.06941e-24
76 1.0637e-24
78 1.05729e-24
80 1.05019e-24
85 1.02951e-24
90 1.00503e-24
95 9.77381e-25
100 9.47297e-25
110 8.82896e-25
120 8.17904e-25
130 7.58046e-25
