0.9 130 82
82
0.9 0
1 1.71972e-27
1.5 4.94712e-27
2 1.08252e-26
2.5 2.03184e-26
3 3.45857e-26
3.5 5.50558e-26
4 8.35323e-26
4.5 1.22337e-25
5 1.74507e-25
5.5 2.44024e-25
6 3.35998e-25
6.5 4.56452e-25
7 6.11013e-25
7.5 8.02273e-25
8 1.02969e-24
8.5 1.29901e-24
9 1.63338e-24
9.5 2.07063e-24
10 2.65642e-24
10.5 3.44586e-24
11 4.50994e-24
11.5 5.94099e-24
12 7.85446e-24
12.5 1.03817e-23
13 1.36338e-23
13.5 1.75894e-23
14 2.18826e-23
14.5 2.56464e-23
15 2.77885e-23
15.5 2.77542e-23
16 2.59528e-23
16.5 2.33087e-23
17 2.06105e-23
17.5 1.82539e-23
18 1.62604e-23
18.5 1.44302e-23
19 1.26507e-23
19.5 1.10124e-23
20 9.61228e-24
21 7.4985e-24
22 6.06244e-24
23 5.04285e-24
24 4.28705e-24
25 3.70706e-24
26 3.24975e-24
27 2.88138e-24
28 2.57965e-24
29 2.32924e-24
30 2.11933e-24
32 1.79137e-24
34 1.55297e-24
36 1.37798e-24
38 1.24917e-24
40 1.15445e-24
42 1.08504e-24
44 1.03447e-24
46 9.97861e-25
48 9.7155e-25
50 9.52778e-25
52 9.39462e-25
54 9.30032e-25
56 9.23306e-25
58 9.18393e-25
60 9.14627e-25
62 9.11507e-25
64 9.08664e-25
66 9.05822e-25
68 9.02784e-25
70 8.99408e-25
72 8.95594e-25
74 8.91278e-25
76 8.86421e-25
78 8.81003e-25
80 8.75022e-25
85 8.57673e-25
90 8.37197e-25
95 8.1411e-25
100 7.89012e-25
110 7.35323e-25
120 6.81168e-25
130 6.31301e-25
