6.23 130 91
91
6.23 0
7 7.4357e-26
7.5 1.01316e-25
8.5 2.99986e-26
9 1.09993e-25
9.5 1.99992e-25
10 4.79982e-25
10.3 5.29979e-25
10.5 4.8998e-25
10.8 1.8999e-25
11 2.29987e-25
11.3 7.99961e-25
11.5 8.99955e-25
12 1.99989e-25
12.3 1.29992e-25
12.5 2.69983e-25
13 6.99952e-25
13.2 7.99944e-25
13.4 4.89966e-25
13.5 4.79966e-25
13.7 5.99955e-25
14 5.49959e-25
14.2 4.89961e-25
14.5 8.59933e-25
14.8 1.14991e-24
15 7.04943e-25
15.2 5.19956e-25
15.4 4.39963e-25
15.6 4.59959e-25
16 4.59959e-25
16.5 4.59957e-25
17 4.59954e-25
17.5 4.69949e-25
18 4.99941e-25
18.5 5.51559e-25
19 5.78369e-25
19.5 6.20316e-25
20 6.79448e-25
20.5 7.57834e-25
21 8.57143e-25
21.5 9.77706e-25
22 1.11735e-24
22.5 1.2697e-24
23 1.51962e-24
23.5 1.79953e-24
23.7 1.89949e-24
24 1.64955e-24
24.5 1.13968e-24
25 1.16966e-24
26 1.29961e-24
27 1.3496e-24
28 1.32212e-24
29 1.14919e-24
30 1.00364e-24
31 8.84513e-25
32 7.87393e-25
33 7.07755e-25
34 6.4182e-25
35 5.86589e-25
36 5.39775e-25
37 4.99667e-25
38 4.64937e-25
39 4.34565e-25
40 4.07791e-25
42 3.62671e-25
44 3.26058e-25
46 2.95683e-25
48 2.70006e-25
50 2.47979e-25
52 2.29191e-25
54 2.12052e-25
56 1.96083e-25
58 1.83915e-25
60 1.76125e-25
62 1.70826e-25
64 1.67566e-25
66 1.65776e-25
68 1.64227e-25
70 1.62617e-25
75 1.58387e-25
80 1.53878e-25
85 1.49088e-25
90 1.56778e-25
95 1.49899e-25
100 1.43239e-25
105 1.36809e-25
110 1.30609e-25
115 1.24679e-25
120 1.19059e-25
125 1.13799e-25
130 1.0894e-25
