0.9 130 82
82
0.9 0
1 2.02868e-27
1.5 5.85803e-27
2 1.28559e-26
2.5 2.41919e-26
3 4.12801e-26
3.5 6.58768e-26
4 1.00214e-25
4.5 1.47188e-25
5 2.10606e-25
5.5 2.95491e-25
6 4.08295e-25
6.5 5.56605e-25
7 7.47482e-25
7.5 9.84522e-25
8 1.26919e-24
8.5 1.61377e-24
9 2.05381e-24
9.5 2.64458e-24
10 3.4561e-24
10.5 4.57561e-24
11 6.09691e-24
11.5 8.0647e-24
12 1.045e-23
12.5 1.33273e-23
13 1.68667e-23
13.5 2.09701e-23
14 2.50393e-23
14.5 2.80929e-23
15 2.93401e-23
15.5 2.87297e-23
16 2.67709e-23
16.5 2.40242e-23
17 2.09786e-23
17.5 1.80557e-23
18 1.55005e-23
18.5 1.33726e-23
19 1.16332e-23
19.5 1.02147e-23
20 9.05163e-24
21 7.26619e-24
22 5.99406e-24
23 5.0535e-24
24 4.33556e-24
25 3.77279e-24
26 3.32194e-24
27 2.95432e-24
28 2.65033e-24
29 2.39616e-24
30 2.18184e-24
32 1.8449e-24
34 1.59858e-24
36 1.41722e-24
38 1.28349e-24
40 1.18509e-24
42 1.11299e-24
44 1.06045e-24
46 1.02242e-24
48 9.95095e-25
50 9.75599e-25
52 9.61766e-25
54 9.51967e-25
56 9.44974e-25
58 9.39866e-25
60 9.3595e-25
62 9.32711e-25
64 9.29765e-25
66 9.26829e-25
68 9.23698e-25
70 9.20225e-25
72 9.16307e-25
74 9.11879e-25
76 9.06899e-25
78 9.01348e-25
80 8.95221e-25
85 8.77457e-25
90 8.56499e-25
95 8.32871e-25
100 8.07189e-25
110 7.52256e-25
120 6.96849e-25
130 6.45831e-25
