0.9 130 82
82
0.9 0
1 1.23269e-27
1.5 3.47743e-27
2 7.50723e-27
2.5 1.39488e-26
3 2.3551e-26
3.5 3.7232e-26
4 5.61431e-26
4.5 8.17599e-26
5 1.16009e-25
5.5 1.61441e-25
6 2.21429e-25
6.5 3.00301e-25
7 4.03059e-25
7.5 5.34011e-25
8 6.94159e-25
8.5 8.81274e-25
9 1.09926e-24
9.5 1.36864e-24
10 1.72342e-24
10.5 2.20482e-24
11 2.86361e-24
11.5 3.76736e-24
12 5.00633e-24
12.5 6.69089e-24
13 8.92262e-24
13.5 1.17e-23
14 1.47344e-23
14.5 1.73507e-23
15 1.88799e-23
15.5 1.92926e-23
16 1.90791e-23
16.5 1.86034e-23
17 1.78823e-23
17.5 1.68125e-23
18 1.54057e-23
18.5 1.38123e-23
19 1.22123e-23
19.5 1.07318e-23
20 9.42835e-24
21 7.35091e-24
22 5.8711e-24
23 4.8079e-24
24 4.02573e-24
25 3.43498e-24
26 2.97775e-24
27 2.61621e-24
28 2.32513e-24
29 2.08725e-24
30 1.89046e-24
32 1.58772e-24
34 1.37086e-24
36 1.21299e-24
38 1.0971e-24
40 1.01178e-24
42 9.49008e-25
44 9.02961e-25
46 8.69332e-25
48 8.44898e-25
50 8.27231e-25
52 8.14498e-25
54 8.05314e-25
56 7.98627e-25
58 7.93647e-25
60 7.89774e-25
62 7.8656e-25
64 7.83668e-25
66 7.80849e-25
68 7.77919e-25
70 7.74747e-25
72 7.7124e-25
74 7.67335e-25
76 7.62994e-25
78 7.58195e-25
80 7.52931e-25
85 7.3778e-25
90 7.20013e-25
95 7.0005e-25
100 6.78391e-25
110 6.32134e-25
120 5.85524e-25
130 5.42626e-25
