0.75 130 518
518
0.75 0
1 4.33913e-27
1.25 8.40935e-27
1.5 1.24796e-26
1.75 1.99508e-26
2 2.7422e-26
2.25 3.9647e-26
2.5 5.18721e-26
2.75 7.05782e-26
3 8.92843e-26
3.25 1.16744e-25
3.5 1.44203e-25
3.75 1.83473e-25
4 2.22742e-25
4.25 2.77974e-25
4.5 3.33205e-25
4.75 4.09957e-25
5 4.86709e-25
5.25 5.83896e-25
5.5 6.97285e-25
5.75 8.28875e-25
6 9.80658e-25
6.25 1.16719e-24
6.5 1.35373e-24
6.75 1.59955e-24
7 1.84537e-24
7.25 2.18467e-24
7.5 2.52397e-24
7.75 3.01109e-24
8 3.49821e-24
8.25 4.14016e-24
8.5 4.78211e-24
8.75 5.44452e-24
9 6.10693e-24
9.25 6.78105e-24
9.5 7.45518e-24
9.75 8.40326e-24
10 9.35135e-24
10.25 1.08003e-23
10.5 1.22493e-23
10.75 1.4389e-23
11 1.65288e-23
11.25 1.95852e-23
11.5 2.26415e-23
11.75 2.67624e-23
12 3.08833e-23
12.25 3.57418e-23
12.5 4.06003e-23
12.75 4.49123e-23
13 4.92242e-23
13.25 5.11932e-23
13.5 5.31621e-23
13.75 5.22188e-23
14 5.12755e-23
14.25 4.85681e-23
14.5 4.58607e-23
14.75 4.27277e-23
15 3.95947e-23
15.25 3.66371e-23
15.5 3.36794e-23
15.75 3.10402e-23
16 2.8401e-23
16.25 2.61433e-23
16.5 2.38857e-23
16.75 2.20352e-23
17 2.01846e-23
17.25 1.87058e-23
17.5 1.7227e-23
17.75 1.60528e-23
18 1.48787e-23
18.25 1.39415e-23
18.5 1.30043e-23
18.75 1.22483e-23
19 1.14923e-23
19.25 1.08746e-23
19.5 1.02569e-23
19.75 9.74581e-24
20 9.2347e-24
20.25 8.83165e-24
20.5 8.42861e-24
20.75 8.02557e-24
21 7.62252e-24
21.25 7.32677e-24
21.5 7.03102e-24
21.75 6.73527e-24
22 6.43952e-24
22.25 6.21472e-24
22.5 5.98991e-24
22.75 5.76511e-24
23 5.54031e-24
23.25 5.3645e-24
23.5 5.1887e-24
23.75 5.0129e-24
24 4.8371e-24
24.25 4.69647e-24
24.5 4.55583e-24
24.75 4.4152e-24
25 4.27456e-24
25.25 4.16002e-24
25.5 4.04548e-24
25.75 3.93094e-24
26 3.8164e-24
26.25 3.72179e-24
26.5 3.62719e-24
26.75 3.53259e-24
27 3.43798e-24
27.25 3.35901e-24
27.5 3.28003e-24
27.75 3.20105e-24
28 3.12207e-24
28.25 3.05561e-24
28.5 2.98915e-24
28.75 2.92268e-24
29 2.85622e-24
29.25 2.79997e-24
29.5 2.74371e-24
29.75 2.68746e-24
30 2.6312e-24
30.25 2.58695e-24
30.5 2.54269e-24
30.75 2.49843e-24
31 2.45417e-24
31.25 2.40991e-24
31.5 2.36565e-24
31.75 2.32139e-24
32 2.27714e-24
32.25 2.24496e-24
32.5 2.21278e-24
32.75 2.1806e-24
33 2.14842e-24
33.25 2.11624e-24
33.5 2.08407e-24
33.75 2.05189e-24
34 2.01971e-24
34.25 1.99631e-24
34.5 1.97292e-24
34.75 1.94952e-24
35 1.92613e-24
35.25 1.90273e-24
35.5 1.87934e-24
35.75 1.85594e-24
36 1.83254e-24
36.25 1.81562e-24
36.5 1.7987e-24
36.75 1.78178e-24
37 1.76486e-24
37.25 1.74794e-24
37.5 1.73102e-24
37.75 1.71409e-24
38 1.69717e-24
38.25 1.68505e-24
38.5 1.67292e-24
38.75 1.66079e-24
39 1.64866e-24
39.25 1.63654e-24
39.5 1.62441e-24
39.75 1.61228e-24
40 1.60016e-24
40.25 1.59158e-24
40.5 1.58299e-24
40.75 1.57441e-24
41 1.56583e-24
41.25 1.55725e-24
41.5 1.54867e-24
41.75 1.54009e-24
42 1.53151e-24
42.25 1.52553e-24
42.5 1.51956e-24
42.75 1.51359e-24
43 1.50762e-24
43.25 1.50164e-24
43.5 1.49567e-24
43.75 1.4897e-24
44 1.48373e-24
44.25 1.47966e-24
44.5 1.47559e-24
44.75 1.47152e-24
45 1.46746e-24
45.25 1.46339e-24
45.5 1.45932e-24
45.75 1.45525e-24
46 1.45119e-24
46.25 1.44849e-24
46.5 1.4458e-24
46.75 1.44311e-24
47 1.44041e-24
47.25 1.43772e-24
47.5 1.43503e-24
47.75 1.43233e-24
48 1.42964e-24
48.25 1.42793e-24
48.5 1.42621e-24
48.75 1.42449e-24
49 1.42278e-24
49.25 1.42106e-24
49.5 1.41934e-24
49.75 1.41763e-24
50 1.41591e-24
50.25 1.41487e-24
50.5 1.41384e-24
50.75 1.4128e-24
51 1.41176e-24
51.25 1.41072e-24
51.5 1.40968e-24
51.75 1.40865e-24
52 1.40761e-24
52.25 1.40702e-24
52.5 1.40644e-24
52.75 1.40586e-24
53 1.40528e-24
53.25 1.40469e-24
53.5 1.40411e-24
53.75 1.40353e-24
54 1.40294e-24
54.25 1.40265e-24
54.5 1.40235e-24
54.75 1.40206e-24
55 1.40177e-24
55.25 1.40147e-24
55.5 1.40118e-24
55.75 1.40088e-24
56 1.40059e-24
56.25 1.40046e-24
56.5 1.40033e-24
56.75 1.4002e-24
57 1.40007e-24
57.25 1.39994e-24
57.5 1.39981e-24
57.75 1.39968e-24
58 1.39955e-24
58.25 1.39949e-24
58.5 1.39943e-24
58.75 1.39938e-24
59 1.39932e-24
59.25 1.39926e-24
59.5 1.3992e-24
59.75 1.39915e-24
60 1.39909e-24
60.25 1.39904e-24
60.5 1.39899e-24
60.75 1.39894e-24
61 1.39888e-24
61.25 1.39883e-24
61.5 1.39878e-24
61.75 1.39873e-24
62 1.39868e-24
62.25 1.39858e-24
62.5 1.39849e-24
62.75 1.3984e-24
63 1.3983e-24
63.25 1.39821e-24
63.5 1.39811e-24
63.75 1.39802e-24
64 1.39793e-24
64.25 1.39775e-24
64.5 1.39758e-24
64.75 1.39741e-24
65 1.39724e-24
65.25 1.39706e-24
65.5 1.39689e-24
65.75 1.39672e-24
66 1.39655e-24
66.25 1.39628e-24
66.5 1.396e-24
66.75 1.39573e-24
67 1.39545e-24
67.25 1.39518e-24
67.5 1.39491e-24
67.75 1.39463e-24
68 1.39436e-24
68.25 1.39397e-24
68.5 1.39357e-24
68.75 1.39318e-24
69 1.39279e-24
69.25 1.3924e-24
69.5 1.392e-24
69.75 1.39161e-24
70 1.39122e-24
70.25 1.3907e-24
70.5 1.39018e-24
70.75 1.38966e-24
71 1.38914e-24
71.25 1.38862e-24
71.5 1.3881e-24
71.75 1.38758e-24
72 1.38706e-24
72.25 1.38641e-24
72.5 1.38576e-24
72.75 1.3851e-24
73 1.38445e-24
73.25 1.3838e-24
73.5 1.38315e-24
73.75 1.38249e-24
74 1.38184e-24
74.25 1.38105e-24
74.5 1.38026e-24
74.75 1.37948e-24
75 1.37869e-24
75.25 1.3779e-24
75.5 1.37712e-24
75.75 1.37633e-24
76 1.37554e-24
76.25 1.37462e-24
76.5 1.3737e-24
76.75 1.37278e-24
77 1.37186e-24
77.25 1.37094e-24
77.5 1.37001e-24
77.75 1.36909e-24
78 1.36817e-24
78.25 1.36712e-24
78.5 1.36607e-24
78.75 1.36502e-24
79 1.36397e-24
79.25 1.36291e-24
79.5 1.36186e-24
79.75 1.36081e-24
80 1.35976e-24
80.25 1.35849e-24
80.5 1.35723e-24
80.75 1.35596e-24
81 1.3547e-24
81.25 1.35343e-24
81.5 1.35216e-24
81.75 1.3509e-24
82 1.34963e-24
82.25 1.34837e-24
82.5 1.3471e-24
82.75 1.34583e-24
83 1.34457e-24
83.25 1.3433e-24
83.5 1.34204e-24
83.75 1.34077e-24
84 1.3395e-24
84.25 1.33824e-24
84.5 1.33697e-24
84.75 1.33571e-24
85 1.33444e-24
85.25 1.3329e-24
85.5 1.33136e-24
85.75 1.32982e-24
86 1.32829e-24
86.25 1.32675e-24
86.5 1.32521e-24
86.75 1.32367e-24
87 1.32213e-24
87.25 1.32059e-24
87.5 1.31905e-24
87.75 1.31751e-24
88 1.31598e-24
88.25 1.31444e-24
88.5 1.3129e-24
88.75 1.31136e-24
89 1.30982e-24
89.25 1.30828e-24
89.5 1.30674e-24
89.75 1.3052e-24
90 1.30367e-24
90.25 1.3019e-24
90.5 1.30014e-24
90.75 1.29838e-24
91 1.29662e-24
91.25 1.29485e-24
91.5 1.29309e-24
91.75 1.29133e-24
92 1.28957e-24
92.25 1.28781e-24
92.5 1.28604e-24
92.75 1.28428e-24
93 1.28252e-24
93.25 1.28076e-24
93.5 1.27899e-24
93.75 1.27723e-24
94 1.27547e-24
94.25 1.27371e-24
94.5 1.27194e-24
94.75 1.27018e-24
95 1.26842e-24
95.25 1.26649e-24
95.5 1.26455e-24
95.75 1.26262e-24
96 1.26069e-24
96.25 1.25875e-24
96.5 1.25682e-24
96.75 1.25489e-24
97 1.25295e-24
97.25 1.25102e-24
97.5 1.24909e-24
97.75 1.24716e-24
98 1.24522e-24
98.25 1.24329e-24
98.5 1.24136e-24
98.75 1.23942e-24
99 1.23749e-24
99.25 1.23556e-24
99.5 1.23362e-24
99.75 1.23169e-24
100 1.22976e-24
100.25 1.22767e-24
100.5 1.22559e-24
100.75 1.22351e-24
101 1.22142e-24
101.25 1.21934e-24
101.5 1.21726e-24
101.75 1.21517e-24
102 1.21309e-24
102.25 1.21101e-24
102.5 1.20892e-24
102.75 1.20684e-24
103 1.20475e-24
103.25 1.20267e-24
103.5 1.20059e-24
103.75 1.1985e-24
104 1.19642e-24
104.25 1.19434e-24
104.5 1.19225e-24
104.75 1.19017e-24
105 1.18809e-24
105.25 1.186e-24
105.5 1.18392e-24
105.75 1.18184e-24
106 1.17975e-24
106.25 1.17767e-24
106.5 1.17559e-24
106.75 1.1735e-24
107 1.17142e-24
107.25 1.16934e-24
107.5 1.16725e-24
107.75 1.16517e-24
108 1.16308e-24
108.25 1.161e-24
108.5 1.15892e-24
108.75 1.15683e-24
109 1.15475e-24
109.25 1.15267e-24
109.5 1.15058e-24
109.75 1.1485e-24
110 1.14642e-24
110.25 1.1443e-24
110.5 1.14219e-24
110.75 1.14007e-24
111 1.13796e-24
111.25 1.13585e-24
111.5 1.13373e-24
111.75 1.13162e-24
112 1.1295e-24
112.25 1.12739e-24
112.5 1.12528e-24
112.75 1.12316e-24
113 1.12105e-24
113.25 1.11893e-24
113.5 1.11682e-24
113.75 1.1147e-24
114 1.11259e-24
114.25 1.11048e-24
114.5 1.10836e-24
114.75 1.10625e-24
115 1.10413e-24
115.25 1.10202e-24
115.5 1.09991e-24
115.75 1.09779e-24
116 1.09568e-24
116.25 1.09356e-24
116.5 1.09145e-24
116.75 1.08933e-24
117 1.08722e-24
117.25 1.08511e-24
117.5 1.08299e-24
117.75 1.08088e-24
118 1.07876e-24
118.25 1.07665e-24
118.5 1.07454e-24
118.75 1.07242e-24
119 1.07031e-24
119.25 1.06819e-24
119.5 1.06608e-24
119.75 1.06396e-24
120 1.06185e-24
120.25 1.05989e-24
120.5 1.05794e-24
120.75 1.05598e-24
121 1.05403e-24
121.25 1.05207e-24
121.5 1.05012e-24
121.75 1.04816e-24
122 1.04621e-24
122.25 1.04425e-24
122.5 1.0423e-24
122.75 1.04034e-24
123 1.03839e-24
123.25 1.03643e-24
123.5 1.03447e-24
123.75 1.03252e-24
124 1.03056e-24
124.25 1.02861e-24
124.5 1.02665e-24
124.75 1.0247e-24
125 1.02274e-24
125.25 1.02079e-24
125.5 1.01883e-24
125.75 1.01688e-24
126 1.01492e-24
126.25 1.01296e-24
126.5 1.01101e-24
126.75 1.00905e-24
127 1.0071e-24
127.25 1.00514e-24
127.5 1.00319e-24
127.75 1.00123e-24
128 9.99277e-25
128.25 9.97321e-25
128.5 9.95366e-25
128.75 9.93411e-25
129 9.91455e-25
129.25 9.895e-25
129.5 9.87544e-25
129.75 9.85589e-25
130 9.83634e-25
