0.5 130 260
260
0.5 0
1 1.20572e-26
1.5 3.45491e-26
2 6.74502e-26
2.5 1.10555e-25
3 1.65816e-25
3.5 2.35616e-25
4 3.23066e-25
4.5 4.32366e-25
5 5.69172e-25
5.5 7.40792e-25
6 9.55542e-25
6.5 1.21997e-24
7 1.53431e-24
7.5 1.89487e-24
8 2.31387e-24
8.5 2.83753e-24
9 3.54276e-24
9.5 4.5371e-24
10 5.98863e-24
10.5 8.17958e-24
11 1.15546e-23
11.5 1.65096e-23
12 2.20636e-23
12.5 2.46469e-23
13 2.3481e-23
13.5 2.2071e-23
14 2.20728e-23
14.5 2.31725e-23
15 2.45127e-23
15.5 2.52108e-23
16 2.4716e-23
16.5 2.30458e-23
17 2.06455e-23
17.5 1.80297e-23
18 1.5551e-23
18.5 1.3373e-23
19 1.15335e-23
19.5 1.00089e-23
20 8.75411e-24
20.5 7.79919e-24
21 6.84427e-24
21.5 6.18364e-24
22 5.523e-24
22.5 5.05373e-24
23 4.58445e-24
23.5 4.24206e-24
24 3.89967e-24
24.5 3.64373e-24
25 3.38779e-24
25.5 3.1924e-24
26 2.99702e-24
26.5 2.84515e-24
27 2.69327e-24
27.5 2.5734e-24
28 2.45353e-24
28.5 2.35767e-24
29 2.26181e-24
29.5 2.1843e-24
30 2.10679e-24
30.5 2.04911e-24
31 1.99143e-24
31.5 1.93375e-24
32 1.87607e-24
32.5 1.83648e-24
33 1.7969e-24
33.5 1.75731e-24
34 1.71772e-24
34.5 1.68991e-24
35 1.6621e-24
35.5 1.6343e-24
36 1.60649e-24
36.5 1.5866e-24
37 1.5667e-24
37.5 1.54681e-24
38 1.52692e-24
38.5 1.51248e-24
39 1.49804e-24
39.5 1.48359e-24
40 1.46915e-24
40.5 1.45852e-24
41 1.44789e-24
41.5 1.43727e-24
42 1.42664e-24
42.5 1.41872e-24
43 1.41079e-24
43.5 1.40287e-24
44 1.39495e-24
44.5 1.38895e-24
45 1.38295e-24
45.5 1.37695e-24
46 1.37095e-24
46.5 1.36632e-24
47 1.36169e-24
47.5 1.35707e-24
48 1.35244e-24
48.5 1.34878e-24
49 1.34512e-24
49.5 1.34146e-24
50 1.3378e-24
50.5 1.33482e-24
51 1.33183e-24
51.5 1.32885e-24
52 1.32586e-24
52.5 1.32333e-24
53 1.3208e-24
53.5 1.31828e-24
54 1.31575e-24
54.5 1.31352e-24
55 1.31129e-24
55.5 1.30905e-24
56 1.30682e-24
56.5 1.30476e-24
57 1.3027e-24
57.5 1.30064e-24
58 1.29858e-24
58.5 1.2966e-24
59 1.29463e-24
59.5 1.29266e-24
60 1.29068e-24
60.5 1.28872e-24
61 1.28676e-24
61.5 1.2848e-24
62 1.28284e-24
62.5 1.28085e-24
63 1.27885e-24
63.5 1.27685e-24
64 1.27486e-24
64.5 1.27279e-24
65 1.27072e-24
65.5 1.26866e-24
66 1.26659e-24
66.5 1.26443e-24
67 1.26226e-24
67.5 1.26009e-24
68 1.25793e-24
68.5 1.25565e-24
69 1.25336e-24
69.5 1.25108e-24
70 1.2488e-24
70.5 1.24639e-24
71 1.24398e-24
71.5 1.24157e-24
72 1.23916e-24
72.5 1.23661e-24
73 1.23407e-24
73.5 1.23153e-24
74 1.22898e-24
74.5 1.2263e-24
75 1.22362e-24
75.5 1.22093e-24
76 1.21825e-24
76.5 1.21543e-24
77 1.21261e-24
77.5 1.20979e-24
78 1.20697e-24
78.5 1.20402e-24
79 1.20106e-24
79.5 1.19811e-24
80 1.19515e-24
80.5 1.19197e-24
81 1.1888e-24
81.5 1.18562e-24
82 1.18244e-24
82.5 1.17927e-24
83 1.17609e-24
83.5 1.17291e-24
84 1.16973e-24
84.5 1.16656e-24
85 1.16338e-24
85.5 1.15992e-24
86 1.15647e-24
86.5 1.15301e-24
87 1.14956e-24
87.5 1.1461e-24
88 1.14264e-24
88.5 1.13919e-24
89 1.13573e-24
89.5 1.13228e-24
90 1.12882e-24
90.5 1.12514e-24
91 1.12146e-24
91.5 1.11779e-24
92 1.11411e-24
92.5 1.11043e-24
93 1.10675e-24
93.5 1.10307e-24
94 1.0994e-24
94.5 1.09572e-24
95 1.09204e-24
95.5 1.08821e-24
96 1.08437e-24
96.5 1.08054e-24
97 1.0767e-24
97.5 1.07287e-24
98 1.06904e-24
98.5 1.0652e-24
99 1.06137e-24
99.5 1.05753e-24
100 1.0537e-24
100.5 1.04977e-24
101 1.04584e-24
101.5 1.0419e-24
102 1.03797e-24
102.5 1.03404e-24
103 1.03011e-24
103.5 1.02617e-24
104 1.02224e-24
104.5 1.01831e-24
105 1.01438e-24
105.5 1.01045e-24
106 1.00651e-24
106.5 1.00258e-24
107 9.98649e-25
107.5 9.94716e-25
108 9.90784e-25
108.5 9.86852e-25
109 9.8292e-25
109.5 9.78987e-25
110 9.75055e-25
110.5 9.71221e-25
111 9.67387e-25
111.5 9.63553e-25
112 9.59719e-25
112.5 9.55885e-25
113 9.5205e-25
113.5 9.48216e-25
114 9.44382e-25
114.5 9.40548e-25
115 9.36714e-25
115.5 9.3288e-25
116 9.29046e-25
116.5 9.25212e-25
117 9.21378e-25
117.5 9.17544e-25
118 9.13709e-25
118.5 9.09875e-25
119 9.06041e-25
119.5 9.02207e-25
120 8.98373e-25
120.5 8.94901e-25
121 8.9143e-25
121.5 8.87958e-25
122 8.84486e-25
122.5 8.81014e-25
123 8.77543e-25
123.5 8.74071e-25
124 8.70599e-25
124.5 8.67128e-25
125 8.63656e-25
125.5 8.60184e-25
126 8.56713e-25
126.5 8.53241e-25
127 8.49769e-25
127.5 8.46298e-25
128 8.42826e-25
128.5 8.39354e-25
129 8.35882e-25
129.5 8.32411e-25
130 8.28939e-25
