0.9 130 82
82
0.9 0
1 3.03079e-27
1.5 8.6843e-27
2 1.90262e-26
2.5 3.58976e-26
3 6.16375e-26
3.5 9.93063e-26
4 1.53003e-25
4.5 2.28301e-25
5 3.32758e-25
5.5 4.76287e-25
6 6.7077e-25
6.5 9.28694e-25
7 1.26496e-24
7.5 1.71197e-24
8 2.34673e-24
8.5 3.31784e-24
9 4.87753e-24
9.5 7.28057e-24
10 1.01549e-23
10.5 1.34176e-23
11 1.86881e-23
11.5 2.66951e-23
12 3.48964e-23
12.5 3.75515e-23
13 3.44107e-23
13.5 3.08116e-23
14 2.96155e-23
14.5 3.08495e-23
15 3.31188e-23
15.5 3.42149e-23
16 3.26196e-23
16.5 2.88276e-23
17 2.43521e-23
17.5 2.02477e-23
18 1.68679e-23
18.5 1.41973e-23
19 1.21077e-23
19.5 1.0465e-23
20 9.15939e-24
21 7.22223e-24
22 5.89556e-24
23 4.94421e-24
24 4.23583e-24
25 3.6922e-24
26 3.26488e-24
27 2.92256e-24
28 2.64423e-24
29 2.4153e-24
30 2.22532e-24
32 1.93342e-24
34 1.72658e-24
36 1.57911e-24
38 1.47414e-24
40 1.40002e-24
42 1.34841e-24
44 1.31322e-24
46 1.28991e-24
48 1.27513e-24
50 1.26633e-24
52 1.26164e-24
54 1.25963e-24
56 1.25924e-24
58 1.25969e-24
60 1.26039e-24
62 1.26092e-24
64 1.26098e-24
66 1.26034e-24
68 1.25887e-24
70 1.25645e-24
72 1.25305e-24
74 1.24863e-24
76 1.24319e-24
78 1.23675e-24
80 1.22933e-24
85 1.20682e-24
90 1.17928e-24
95 1.14765e-24
100 1.1129e-24
110 1.03795e-24
120 9.61939e-25
130 8.91771e-25
