0.9 130 82
82
0.9 0
1 3.94502e-27
1.5 1.13306e-26
2 2.48758e-26
2.5 4.70258e-26
3 8.0893e-26
3.5 1.30546e-25
4 2.01387e-25
4.5 3.00581e-25
5 4.37275e-25
5.5 6.21924e-25
6 8.64021e-25
6.5 1.17094e-24
7 1.557e-24
7.5 2.06148e-24
8 2.75533e-24
8.5 3.73913e-24
9 5.15202e-24
9.5 7.19045e-24
10 1.0124e-23
10.5 1.4297e-23
11 2.00703e-23
11.5 2.75095e-23
12 3.58259e-23
12.5 4.37591e-23
13 5.13606e-23
13.5 5.83575e-23
14 5.88091e-23
14.5 4.96813e-23
15 3.81605e-23
15.5 2.90612e-23
16 2.26885e-23
16.5 1.82576e-23
17 1.50988e-23
17.5 1.27756e-23
18 1.10159e-23
18.5 9.64801e-24
19 8.56057e-24
19.5 7.67935e-24
20 6.9533e-24
21 5.79776e-24
22 4.94897e-24
23 4.30287e-24
24 3.79742e-24
25 3.39365e-24
26 3.06594e-24
27 2.79681e-24
28 2.57394e-24
29 2.38831e-24
30 2.23318e-24
32 1.99466e-24
34 1.82812e-24
36 1.7133e-24
38 1.63592e-24
40 1.58557e-24
42 1.55459e-24
44 1.5373e-24
46 1.52948e-24
48 1.52799e-24
50 1.53053e-24
52 1.5354e-24
54 1.54135e-24
56 1.54749e-24
58 1.55317e-24
60 1.55792e-24
62 1.56144e-24
64 1.56351e-24
66 1.56401e-24
68 1.56287e-24
70 1.56007e-24
72 1.55561e-24
74 1.54954e-24
76 1.54189e-24
78 1.53274e-24
80 1.52217e-24
85 1.49004e-24
90 1.45089e-24
95 1.40614e-24
100 1.35722e-24
110 1.25218e-24
120 1.14574e-24
130 1.04658e-24
