6 130 249
249
6 0
6.5 3.702e-25
7 5.61276e-25
7.5 1.06557e-24
8 1.56986e-24
8.5 2.73536e-24
9 3.90086e-24
9.5 6.20958e-24
10 8.5183e-24
10.5 1.21101e-23
11 1.5702e-23
11.5 1.93474e-23
12 2.29928e-23
12.5 2.46971e-23
13 2.64014e-23
13.5 2.61164e-23
14 2.58314e-23
14.5 2.47389e-23
15 2.36465e-23
15.5 2.19017e-23
16 2.01568e-23
16.5 1.8132e-23
17 1.61071e-23
17.5 1.44035e-23
18 1.26999e-23
18.5 1.14175e-23
19 1.01351e-23
19.5 9.18515e-24
20 8.23522e-24
20.5 7.52648e-24
21 6.81775e-24
21.5 6.28305e-24
22 5.74836e-24
22.5 5.34064e-24
23 4.93292e-24
23.5 4.61904e-24
24 4.30515e-24
24.5 4.06136e-24
25 3.81757e-24
25.5 3.62657e-24
26 3.43558e-24
26.5 3.28457e-24
27 3.13356e-24
27.5 3.01295e-24
28 2.89233e-24
28.5 2.79489e-24
29 2.69744e-24
29.5 2.61771e-24
30 2.53798e-24
30.5 2.47186e-24
31 2.40575e-24
31.5 2.35018e-24
32 2.29461e-24
32.5 2.24731e-24
33 2.2e-24
33.5 2.15926e-24
34 2.11851e-24
34.5 2.08307e-24
35 2.04763e-24
35.5 2.01654e-24
36 1.98546e-24
36.5 1.95801e-24
37 1.93057e-24
37.5 1.90622e-24
38 1.88187e-24
38.5 1.86018e-24
39 1.83849e-24
39.5 1.81911e-24
40 1.79973e-24
40.5 1.78237e-24
41 1.76501e-24
41.5 1.74942e-24
42 1.73383e-24
42.5 1.71979e-24
43 1.70576e-24
43.5 1.6931e-24
44 1.68044e-24
44.5 1.66898e-24
45 1.65753e-24
45.5 1.64713e-24
46 1.63674e-24
46.5 1.62727e-24
47 1.6178e-24
47.5 1.60915e-24
48 1.60049e-24
48.5 1.59254e-24
49 1.58458e-24
49.5 1.57724e-24
50 1.5699e-24
50.5 1.56308e-24
51 1.55626e-24
51.5 1.5499e-24
52 1.54353e-24
52.5 1.53755e-24
53 1.53157e-24
53.5 1.52592e-24
54 1.52027e-24
54.5 1.51489e-24
55 1.50951e-24
55.5 1.50436e-24
56 1.49922e-24
56.5 1.49426e-24
57 1.4893e-24
57.5 1.4845e-24
58 1.4797e-24
58.5 1.47503e-24
59 1.47036e-24
59.5 1.46579e-24
60 1.46122e-24
60.5 1.45673e-24
61 1.45224e-24
61.5 1.44782e-24
62 1.44339e-24
62.5 1.43901e-24
63 1.43463e-24
63.5 1.43028e-24
64 1.42593e-24
64.5 1.42161e-24
65 1.41729e-24
65.5 1.41298e-24
66 1.40867e-24
66.5 1.40437e-24
67 1.40007e-24
67.5 1.39577e-24
68 1.39147e-24
68.5 1.38717e-24
69 1.38287e-24
69.5 1.37857e-24
70 1.37426e-24
70.5 1.36995e-24
71 1.36564e-24
71.5 1.36132e-24
72 1.35701e-24
72.5 1.35268e-24
73 1.34835e-24
73.5 1.34402e-24
74 1.33969e-24
74.5 1.33535e-24
75 1.33101e-24
75.5 1.32667e-24
76 1.32232e-24
76.5 1.31797e-24
77 1.31362e-24
77.5 1.30927e-24
78 1.30492e-24
78.5 1.30057e-24
79 1.29622e-24
79.5 1.29188e-24
80 1.28753e-24
80.5 1.28319e-24
81 1.27885e-24
81.5 1.27452e-24
82 1.27018e-24
82.5 1.26586e-24
83 1.26154e-24
83.5 1.25724e-24
84 1.25293e-24
84.5 1.24864e-24
85 1.24435e-24
85.5 1.24008e-24
86 1.23582e-24
86.5 1.23157e-24
87 1.22733e-24
87.5 1.22312e-24
88 1.2189e-24
88.5 1.21472e-24
89 1.21054e-24
89.5 1.20639e-24
90 1.20225e-24
90.5 1.19814e-24
91 1.19403e-24
91.5 1.18997e-24
92 1.18591e-24
92.5 1.1819e-24
93 1.17789e-24
93.5 1.17393e-24
94 1.16997e-24
94.5 1.16607e-24
95 1.16217e-24
95.5 1.15833e-24
96 1.1545e-24
96.5 1.15073e-24
97 1.14696e-24
97.5 1.14327e-24
98 1.13958e-24
98.5 1.13597e-24
99 1.13237e-24
99.5 1.12885e-24
100 1.12533e-24
100.5 1.1219e-24
101 1.11848e-24
101.5 1.11516e-24
102 1.11184e-24
102.5 1.10864e-24
103 1.10543e-24
103.5 1.10234e-24
104 1.09926e-24
104.5 1.0963e-24
105 1.09335e-24
105.5 1.09054e-24
106 1.07532e-24
106.5 1.07342e-24
107 1.07154e-24
107.5 1.06966e-24
108 1.06779e-24
108.5 1.06592e-24
109 1.06411e-24
109.5 1.06291e-24
110 1.06171e-24
110.5 1.06052e-24
111 1.05933e-24
111.5 1.05815e-24
112 1.05697e-24
112.5 1.05663e-24
113 1.05631e-24
113.5 1.056e-24
114 1.05569e-24
114.5 1.05537e-24
115 1.05506e-24
115.5 1.05553e-24
116 1.05633e-24
116.5 1.05713e-24
117 1.05793e-24
117.5 1.05872e-24
118 1.05951e-24
118.5 1.06065e-24
119 1.06285e-24
119.5 1.06503e-24
120 1.06721e-24
120.5 1.06938e-24
121 1.07154e-24
121.5 1.0737e-24
122 1.07693e-24
122.5 1.0808e-24
123 1.08467e-24
123.5 1.08852e-24
124 1.09235e-24
124.5 1.09616e-24
125 1.09997e-24
125.5 1.10544e-24
126 1.11129e-24
126.5 1.11712e-24
127 1.12293e-24
127.5 1.12871e-24
128 1.13447e-24
128.5 1.14021e-24
129 1.14785e-24
129.5 1.15592e-24
130 1.16397e-24
