0.9 130 82
82
0.9 0
1 2.6464e-27
1.5 7.63744e-27
2 1.67843e-26
2.5 3.16789e-26
3 5.42987e-26
3.5 8.71742e-26
4 1.33625e-25
4.5 1.98095e-25
5 2.86588e-25
5.5 4.0714e-25
6 5.69962e-25
6.5 7.8643e-25
7 1.06664e-24
7.5 1.41989e-24
8 1.86471e-24
8.5 2.43329e-24
9 3.14558e-24
9.5 3.98525e-24
10 4.95152e-24
10.5 6.14466e-24
11 7.74893e-24
11.5 9.96899e-24
12 1.3015e-23
12.5 1.70765e-23
13 2.21651e-23
13.5 2.77769e-23
14 3.26217e-23
14.5 3.50716e-23
15 3.44106e-23
15.5 3.13965e-23
16 2.73907e-23
16.5 2.34048e-23
17 1.99002e-23
17.5 1.6985e-23
18 1.46132e-23
18.5 1.26934e-23
19 1.11344e-23
19.5 9.85899e-24
20 8.80573e-24
21 7.16377e-24
22 5.97485e-24
23 5.08394e-24
24 4.39657e-24
25 3.85321e-24
26 3.41506e-24
27 3.05601e-24
28 2.75802e-24
29 2.50821e-24
30 2.29721e-24
32 1.96515e-24
34 1.7226e-24
36 1.54459e-24
38 1.41407e-24
40 1.31881e-24
42 1.2498e-24
44 1.20027e-24
46 1.16513e-24
48 1.14052e-24
50 1.12355e-24
52 1.11204e-24
54 1.10432e-24
56 1.09916e-24
58 1.09564e-24
60 1.09306e-24
62 1.09092e-24
64 1.08882e-24
66 1.0865e-24
68 1.08376e-24
70 1.08046e-24
72 1.07651e-24
74 1.07186e-24
76 1.06647e-24
78 1.06033e-24
80 1.05345e-24
85 1.03318e-24
90 1.00893e-24
95 9.81399e-25
100 9.5135e-25
110 8.86868e-25
120 8.21691e-25
130 7.6162e-25
