0.5 130 260
260
0.5 0
1 1.19761e-27
1.5 3.36748e-27
2 7.2515e-27
2.5 1.3444e-26
3 2.26515e-26
3.5 3.5735e-26
4 5.37673e-26
4.5 7.81147e-26
5 1.10551e-25
5.5 1.53414e-25
6 2.09801e-25
6.5 2.83725e-25
7 3.7999e-25
7.5 5.03155e-25
8 6.54896e-25
8.5 8.31973e-25
9 1.03237e-24
9.5 1.26839e-24
10 1.56809e-24
10.5 1.96618e-24
11 2.50138e-24
11.5 3.22079e-24
12 4.18416e-24
12.5 5.46299e-24
13 7.12741e-24
13.5 9.20778e-24
14 1.16215e-23
14.5 1.41084e-23
15 1.63011e-23
15.5 1.79259e-23
16 1.88529e-23
16.5 1.89908e-23
17 1.83181e-23
17.5 1.69918e-23
18 1.53043e-23
18.5 1.35382e-23
19 1.18776e-23
19.5 1.04068e-23
20 9.14491e-24
20.5 8.15509e-24
21 7.16527e-24
21.5 6.4622e-24
22 5.75913e-24
22.5 5.25082e-24
23 4.74252e-24
23.5 4.36534e-24
24 3.98816e-24
24.5 3.70083e-24
25 3.4135e-24
25.5 3.18934e-24
26 2.96518e-24
26.5 2.78666e-24
27 2.60814e-24
27.5 2.46349e-24
28 2.31884e-24
28.5 2.19995e-24
29 2.08105e-24
29.5 1.98218e-24
30 1.88332e-24
30.5 1.80675e-24
31 1.73019e-24
31.5 1.65362e-24
32 1.57706e-24
32.5 1.52178e-24
33 1.4665e-24
33.5 1.41123e-24
34 1.35595e-24
34.5 1.31544e-24
35 1.27493e-24
35.5 1.23443e-24
36 1.19392e-24
36.5 1.16402e-24
37 1.13412e-24
37.5 1.10421e-24
38 1.07431e-24
38.5 1.05219e-24
39 1.03006e-24
39.5 1.00794e-24
40 9.85811e-25
40.5 9.6945e-25
41 9.53089e-25
41.5 9.36728e-25
42 9.20367e-25
42.5 9.08299e-25
43 8.96231e-25
43.5 8.84164e-25
44 8.72096e-25
44.5 8.63226e-25
45 8.54357e-25
45.5 8.45487e-25
46 8.36618e-25
46.5 8.30124e-25
47 8.2363e-25
47.5 8.17136e-25
48 8.10642e-25
48.5 8.05904e-25
49 8.01165e-25
49.5 7.96426e-25
50 7.91687e-25
50.5 7.88234e-25
51 7.8478e-25
51.5 7.81327e-25
52 7.77873e-25
52.5 7.7535e-25
53 7.72827e-25
53.5 7.70304e-25
54 7.67781e-25
54.5 7.6592e-25
55 7.64058e-25
55.5 7.62197e-25
56 7.60335e-25
56.5 7.58932e-25
57 7.57529e-25
57.5 7.56125e-25
58 7.54722e-25
58.5 7.53624e-25
59 7.52526e-25
59.5 7.51427e-25
60 7.50329e-25
60.5 7.4942e-25
61 7.48511e-25
61.5 7.47603e-25
62 7.46694e-25
62.5 7.45888e-25
63 7.45082e-25
63.5 7.44276e-25
64 7.43471e-25
64.5 7.42703e-25
65 7.41936e-25
65.5 7.41169e-25
66 7.40402e-25
66.5 7.39625e-25
67 7.38849e-25
67.5 7.38073e-25
68 7.37297e-25
68.5 7.36477e-25
69 7.35658e-25
69.5 7.34838e-25
70 7.34019e-25
70.5 7.33131e-25
71 7.32244e-25
71.5 7.31356e-25
72 7.30468e-25
72.5 7.29496e-25
73 7.28524e-25
73.5 7.27552e-25
74 7.26579e-25
74.5 7.25511e-25
75 7.24444e-25
75.5 7.23376e-25
76 7.22308e-25
76.5 7.21138e-25
77 7.19968e-25
77.5 7.18798e-25
78 7.17628e-25
78.5 7.16354e-25
79 7.15079e-25
79.5 7.13805e-25
80 7.1253e-25
80.5 7.11075e-25
81 7.09619e-25
81.5 7.08163e-25
82 7.06708e-25
82.5 7.05252e-25
83 7.03796e-25
83.5 7.0234e-25
84 7.00885e-25
84.5 6.99429e-25
85 6.97973e-25
85.5 6.96278e-25
86 6.94582e-25
86.5 6.92886e-25
87 6.9119e-25
87.5 6.89494e-25
88 6.87798e-25
88.5 6.86103e-25
89 6.84407e-25
89.5 6.82711e-25
90 6.81015e-25
90.5 6.79116e-25
91 6.77218e-25
91.5 6.75319e-25
92 6.7342e-25
92.5 6.71521e-25
93 6.69623e-25
93.5 6.67724e-25
94 6.65825e-25
94.5 6.63926e-25
95 6.62028e-25
95.5 6.59972e-25
96 6.57916e-25
96.5 6.5586e-25
97 6.53805e-25
97.5 6.51749e-25
98 6.49693e-25
98.5 6.47637e-25
99 6.45581e-25
99.5 6.43526e-25
100 6.4147e-25
100.5 6.39278e-25
101 6.37087e-25
101.5 6.34895e-25
102 6.32704e-25
102.5 6.30512e-25
103 6.2832e-25
103.5 6.26129e-25
104 6.23937e-25
104.5 6.21745e-25
105 6.19554e-25
105.5 6.17362e-25
106 6.15171e-25
106.5 6.12979e-25
107 6.10787e-25
107.5 6.08596e-25
108 6.06404e-25
108.5 6.04213e-25
109 6.02021e-25
109.5 5.9983e-25
110 5.97638e-25
110.5 5.95432e-25
111 5.93226e-25
111.5 5.9102e-25
112 5.88814e-25
112.5 5.86608e-25
113 5.84402e-25
113.5 5.82196e-25
114 5.79991e-25
114.5 5.77785e-25
115 5.75579e-25
115.5 5.73373e-25
116 5.71167e-25
116.5 5.68961e-25
117 5.66755e-25
117.5 5.64549e-25
118 5.62343e-25
118.5 5.60137e-25
119 5.57931e-25
119.5 5.55726e-25
120 5.5352e-25
120.5 5.5149e-25
121 5.49461e-25
121.5 5.47432e-25
122 5.45403e-25
122.5 5.43374e-25
123 5.41344e-25
123.5 5.39315e-25
124 5.37286e-25
124.5 5.35257e-25
125 5.33227e-25
125.5 5.31198e-25
126 5.29169e-25
126.5 5.2714e-25
127 5.25111e-25
127.5 5.23081e-25
128 5.21052e-25
128.5 5.19023e-25
129 5.16994e-25
129.5 5.14964e-25
130 5.12935e-25
