0.9 130 82
82
0.9 0
1 2.65919e-27
1.5 7.6699e-27
2 1.6854e-26
2.5 3.18181e-26
3 5.45657e-26
3.5 8.76692e-26
4 1.34515e-25
4.5 1.99645e-25
5 2.89207e-25
5.5 4.11434e-25
6 5.76786e-25
6.5 7.96965e-25
7 1.08277e-24
7.5 1.44608e-24
8 1.91433e-24
8.5 2.54561e-24
9 3.42082e-24
9.5 4.61119e-24
10 6.11881e-24
10.5 7.83945e-24
11 9.71219e-24
11.5 1.19566e-23
12 1.49605e-23
12.5 1.88359e-23
13 2.29565e-23
13.5 2.62526e-23
14 2.85124e-23
14.5 3.03021e-23
15 3.1584e-23
15.5 3.16234e-23
16 2.99879e-23
16.5 2.70694e-23
17 2.36529e-23
17.5 2.03517e-23
18 1.74558e-23
18.5 1.50312e-23
19 1.30401e-23
19.5 1.14129e-23
20 1.00791e-23
21 8.03849e-24
22 6.59637e-24
23 5.54027e-24
24 4.74189e-24
25 4.12184e-24
26 3.62937e-24
27 3.23101e-24
28 2.90397e-24
29 2.63227e-24
30 2.40445e-24
32 2.04861e-24
34 1.79017e-24
36 1.60066e-24
38 1.46129e-24
40 1.35894e-24
42 1.28412e-24
44 1.22979e-24
46 1.19067e-24
48 1.16276e-24
50 1.14306e-24
52 1.12927e-24
54 1.11968e-24
56 1.11296e-24
58 1.10815e-24
60 1.1045e-24
62 1.10145e-24
64 1.0986e-24
66 1.09564e-24
68 1.09236e-24
70 1.0886e-24
72 1.08425e-24
74 1.07925e-24
76 1.07355e-24
78 1.06715e-24
80 1.06004e-24
85 1.03927e-24
90 1.01463e-24
95 9.86768e-25
100 9.5643e-25
110 8.91451e-25
120 8.25853e-25
130 7.65428e-25
