0.9 130 82
82
0.9 0
1 1.26134e-27
1.5 3.56056e-27
2 7.68918e-27
2.5 1.42882e-26
3 2.41219e-26
3.5 3.81253e-26
4 5.74679e-26
4.5 8.36442e-26
5 1.18601e-25
5.5 1.64903e-25
6 2.25926e-25
6.5 3.05947e-25
7 4.09785e-25
7.5 5.41285e-25
8 7.0073e-25
8.5 8.85606e-25
9 1.10044e-24
9.5 1.36565e-24
10 1.71285e-24
10.5 2.17887e-24
11 2.80794e-24
11.5 3.65769e-24
12 4.80406e-24
12.5 6.34211e-24
13 8.37468e-24
13.5 1.09664e-23
14 1.40257e-23
14.5 1.71499e-23
15 1.96765e-23
15.5 2.10935e-23
16 2.13176e-23
16.5 2.0524e-23
17 1.89815e-23
17.5 1.70236e-23
18 1.49707e-23
18.5 1.30426e-23
19 1.13433e-23
19.5 9.89649e-24
20 8.68451e-24
21 6.81541e-24
22 5.50079e-24
23 4.5517e-24
24 3.84615e-24
25 3.3071e-24
26 2.88529e-24
27 2.54846e-24
28 2.27493e-24
29 2.04974e-24
30 1.8623e-24
32 1.57188e-24
34 1.36249e-24
36 1.20955e-24
38 1.09723e-24
40 1.01469e-24
42 9.54192e-25
44 9.10066e-25
46 8.78079e-25
48 8.55056e-25
50 8.38601e-25
52 8.26908e-25
54 8.18611e-25
56 8.1268e-25
58 8.08338e-25
60 8.05002e-25
62 8.02235e-25
64 7.99711e-25
66 7.97191e-25
68 7.945e-25
70 7.91512e-25
72 7.88142e-25
74 7.84331e-25
76 7.80046e-25
78 7.75268e-25
80 7.69996e-25
85 7.54711e-25
90 7.3668e-25
95 7.16354e-25
100 6.94262e-25
110 6.47009e-25
120 5.99351e-25
130 5.55468e-25
