0.9 130 82
82
0.9 0
1 1.81034e-27
1.5 5.22613e-27
2 1.14664e-26
2.5 2.15722e-26
3 3.68006e-26
3.5 5.87119e-26
4 8.92867e-26
4.5 1.31088e-25
5 1.87471e-25
5.5 2.628e-25
6 3.62497e-25
6.5 4.92443e-25
7 6.57134e-25
7.5 8.58044e-25
8 1.09824e-24
8.5 1.3936e-24
9 1.77618e-24
9.5 2.28832e-24
10 2.98198e-24
10.5 3.92475e-24
11 5.20776e-24
11.5 6.95346e-24
12 9.32395e-24
12.5 1.25189e-23
13 1.6712e-23
13.5 2.18367e-23
14 2.72132e-23
14.5 3.13767e-23
15 3.28169e-23
15.5 3.12796e-23
16 2.78684e-23
16.5 2.39138e-23
17 2.02237e-23
17.5 1.7092e-23
18 1.45397e-23
18.5 1.24881e-23
19 1.08396e-23
19.5 9.50676e-24
20 8.41927e-24
21 6.7542e-24
22 5.57287e-24
23 4.70285e-24
24 4.04135e-24
25 3.52485e-24
26 3.11267e-24
27 2.77788e-24
28 2.50208e-24
29 2.27233e-24
30 2.0793e-24
32 1.77742e-24
34 1.55835e-24
36 1.39833e-24
38 1.28143e-24
40 1.19637e-24
42 1.13492e-24
44 1.09096e-24
46 1.05987e-24
48 1.03821e-24
50 1.02336e-24
52 1.01336e-24
54 1.00674e-24
56 1.00237e-24
58 9.99437e-25
60 9.97316e-25
62 9.95549e-25
64 9.93797e-25
66 9.91815e-25
68 9.89426e-25
70 9.8651e-25
72 9.82985e-25
74 9.78802e-25
76 9.73937e-25
78 9.68383e-25
80 9.62147e-25
85 9.43713e-25
90 9.21626e-25
95 8.9652e-25
100 8.69101e-25
110 8.10235e-25
120 7.50714e-25
130 6.95847e-25
