7.5 130 246
246
7.5 0
8 2.51499e-24
8.5 4.38971e-24
9 6.26442e-24
9.5 9.94027e-24
10 1.36161e-23
10.5 1.9283e-23
11 2.49498e-23
11.5 3.18862e-23
12 3.88225e-23
12.5 4.71545e-23
13 5.54865e-23
13.5 5.94002e-23
14 6.33139e-23
14.5 5.75646e-23
15 5.18153e-23
15.5 4.44089e-23
16 3.70024e-23
16.5 3.16411e-23
17 2.62799e-23
17.5 2.27191e-23
18 1.91583e-23
18.5 1.6777e-23
19 1.43957e-23
19.5 1.27664e-23
20 1.11372e-23
20.5 9.99604e-24
21 8.85487e-24
21.5 8.0386e-24
22 7.22233e-24
22.5 6.62777e-24
23 6.03322e-24
23.5 5.59338e-24
24 5.15354e-24
24.5 4.82372e-24
25 4.49389e-24
25.5 4.2435e-24
26 3.9931e-24
26.5 3.80074e-24
27 3.60838e-24
27.5 3.45881e-24
28 3.30925e-24
28.5 3.19146e-24
29 3.07367e-24
29.5 2.97964e-24
30 2.88561e-24
30.5 2.80946e-24
31 2.73332e-24
31.5 2.67075e-24
32 2.60819e-24
32.5 2.55604e-24
33 2.5039e-24
33.5 2.45986e-24
34 2.41582e-24
34.5 2.37817e-24
35 2.34053e-24
35.5 2.30801e-24
36 2.2755e-24
36.5 2.24716e-24
37 2.21882e-24
37.5 2.19394e-24
38 2.16906e-24
38.5 2.14707e-24
39 2.12508e-24
39.5 2.10554e-24
40 2.086e-24
40.5 2.06854e-24
41 2.05109e-24
41.5 2.03542e-24
42 2.01976e-24
42.5 2.00563e-24
43 1.9915e-24
43.5 1.97869e-24
44 1.96589e-24
44.5 1.95422e-24
45 1.94255e-24
45.5 1.93186e-24
46 1.92117e-24
46.5 1.91131e-24
47 1.90146e-24
47.5 1.89232e-24
48 1.88318e-24
48.5 1.87465e-24
49 1.86611e-24
49.5 1.8581e-24
50 1.85008e-24
50.5 1.84249e-24
51 1.83491e-24
51.5 1.82769e-24
52 1.82047e-24
52.5 1.81354e-24
53 1.80662e-24
53.5 1.79995e-24
54 1.79328e-24
54.5 1.7868e-24
55 1.78033e-24
55.5 1.77403e-24
56 1.76772e-24
56.5 1.76154e-24
57 1.75537e-24
57.5 1.74929e-24
58 1.74322e-24
58.5 1.73723e-24
59 1.73123e-24
59.5 1.7253e-24
60 1.71937e-24
60.5 1.71348e-24
61 1.70759e-24
61.5 1.70174e-24
62 1.69588e-24
62.5 1.69005e-24
63 1.68422e-24
63.5 1.6784e-24
64 1.67258e-24
64.5 1.66677e-24
65 1.66096e-24
65.5 1.65516e-24
66 1.64936e-24
66.5 1.64355e-24
67 1.63775e-24
67.5 1.63195e-24
68 1.62615e-24
68.5 1.62035e-24
69 1.61455e-24
69.5 1.60874e-24
70 1.60294e-24
70.5 1.59714e-24
71 1.59134e-24
71.5 1.58554e-24
72 1.57975e-24
72.5 1.57395e-24
73 1.56816e-24
73.5 1.56237e-24
74 1.55659e-24
74.5 1.55081e-24
75 1.54504e-24
75.5 1.53927e-24
76 1.53351e-24
76.5 1.52776e-24
77 1.52201e-24
77.5 1.51629e-24
78 1.51056e-24
78.5 1.50485e-24
79 1.49915e-24
79.5 1.49347e-24
80 1.48779e-24
80.5 1.48214e-24
81 1.47649e-24
81.5 1.47087e-24
82 1.46526e-24
82.5 1.45968e-24
83 1.4541e-24
83.5 1.44857e-24
84 1.44303e-24
84.5 1.43754e-24
85 1.43205e-24
85.5 1.42661e-24
86 1.42117e-24
86.5 1.41578e-24
87 1.4104e-24
87.5 1.40507e-24
88 1.39974e-24
88.5 1.39448e-24
89 1.38921e-24
89.5 1.38402e-24
90 1.37882e-24
90.5 1.3737e-24
91 1.36857e-24
91.5 1.36353e-24
92 1.35848e-24
92.5 1.35352e-24
93 1.34856e-24
93.5 1.34369e-24
94 1.33882e-24
94.5 1.33404e-24
95 1.32927e-24
95.5 1.3246e-24
96 1.31993e-24
96.5 1.31537e-24
97 1.31081e-24
97.5 1.30637e-24
98 1.30192e-24
98.5 1.29761e-24
99 1.29329e-24
99.5 1.28911e-24
100 1.28494e-24
100.5 1.2809e-24
101 1.27687e-24
101.5 1.27299e-24
102 1.26912e-24
102.5 1.26541e-24
103 1.2617e-24
103.5 1.25817e-24
104 1.25464e-24
104.5 1.2513e-24
105 1.24796e-24
105.5 1.24483e-24
106 1.23575e-24
106.5 1.23359e-24
107 1.23145e-24
107.5 1.22931e-24
108 1.22718e-24
108.5 1.22507e-24
109 1.22302e-24
109.5 1.22178e-24
110 1.22056e-24
110.5 1.21934e-24
111 1.21812e-24
111.5 1.21691e-24
112 1.21571e-24
112.5 1.2156e-24
113 1.21554e-24
113.5 1.21548e-24
114 1.21542e-24
114.5 1.21536e-24
115 1.2153e-24
115.5 1.21626e-24
116 1.21766e-24
116.5 1.21906e-24
117 1.22045e-24
117.5 1.22183e-24
118 1.22321e-24
118.5 1.22504e-24
119 1.22824e-24
119.5 1.23143e-24
120 1.23461e-24
120.5 1.23778e-24
121 1.24093e-24
121.5 1.24407e-24
122 1.2486e-24
122.5 1.25396e-24
123 1.25929e-24
123.5 1.26461e-24
124 1.2699e-24
124.5 1.27517e-24
125 1.28042e-24
125.5 1.28779e-24
126 1.29564e-24
126.5 1.30346e-24
127 1.31124e-24
127.5 1.319e-24
128 1.32672e-24
128.5 1.33441e-24
129 1.34447e-24
129.5 1.35507e-24
130 1.36563e-24
