1 130 81
81
1 0
1.5 3.5626e-28
2 2.60783e-27
2.5 8.25843e-27
3 1.82431e-26
3.5 3.35362e-26
4 5.56358e-26
4.5 8.84585e-26
5 1.36662e-25
5.5 2.02805e-25
6 2.88013e-25
6.5 3.93852e-25
7 5.23576e-25
7.5 6.80874e-25
8 8.65224e-25
8.5 1.10235e-24
9 1.2993e-24
9.5 1.49509e-24
10 1.71622e-24
10.5 1.99565e-24
11 2.36261e-24
11.5 2.84498e-24
12 3.47547e-24
12.5 4.29591e-24
13 5.35847e-24
13.5 6.72106e-24
14 8.4296e-24
14.5 1.04749e-23
15 1.27155e-23
15.5 1.48004e-23
16 1.62079e-23
16.5 1.65116e-23
17 1.56905e-23
17.5 1.4121e-23
18 1.22765e-23
18.5 1.04914e-23
19 8.92219e-24
19.5 7.60779e-24
20 6.53098e-24
21 4.92898e-24
22 3.8577e-24
23 3.12174e-24
24 2.60053e-24
25 2.22082e-24
26 1.93727e-24
27 1.72101e-24
28 1.55309e-24
29 1.42074e-24
30 1.31506e-24
32 1.16028e-24
34 1.05605e-24
36 9.8404e-25
38 9.33306e-25
40 8.9701e-25
42 8.70701e-25
44 8.51386e-25
46 8.37002e-25
48 8.26096e-25
50 8.17624e-25
52 8.10828e-25
54 8.05153e-25
56 8.00187e-25
58 7.95623e-25
60 7.91234e-25
62 7.86852e-25
64 7.82353e-25
66 7.77646e-25
68 7.72668e-25
70 7.67376e-25
72 7.61741e-25
74 7.55748e-25
76 7.49393e-25
78 7.42677e-25
80 7.35609e-25
85 7.16493e-25
90 6.95559e-25
95 6.73181e-25
100 6.49776e-25
110 6.01614e-25
120 5.5453e-25
130 5.11841e-25
