7.996 130 108
108
7.996 0
8 1.1081e-28
8.5 2.0721e-28
9 3.3324e-28
9.5 0
10 0
10.5 0
11 3.0576e-27
11.5 3.8147e-27
12 4.661e-27
12.5 0
13 0
13.5 0
14 0
14.5 0
14.75 0
15 0
15.5 0
15.721 0
16 0
16.5 1.8663e-26
16.713 2.8844e-26
16.904 3.7973e-26
17 4.2561e-26
17.191 8.3603e-26
17.5 1.5e-25
17.707 1.5e-25
17.887 1.5e-25
18 1.5e-25
18.5 1.4e-25
18.941 1.3867e-25
19 1.3931e-25
19.185 1.6547e-25
19.25 1.7465e-25
19.5 2.1e-25
19.898 2.7982e-25
20 2.9771e-25
20.588 5.1353e-25
21 8.0916e-25
21.203 1.054e-24
21.278 1.1445e-24
21.352 1.2337e-24
21.414 1.3085e-24
22 1.8015e-24
22.189 1.8939e-24
22.5 2.0458e-24
23 2.05e-24
23.004 2.0488e-24
23.077 2.0269e-24
23.37 1.939e-24
23.408 1.9276e-24
23.979 1.7166e-24
24 1.7086e-24
24.189 1.5352e-24
24.5 1.25e-24
24.75 1.1568e-24
25 1.0636e-24
25.25 1.1262e-24
25.458 1.1782e-24
25.5 1.1888e-24
25.75 1.1994e-24
26 1.21e-24
26.25 1.1083e-24
26.406 1.044e-24
26.587 9.8196e-25
26.712 9.4871e-25
27 8.7134e-25
27.5 7.8623e-25
27.69 7.6599e-25
27.981 7.3652e-25
28 7.3453e-25
28.5 7.0444e-25
29 7.3209e-25
29.5 7.0483e-25
30 7.0399e-25
31 6.7995e-25
32 6.5295e-25
33 6.2265e-25
34 5.9212e-25
35 5.5929e-25
36 5.2121e-25
37 4.828e-25
38 4.483e-25
39 4.1776e-25
40 3.8723e-25
41 3.721e-25
42 3.5685e-25
43 3.4256e-25
44 3.294e-25
45 3.1623e-25
46 3.0492e-25
47 2.936e-25
48 2.8235e-25
49 2.713e-25
50 2.6029e-25
55 1.8378e-25
60 1.5466e-25
65 1.3553e-25
70 1.1427e-25
75 1.4502e-25
80 1.4933e-25
85 1.1542e-25
90 1.5971e-25
95 1.3659e-25
100 9.2341e-26
110 1.1977e-25
120 1.1569e-25
130 1.2032e-25
