0.5 130 260
260
0.5 0
1 3.1471e-30
1.5 1.41897e-27
2 8.57176e-27
2.5 2.44992e-26
3 5.12923e-26
3.5 9.33259e-26
4 1.65566e-25
4.5 3.34591e-25
5 6.96185e-25
5.5 1.25214e-24
6 1.91958e-24
6.5 2.64041e-24
7 3.4047e-24
7.5 4.2998e-24
8 5.37923e-24
8.5 6.69724e-24
9 8.42644e-24
9.5 1.07146e-23
10 1.37878e-23
10.5 1.79505e-23
11 2.36027e-23
11.5 3.12004e-23
12 4.10435e-23
12.5 5.26985e-23
13 6.40767e-23
13.5 7.13165e-23
14 7.12924e-23
14.5 6.47073e-23
15 5.50604e-23
15.5 4.54013e-23
16 3.71245e-23
16.5 3.04923e-23
17 2.53089e-23
17.5 2.12754e-23
18 1.81196e-23
18.5 1.56261e-23
19 1.36331e-23
19.5 1.20213e-23
20 1.07028e-23
20.5 9.68604e-24
21 8.66927e-24
21.5 7.94568e-24
22 7.22208e-24
22.5 6.69039e-24
23 6.15871e-24
23.5 5.75756e-24
24 5.35642e-24
24.5 5.04704e-24
25 4.73766e-24
25.5 4.49464e-24
26 4.25162e-24
26.5 4.05776e-24
27 3.86389e-24
27.5 3.70721e-24
28 3.55052e-24
28.5 3.42247e-24
29 3.29441e-24
29.5 3.18874e-24
30 3.08307e-24
30.5 3.00226e-24
31 2.92144e-24
31.5 2.84062e-24
32 2.75981e-24
32.5 2.70235e-24
33 2.64489e-24
33.5 2.58743e-24
34 2.52997e-24
34.5 2.48821e-24
35 2.44644e-24
35.5 2.40468e-24
36 2.36292e-24
36.5 2.33201e-24
37 2.3011e-24
37.5 2.27019e-24
38 2.23928e-24
38.5 2.21604e-24
39 2.19279e-24
39.5 2.16955e-24
40 2.1463e-24
40.5 2.12856e-24
41 2.11081e-24
41.5 2.09306e-24
42 2.07532e-24
42.5 2.06157e-24
43 2.04782e-24
43.5 2.03407e-24
44 2.02032e-24
44.5 2.00948e-24
45 1.99865e-24
45.5 1.98781e-24
46 1.97698e-24
46.5 1.96828e-24
47 1.95959e-24
47.5 1.95089e-24
48 1.94219e-24
48.5 1.93506e-24
49 1.92793e-24
49.5 1.9208e-24
50 1.91367e-24
50.5 1.90767e-24
51 1.90168e-24
51.5 1.89569e-24
52 1.88969e-24
52.5 1.88451e-24
53 1.87934e-24
53.5 1.87416e-24
54 1.86898e-24
54.5 1.86438e-24
55 1.85978e-24
55.5 1.85517e-24
56 1.85057e-24
56.5 1.84636e-24
57 1.84214e-24
57.5 1.83793e-24
58 1.83371e-24
58.5 1.82975e-24
59 1.82578e-24
59.5 1.82181e-24
60 1.81785e-24
60.5 1.81402e-24
61 1.8102e-24
61.5 1.80637e-24
62 1.80254e-24
62.5 1.79877e-24
63 1.795e-24
63.5 1.79124e-24
64 1.78747e-24
64.5 1.7837e-24
65 1.77993e-24
65.5 1.77616e-24
66 1.77239e-24
66.5 1.76857e-24
67 1.76475e-24
67.5 1.76093e-24
68 1.75711e-24
68.5 1.75321e-24
69 1.7493e-24
69.5 1.7454e-24
70 1.7415e-24
70.5 1.73749e-24
71 1.73348e-24
71.5 1.72948e-24
72 1.72547e-24
72.5 1.72134e-24
73 1.71721e-24
73.5 1.71307e-24
74 1.70894e-24
74.5 1.70468e-24
75 1.70042e-24
75.5 1.69615e-24
76 1.69189e-24
76.5 1.68749e-24
77 1.68309e-24
77.5 1.67868e-24
78 1.67428e-24
78.5 1.66974e-24
79 1.66521e-24
79.5 1.66067e-24
80 1.65613e-24
80.5 1.65136e-24
81 1.64658e-24
81.5 1.64181e-24
82 1.63703e-24
82.5 1.63226e-24
83 1.62749e-24
83.5 1.62271e-24
84 1.61794e-24
84.5 1.61316e-24
85 1.60839e-24
85.5 1.60332e-24
86 1.59825e-24
86.5 1.59317e-24
87 1.5881e-24
87.5 1.58303e-24
88 1.57796e-24
88.5 1.57289e-24
89 1.56781e-24
89.5 1.56274e-24
90 1.55767e-24
90.5 1.55236e-24
91 1.54705e-24
91.5 1.54174e-24
92 1.53643e-24
92.5 1.53112e-24
93 1.52582e-24
93.5 1.52051e-24
94 1.5152e-24
94.5 1.50989e-24
95 1.50458e-24
95.5 1.49911e-24
96 1.49364e-24
96.5 1.48817e-24
97 1.4827e-24
97.5 1.47722e-24
98 1.47175e-24
98.5 1.46628e-24
99 1.46081e-24
99.5 1.45534e-24
100 1.44987e-24
100.5 1.44433e-24
101 1.43878e-24
101.5 1.43324e-24
102 1.42769e-24
102.5 1.42215e-24
103 1.4166e-24
103.5 1.41106e-24
104 1.40551e-24
104.5 1.39997e-24
105 1.39443e-24
105.5 1.38888e-24
106 1.38334e-24
106.5 1.37779e-24
107 1.37225e-24
107.5 1.3667e-24
108 1.36116e-24
108.5 1.35561e-24
109 1.35007e-24
109.5 1.34452e-24
110 1.33898e-24
110.5 1.33362e-24
111 1.32827e-24
111.5 1.32291e-24
112 1.31756e-24
112.5 1.3122e-24
113 1.30684e-24
113.5 1.30149e-24
114 1.29613e-24
114.5 1.29078e-24
115 1.28542e-24
115.5 1.28006e-24
116 1.27471e-24
116.5 1.26935e-24
117 1.264e-24
117.5 1.25864e-24
118 1.25328e-24
118.5 1.24793e-24
119 1.24257e-24
119.5 1.23722e-24
120 1.23186e-24
120.5 1.22703e-24
121 1.2222e-24
121.5 1.21738e-24
122 1.21255e-24
122.5 1.20772e-24
123 1.20289e-24
123.5 1.19807e-24
124 1.19324e-24
124.5 1.18841e-24
125 1.18358e-24
125.5 1.17876e-24
126 1.17393e-24
126.5 1.1691e-24
127 1.16427e-24
127.5 1.15945e-24
128 1.15462e-24
128.5 1.14979e-24
129 1.14497e-24
129.5 1.14014e-24
130 1.13531e-24
