10.96 130 79
79
10.96 0
11 4.99972e-27
11.5 2.79986e-25
11.7 3.1996e-25
12 1.89981e-25
12.4 3.99959e-26
12.7 1.99897e-26
13 1.39978e-25
13.4 2.69979e-25
13.7 1.09987e-25
14 2.39978e-25
14.5 2.89968e-25
15 3.99955e-25
15.5 3.99949e-25
16 2.7996e-25
16.5 4.39933e-25
17 4.89919e-25
17.5 6.89888e-25
18 4.99919e-25
18.5 7.39881e-25
19 9.7984e-25
19.5 1.09982e-24
20 9.89837e-25
20.5 9.39844e-25
21 9.99832e-25
21.5 1.19979e-24
21.7 1.20979e-24
22 1.19978e-24
22.5 1.09979e-24
23 9.99802e-25
23.5 1.04308e-24
24 1.27862e-24
24.5 1.66512e-24
25 2.0508e-24
25.4 2.19945e-24
25.6 2.09948e-24
26 1.69636e-24
26.5 1.29996e-24
27 1.00743e-24
28 6.72768e-25
29 5.05804e-25
30 4.09963e-25
31 3.48432e-25
32 3.05597e-25
33 2.74289e-25
34 2.53668e-25
35 2.37037e-25
36 2.23396e-25
37 2.12064e-25
38 2.02559e-25
39 1.94523e-25
40 1.87666e-25
42 1.7667e-25
44 1.68382e-25
46 1.61984e-25
48 1.56965e-25
50 1.52936e-25
52 1.49636e-25
54 1.46867e-25
56 1.44497e-25
58 1.42418e-25
60 1.40558e-25
62 1.38848e-25
64 1.37228e-25
66 1.35708e-25
68 1.34218e-25
70 1.32739e-25
75 1.29079e-25
80 1.25339e-25
85 1.21459e-25
90 1.17429e-25
95 1.13279e-25
100 1.0905e-25
105 1.0554e-25
110 1.0123e-25
115 9.70197e-26
120 9.29697e-26
125 8.91348e-26
130 8.55748e-26
