0.9 130 82
82
0.9 0
1 1.11866e-27
1.5 3.13944e-27
2 6.75037e-27
2.5 1.24988e-26
3 2.10334e-26
3.5 3.31418e-26
4 4.98019e-26
4.5 7.2254e-26
5 1.02103e-25
5.5 1.41458e-25
6 1.93115e-25
6.5 2.60717e-25
7 3.48724e-25
7.5 4.61627e-25
8 6.01607e-25
8.5 7.65656e-25
9 9.48919e-25
9.5 1.15755e-24
10 1.4143e-24
10.5 1.74955e-24
11 2.19547e-24
11.5 2.7887e-24
12 3.57488e-24
12.5 4.61135e-24
13 5.96603e-24
13.5 7.70913e-24
14 9.88827e-24
14.5 1.2468e-23
15 1.52278e-23
15.5 1.76907e-23
16 1.92448e-23
16.5 1.9499e-23
17 1.85501e-23
17.5 1.68526e-23
18 1.48899e-23
18.5 1.29827e-23
19 1.12808e-23
19.5 9.82524e-24
20 8.60434e-24
21 6.72417e-24
22 5.40423e-24
23 4.4535e-24
24 3.74832e-24
25 3.21063e-24
26 2.79058e-24
27 2.45557e-24
28 2.18376e-24
29 1.96009e-24
30 1.77394e-24
32 1.48546e-24
34 1.27722e-24
36 1.12483e-24
38 1.01261e-24
40 9.29836e-25
42 8.6887e-25
44 8.24108e-25
46 7.9138e-25
48 7.6756e-25
50 7.50295e-25
52 7.37811e-25
54 7.28768e-25
56 7.22156e-25
58 7.17215e-25
60 7.13371e-25
62 7.10196e-25
64 7.07368e-25
66 7.04649e-25
68 7.01864e-25
70 6.98887e-25
72 6.95628e-25
74 6.92028e-25
76 6.88047e-25
78 6.83665e-25
80 6.78872e-25
85 6.65126e-25
90 6.4905e-25
95 6.31013e-25
100 6.11461e-25
110 5.69732e-25
120 5.27703e-25
130 4.89028e-25
