0.9 130 82
82
0.9 0
1 2.70882e-28
1.5 3.65949e-27
2 1.20521e-26
2.5 2.69262e-26
3 5.18941e-26
3.5 9.26589e-26
4 1.55037e-25
4.5 2.44205e-25
5 3.66016e-25
5.5 5.27666e-25
6 7.37171e-25
6.5 1.00101e-24
7 1.31895e-24
7.5 1.80207e-24
8 2.18305e-24
8.5 2.61774e-24
9 3.15705e-24
9.5 3.85887e-24
10 4.78604e-24
10.5 6.01921e-24
11 7.66702e-24
11.5 9.8755e-24
12 1.28261e-23
12.5 1.6698e-23
13 2.154e-23
13.5 2.69865e-23
14 3.19218e-23
14.5 3.46602e-23
15 3.41316e-23
15.5 3.08849e-23
16 2.64288e-23
16.5 2.20029e-23
17 1.81804e-23
17.5 1.50801e-23
18 1.26275e-23
18.5 1.06984e-23
19 9.17545e-24
19.5 7.96332e-24
20 6.98881e-24
21 5.52446e-24
22 4.51544e-24
23 3.79504e-24
24 3.26512e-24
25 2.86552e-24
26 2.55794e-24
27 2.31708e-24
28 2.12576e-24
29 1.97194e-24
30 1.847e-24
32 1.66017e-24
34 1.53141e-24
36 1.44082e-24
38 1.37607e-24
40 1.32919e-24
42 1.29485e-24
44 1.2694e-24
46 1.25026e-24
48 1.23559e-24
50 1.22405e-24
52 1.21466e-24
54 1.20669e-24
56 1.19959e-24
58 1.19297e-24
60 1.18651e-24
62 1.17999e-24
64 1.17324e-24
66 1.16615e-24
68 1.15863e-24
70 1.15062e-24
72 1.14209e-24
74 1.13302e-24
76 1.1234e-24
78 1.11324e-24
80 1.10255e-24
85 1.07369e-24
90 1.04212e-24
95 1.00843e-24
100 9.73225e-25
110 9.00871e-25
120 8.30207e-25
130 7.66171e-25
