1.5 130 80
80
1.5 0
2 8.72791e-29
2.5 1.92701e-27
3 8.91651e-27
3.5 2.83474e-26
4 6.89721e-26
4.5 1.39974e-25
5 2.49465e-25
5.5 4.03199e-25
6 6.05732e-25
6.5 8.604e-25
7 1.16564e-24
7.5 1.51146e-24
8 1.89009e-24
8.5 2.31835e-24
9 2.83882e-24
9.5 3.5035e-24
10 4.49602e-24
10.5 5.63559e-24
11 7.13236e-24
11.5 9.13346e-24
12 1.18137e-23
12.5 1.5364e-23
13 1.99288e-23
13.5 2.53908e-23
14 3.10138e-23
14.5 3.52567e-23
15 3.64861e-23
15.5 3.43797e-23
16 3.01679e-23
16.5 2.54032e-23
17 2.10371e-23
17.5 1.74002e-23
18 1.44936e-23
18.5 1.22033e-23
19 1.03994e-23
19.5 8.96972e-24
20 7.8261e-24
21 6.12401e-24
22 4.96274e-24
23 4.14058e-24
24 3.53997e-24
25 3.08957e-24
26 2.74441e-24
27 2.47505e-24
28 2.26162e-24
29 2.09035e-24
30 1.9514e-24
32 1.74374e-24
34 1.60051e-24
36 1.49947e-24
38 1.42693e-24
40 1.37409e-24
42 1.3351e-24
44 1.30593e-24
46 1.28378e-24
48 1.26663e-24
50 1.25302e-24
52 1.24189e-24
54 1.23242e-24
56 1.22404e-24
58 1.21629e-24
60 1.20884e-24
62 1.20144e-24
64 1.19391e-24
66 1.18611e-24
68 1.17794e-24
70 1.16933e-24
72 1.16025e-24
74 1.15067e-24
76 1.14057e-24
78 1.12996e-24
80 1.11885e-24
85 1.08901e-24
90 1.05658e-24
95 1.02208e-24
100 9.86143e-25
110 9.12461e-25
120 8.40644e-25
130 7.75627e-25
