3.999 130 178
178
3.999 0
4 1.01803e-25
5 2.23362e-25
5.5 3.19261e-25
6 4.49563e-25
6.13103 4.9602e-25
6.21054 5.24211e-25
6.39249 5.88718e-25
6.5 6.26837e-25
6.67005 7.0929e-25
6.791 7.67935e-25
7 8.69274e-25
7.03515 8.92789e-25
7.10818 9.41642e-25
7.15473 9.72785e-25
7.17267 9.84788e-25
7.29 1.06328e-24
7.30751 1.075e-24
7.31817 1.08213e-24
7.32719 1.08816e-24
7.3909 1.13078e-24
7.39454 1.13322e-24
7.39655 1.13456e-24
7.48103 1.19108e-24
7.4895 1.19674e-24
7.5 1.20377e-24
7.50297 1.20654e-24
7.51166 1.21466e-24
7.52203 1.22436e-24
7.53397 1.23551e-24
7.53773 1.23903e-24
7.54503 1.24585e-24
7.57103 1.27015e-24
7.58338 1.28169e-24
7.61245 1.30886e-24
7.6301 1.32535e-24
7.63013 1.32538e-24
8 1.67104e-24
8.13343 1.79574e-24
8.18847 1.71068e-24
8.21333 1.67246e-24
8.24373 1.6284e-24
8.24893 1.62131e-24
8.26173 1.60645e-24
8.29 1.57365e-24
8.30083 1.56108e-24
8.31233 1.55051e-24
8.34123 1.52483e-24
8.35073 1.51812e-24
8.37543 1.50066e-24
8.41403 1.47421e-24
8.43193 1.4664e-24
8.45603 1.45778e-24
8.45743 1.45728e-24
8.47153 1.45524e-24
8.49323 1.45601e-24
8.50463 1.45642e-24
8.51453 1.45702e-24
8.52183 1.45798e-24
8.53943 1.46029e-24
8.54153 1.46102e-24
8.55273 1.46504e-24
8.57243 1.47271e-24
8.57783 1.47481e-24
8.59433 1.48124e-24
8.60313 1.48467e-24
8.61743 1.49025e-24
8.62073 1.4916e-24
8.62883 1.49518e-24
8.63933 1.50003e-24
8.66443 1.51726e-24
8.66943 1.52069e-24
8.67343 1.52436e-24
8.68943 1.53903e-24
8.70443 1.55546e-24
8.72043 1.57756e-24
8.72343 1.58171e-24
8.73493 1.59784e-24
8.7431 1.6094e-24
8.74353 1.61221e-24
9 3.29248e-24
10 6.82181e-24
11 1.4575e-23
11.844 2.38599e-23
11.947 2.4993e-23
12 2.55761e-23
12.2 2.68875e-23
12.4 2.7582e-23
12.6 2.76879e-23
13 2.66895e-23
13.2 2.59444e-23
13.4 2.52485e-23
13.6 2.47147e-23
14 2.44031e-23
14.068 2.45004e-23
14.2 2.46893e-23
14.379 2.52137e-23
14.4 2.52752e-23
14.6 2.61363e-23
14.649 2.64198e-23
14.91 2.79294e-23
15 2.84499e-23
15.2 2.97049e-23
15.4 3.08449e-23
15.6 3.17188e-23
16 3.21863e-23
16.2 3.16776e-23
16.4 3.07165e-23
16.6 2.93988e-23
16.8 2.78405e-23
17 2.66427e-23
17.2 2.50753e-23
17.4 2.35213e-23
17.6 2.20211e-23
17.8 2.06002e-23
18 1.92726e-23
18.2 1.80441e-23
18.204 1.80113e-23
18.4 1.64019e-23
18.6 1.53651e-23
18.8 1.4157e-23
19 1.33062e-23
19.2 1.25357e-23
19.4 1.15828e-23
19.6 1.09561e-23
19.8 1.03872e-23
19.873 1.01982e-23
19.953 9.99113e-24
20 9.86947e-24
20.4 8.95762e-24
20.428 8.90613e-24
20.483 8.805e-24
20.4834 8.80432e-24
20.716 8.37656e-24
21 7.85435e-24
21.4 7.25512e-24
22 6.51064e-24
22.097 6.41006e-24
22.4 6.0959e-24
23 5.73991e-24
23.4 5.44398e-24
23.654 5.2819e-24
24 5.06205e-24
24.4 4.84169e-24
25 4.55315e-24
25.4 4.38447e-24
26 4.16098e-24
26.4 4.02888e-24
27 3.85219e-24
27.4 3.7469e-24
28 3.60489e-24
28.4 3.51956e-24
28.964 3.4107e-24
29 3.40375e-24
29.4 3.33371e-24
30 3.17726e-24
30.4 3.05607e-24
31 2.97332e-24
31.4 2.92254e-24
32 2.85232e-24
33 2.74911e-24
34 2.66035e-24
35 2.58348e-24
36 2.51645e-24
37 2.45766e-24
38 2.40577e-24
39 2.35971e-24
40 2.31858e-24
45 2.16563e-24
50 2.06505e-24
55 1.9899e-24
60 1.92691e-24
70 1.81415e-24
80 1.70429e-24
90 1.59186e-24
100 1.47806e-24
120 1.26037e-24
130 1.1739e-24
