9.9843 130 78
78
9.9843 0
10 3.08028e-27
10.5 3.93304e-26
11 3.39627e-26
11.5 2.28406e-26
12 2.14857e-26
12.5 1.77411e-25
13 4.25136e-25
13.5 2.46061e-25
14 2.9808e-25
14.5 5.97919e-25
15 7.48177e-25
15.5 8.4825e-25
16 6.98647e-25
16.45 1.99624e-25
17.5 1.4977e-24
18 3.59493e-24
18.3 4.39418e-24
18.5 3.19577e-24
18.9 4.84388e-24
19 4.79393e-24
19.5 3.79534e-24
19.8 5.99295e-24
20 5.13856e-24
20.3 3.79566e-24
20.5 4.44482e-24
20.9 5.59373e-24
21 5.59088e-24
21.5 4.0456e-24
22 3.19668e-24
22.5 2.79724e-24
23 2.59758e-24
23.5 2.32136e-24
24 2.1729e-24
24.5 2.11355e-24
25 2.11734e-24
26 2.18327e-24
27 2.11239e-24
28 1.85439e-24
29 1.54827e-24
30 1.28758e-24
31 1.08843e-24
32 9.39669e-25
33 8.27577e-25
34 7.41472e-25
35 6.73933e-25
36 6.19867e-25
37 5.75796e-25
38 5.39283e-25
39 5.08608e-25
40 4.82501e-25
42 4.40506e-25
44 4.0824e-25
46 3.82672e-25
48 3.61873e-25
50 3.44585e-25
52 3.30005e-25
54 3.17346e-25
56 3.06327e-25
58 2.96627e-25
60 2.87957e-25
62 2.80088e-25
64 2.72958e-25
66 2.66378e-25
68 2.60328e-25
70 2.54678e-25
75 2.42079e-25
80 2.31099e-25
85 2.21349e-25
90 2.12579e-25
95 2.04599e-25
100 1.9724e-25
105 1.9048e-25
110 1.8416e-25
115 1.7828e-25
120 1.7284e-25
125 1.6775e-25
130 1.6296e-25
