0.9 130 84
84
0.9 0
1 6.11043e-27
1.5 1.7399e-26
2 3.80628e-26
2.5 7.19448e-26
3 1.24065e-25
3.5 2.01138e-25
4 3.1221e-25
4.5 4.69186e-25
5 6.83852e-25
5.25 7.70053e-25
5.5 4.59366e-25
5.75 3.47456e-25
6 4.35308e-25
6.5 4.17972e-25
7 6.40833e-25
7.5 7.81272e-25
8 1.02521e-24
8.5 1.50118e-24
9 2.38098e-24
9.5 3.94543e-24
10 6.61269e-24
10.5 1.08113e-23
11 1.6273e-23
11.5 2.10109e-23
12 2.03786e-23
12.5 1.6467e-23
13 1.25474e-23
13.5 1.01462e-23
14 1.05536e-23
14.5 1.18184e-23
15 1.2174e-23
15.5 1.14387e-23
16 1.02793e-23
16.5 9.06656e-24
17 7.92422e-24
17.5 7.01032e-24
18 6.02253e-24
18.5 4.8695e-24
19 3.69562e-24
19.5 2.6748e-24
20 1.94455e-24
21 1.22814e-24
22 1.05075e-24
23 1.06157e-24
24 9.91091e-25
25 8.06541e-25
26 6.32778e-25
27 4.7127e-25
28 3.6189e-25
29 3.01949e-25
30 2.5704e-25
32 2.324e-25
34 2.0568e-25
36 1.96962e-25
38 1.88537e-25
40 1.82108e-25
42 1.79265e-25
44 1.7775e-25
46 1.7483e-25
48 1.72135e-25
50 1.6884e-25
52 1.68867e-25
54 1.67641e-25
56 1.65921e-25
58 1.63398e-25
60 1.6231e-25
62 1.58258e-25
64 1.56036e-25
66 1.53771e-25
68 1.50026e-25
70 1.49071e-25
72 1.47317e-25
74 1.41223e-25
76 1.40249e-25
78 1.38705e-25
80 1.32585e-25
85 1.28541e-25
90 1.19363e-25
95 1.11395e-25
100 1.04228e-25
110 8.9006e-26
120 7.7707e-26
130 6.5475e-26
