0.9 130 82
82
0.9 0
1 2.665e-27
1.5 7.68818e-27
2 1.68938e-26
2.5 3.18865e-26
3 5.46607e-26
3.5 8.77694e-26
4 1.34557e-25
4.5 1.9947e-25
5 2.88411e-25
5.5 4.08931e-25
6 5.69725e-25
6.5 7.7893e-25
7 1.04369e-24
7.5 1.37852e-24
8 1.82119e-24
8.5 2.44076e-24
9 3.34233e-24
9.5 4.68687e-24
10 6.72321e-24
10.5 9.78302e-24
11 1.40297e-23
11.5 1.85926e-23
12 2.12571e-23
12.5 2.14427e-23
13 2.11959e-23
13.5 2.20848e-23
14 2.43905e-23
14.5 2.76393e-23
15 3.08083e-23
15.5 3.26252e-23
16 3.23087e-23
16.5 3.00857e-23
17 2.68276e-23
17.5 2.33617e-23
18 2.01643e-23
18.5 1.74114e-23
19 1.51155e-23
19.5 1.32234e-23
20 1.16664e-23
21 9.2825e-24
22 7.60169e-24
23 6.37597e-24
24 5.45356e-24
25 4.74015e-24
26 4.17549e-24
27 3.71991e-24
28 3.3465e-24
29 3.03651e-24
30 2.7765e-24
32 2.3696e-24
34 2.07253e-24
36 1.85302e-24
38 1.69004e-24
40 1.56905e-24
42 1.4795e-24
44 1.41357e-24
46 1.36535e-24
48 1.33033e-24
50 1.30507e-24
52 1.28694e-24
54 1.27394e-24
56 1.26454e-24
58 1.25757e-24
60 1.25216e-24
62 1.24764e-24
64 1.24352e-24
66 1.23941e-24
68 1.23506e-24
70 1.23027e-24
72 1.22491e-24
74 1.21888e-24
76 1.21212e-24
78 1.20462e-24
80 1.19635e-24
85 1.17247e-24
90 1.14437e-24
95 1.11273e-24
100 1.07837e-24
110 1.00492e-24
120 9.30877e-25
130 8.62711e-25
