19.5 130 222
222
19.5 0
20 2.16554e-25
20.5 2.37134e-25
21 2.57713e-25
21.5 2.76892e-25
22 2.9607e-25
22.5 3.11441e-25
23 3.26811e-25
23.5 3.36769e-25
24 3.46727e-25
24.5 3.51099e-25
25 3.5547e-25
25.5 3.55216e-25
26 3.54961e-25
26.5 3.51443e-25
27 3.47925e-25
27.5 3.42363e-25
28 3.36801e-25
28.5 3.3009e-25
29 3.23378e-25
29.5 3.16111e-25
30 3.08844e-25
30.5 3.01397e-25
31 2.9395e-25
31.5 2.86556e-25
32 2.79162e-25
32.5 2.71963e-25
33 2.64765e-25
33.5 2.57848e-25
34 2.50931e-25
34.5 2.44343e-25
35 2.37755e-25
35.5 2.3152e-25
36 2.25285e-25
36.5 2.19411e-25
37 2.13536e-25
37.5 2.08019e-25
38 2.02501e-25
38.5 1.9733e-25
39 1.9216e-25
39.5 1.87321e-25
40 1.82482e-25
40.5 1.77958e-25
41 1.73434e-25
41.5 1.69206e-25
42 1.64979e-25
42.5 1.61028e-25
43 1.57078e-25
43.5 1.53386e-25
44 1.49695e-25
44.5 1.46244e-25
45 1.42792e-25
45.5 1.39564e-25
46 1.36336e-25
46.5 1.33315e-25
47 1.30294e-25
47.5 1.27464e-25
48 1.24634e-25
48.5 1.21981e-25
49 1.19329e-25
49.5 1.1684e-25
50 1.14351e-25
50.5 1.12015e-25
51 1.09678e-25
51.5 1.07481e-25
52 1.05285e-25
52.5 1.03219e-25
53 1.01153e-25
53.5 9.92076e-26
54 9.72621e-26
54.5 9.54287e-26
55 9.35952e-26
55.5 9.18656e-26
56 9.01361e-26
56.5 8.85031e-26
57 8.68701e-26
57.5 8.53269e-26
58 8.37837e-26
58.5 8.2324e-26
59 8.08644e-26
59.5 7.94827e-26
60 7.81009e-26
60.5 7.67918e-26
61 7.54827e-26
61.5 7.42413e-26
62 7.3e-26
62.5 7.18221e-26
63 7.06441e-26
63.5 6.95254e-26
64 6.84067e-26
64.5 6.73434e-26
65 6.62802e-26
65.5 6.52689e-26
66 6.42577e-26
66.5 6.32952e-26
67 6.23327e-26
67.5 6.1416e-26
68 6.04992e-26
68.5 5.96255e-26
69 5.87519e-26
69.5 5.79186e-26
70 5.70854e-26
70.5 5.62902e-26
71 5.54951e-26
71.5 5.47359e-26
72 5.39766e-26
72.5 5.32512e-26
73 5.25258e-26
73.5 5.18323e-26
74 5.11389e-26
74.5 5.04756e-26
75 4.98123e-26
75.5 4.91775e-26
76 4.85427e-26
76.5 4.7935e-26
77 4.73272e-26
77.5 4.67449e-26
78 4.61627e-26
78.5 4.56047e-26
79 4.50467e-26
79.5 4.45116e-26
80 4.39765e-26
80.5 4.34632e-26
81 4.295e-26
81.5 4.24574e-26
82 4.19648e-26
82.5 4.14918e-26
83 4.10189e-26
83.5 4.05646e-26
84 4.01104e-26
84.5 3.96739e-26
85 3.92375e-26
85.5 3.8818e-26
86 3.83985e-26
86.5 3.79951e-26
87 3.75917e-26
87.5 3.72038e-26
88 3.68158e-26
88.5 3.64425e-26
89 3.60692e-26
89.5 3.571e-26
90 3.53507e-26
90.5 3.50049e-26
91 3.46591e-26
91.5 3.4326e-26
92 3.3993e-26
92.5 3.36722e-26
93 3.33515e-26
93.5 3.30425e-26
94 3.27335e-26
94.5 3.24357e-26
95 3.21379e-26
95.5 3.1851e-26
96 3.1564e-26
96.5 3.12874e-26
97 3.10108e-26
97.5 3.07442e-26
98 3.04775e-26
98.5 3.02204e-26
99 2.99633e-26
99.5 2.97154e-26
100 2.94676e-26
100.5 2.92285e-26
101 2.89895e-26
101.5 2.8759e-26
102 2.85286e-26
102.5 2.83063e-26
103 2.80841e-26
103.5 2.78698e-26
104 2.76556e-26
104.5 2.7449e-26
105 2.72425e-26
105.5 2.70434e-26
106 2.62703e-26
106.5 2.60944e-26
107 2.59194e-26
107.5 2.57451e-26
108 2.55717e-26
108.5 2.53991e-26
109 2.52283e-26
109.5 2.50716e-26
110 2.49157e-26
110.5 2.47605e-26
111 2.4606e-26
111.5 2.44522e-26
112 2.42991e-26
112.5 2.41605e-26
113 2.40231e-26
113.5 2.38862e-26
114 2.375e-26
114.5 2.36143e-26
115 2.34793e-26
115.5 2.33551e-26
116 2.32359e-26
116.5 2.31172e-26
117 2.2999e-26
117.5 2.28813e-26
118 2.27641e-26
118.5 2.26513e-26
119 2.25507e-26
119.5 2.24504e-26
120 2.23506e-26
120.5 2.22512e-26
121 2.21522e-26
121.5 2.20536e-26
122 2.1966e-26
122.5 2.18852e-26
123 2.18047e-26
123.5 2.17245e-26
124 2.16446e-26
124.5 2.15651e-26
125 2.14859e-26
125.5 2.14225e-26
126 2.1363e-26
126.5 2.13037e-26
127 2.12446e-26
127.5 2.11858e-26
128 2.11273e-26
128.5 2.10689e-26
129 2.10287e-26
129.5 2.09929e-26
130 2.09573e-26
