7 130 247
247
7 0
7.5 1.2383e-25
8 1.80617e-25
8.5 3.13749e-25
9 4.46881e-25
9.5 7.31625e-25
10 1.01637e-24
10.5 1.57294e-24
11 2.1295e-24
11.5 3.10761e-24
12 4.08571e-24
12.5 5.58127e-24
13 7.07683e-24
13.5 9.0435e-24
14 1.10102e-23
14.5 1.32733e-23
15 1.55365e-23
15.5 1.70872e-23
16 1.8638e-23
16.5 1.8126e-23
17 1.7614e-23
17.5 1.59818e-23
18 1.43495e-23
18.5 1.27754e-23
19 1.12013e-23
19.5 9.98563e-24
20 8.76997e-24
20.5 7.87363e-24
21 6.97729e-24
21.5 6.31732e-24
22 5.65736e-24
22.5 5.16661e-24
23 4.67585e-24
23.5 4.30629e-24
24 3.93673e-24
24.5 3.65477e-24
25 3.37281e-24
25.5 3.15483e-24
26 2.93684e-24
26.5 2.76602e-24
27 2.59519e-24
27.5 2.45941e-24
28 2.32363e-24
28.5 2.21407e-24
29 2.10452e-24
29.5 2.01474e-24
30 1.92496e-24
30.5 1.85023e-24
31 1.77549e-24
31.5 1.71231e-24
32 1.64913e-24
32.5 1.59496e-24
33 1.54079e-24
33.5 1.49375e-24
34 1.44671e-24
34.5 1.40542e-24
35 1.36413e-24
35.5 1.32757e-24
36 1.29101e-24
36.5 1.25842e-24
37 1.22582e-24
37.5 1.1966e-24
38 1.16739e-24
38.5 1.1411e-24
39 1.1148e-24
39.5 1.09108e-24
40 1.06735e-24
40.5 1.0459e-24
41 1.02444e-24
41.5 1.00502e-24
42 9.85587e-25
42.5 9.67977e-25
43 9.50368e-25
43.5 9.34396e-25
44 9.18424e-25
44.5 9.03931e-25
45 8.89438e-25
45.5 8.76284e-25
46 8.6313e-25
46.5 8.51188e-25
47 8.39246e-25
47.5 8.28403e-25
48 8.17561e-25
48.5 8.07715e-25
49 7.97869e-25
49.5 7.88926e-25
50 7.79984e-25
50.5 7.71862e-25
51 7.63739e-25
51.5 7.56359e-25
52 7.4898e-25
52.5 7.42273e-25
53 7.35567e-25
53.5 7.2947e-25
54 7.23374e-25
54.5 7.17829e-25
55 7.12284e-25
55.5 7.07239e-25
56 7.02193e-25
56.5 6.97599e-25
57 6.93004e-25
57.5 6.88818e-25
58 6.84631e-25
58.5 6.80811e-25
59 6.76992e-25
59.5 6.73504e-25
60 6.70016e-25
60.5 6.66827e-25
61 6.63637e-25
61.5 6.60715e-25
62 6.57793e-25
62.5 6.55112e-25
63 6.52431e-25
63.5 6.49965e-25
64 6.475e-25
64.5 6.45227e-25
65 6.42954e-25
65.5 6.40853e-25
66 6.38752e-25
66.5 6.36805e-25
67 6.34857e-25
67.5 6.33046e-25
68 6.31234e-25
68.5 6.29544e-25
69 6.27853e-25
69.5 6.26269e-25
70 6.24684e-25
70.5 6.23194e-25
71 6.21703e-25
71.5 6.20295e-25
72 6.18887e-25
72.5 6.17551e-25
73 6.16214e-25
73.5 6.1494e-25
74 6.13666e-25
74.5 6.12446e-25
75 6.11226e-25
75.5 6.10053e-25
76 6.08879e-25
76.5 6.07745e-25
77 6.06611e-25
77.5 6.0551e-25
78 6.04409e-25
78.5 6.03337e-25
79 6.02264e-25
79.5 6.01215e-25
80 6.00165e-25
80.5 5.99135e-25
81 5.98105e-25
81.5 5.97089e-25
82 5.96074e-25
82.5 5.95071e-25
83 5.94068e-25
83.5 5.93074e-25
84 5.9208e-25
84.5 5.91093e-25
85 5.90106e-25
85.5 5.89123e-25
86 5.88141e-25
86.5 5.87162e-25
87 5.86183e-25
87.5 5.85205e-25
88 5.84228e-25
88.5 5.83251e-25
89 5.82274e-25
89.5 5.81298e-25
90 5.80321e-25
90.5 5.79344e-25
91 5.78366e-25
91.5 5.77388e-25
92 5.7641e-25
92.5 5.75431e-25
93 5.74453e-25
93.5 5.73473e-25
94 5.72494e-25
94.5 5.71514e-25
95 5.70535e-25
95.5 5.69556e-25
96 5.68577e-25
96.5 5.67599e-25
97 5.66621e-25
97.5 5.65646e-25
98 5.64671e-25
98.5 5.637e-25
99 5.62728e-25
99.5 5.61762e-25
100 5.60795e-25
100.5 5.59836e-25
101 5.58876e-25
101.5 5.57926e-25
102 5.56975e-25
102.5 5.56035e-25
103 5.55095e-25
103.5 5.54168e-25
104 5.53241e-25
104.5 5.52329e-25
105 5.51418e-25
105.5 5.50525e-25
106 5.37963e-25
106.5 5.37275e-25
107 5.3659e-25
107.5 5.35909e-25
108 5.35231e-25
108.5 5.34555e-25
109 5.3389e-25
109.5 5.33322e-25
110 5.32757e-25
110.5 5.32195e-25
111 5.31635e-25
111.5 5.31077e-25
112 5.30522e-25
112.5 5.30123e-25
113 5.29731e-25
113.5 5.29341e-25
114 5.28952e-25
114.5 5.28565e-25
115 5.2818e-25
115.5 5.27959e-25
116 5.27809e-25
116.5 5.2766e-25
117 5.27512e-25
117.5 5.27365e-25
118 5.27218e-25
118.5 5.27153e-25
119 5.27334e-25
119.5 5.27515e-25
120 5.27695e-25
120.5 5.27874e-25
121 5.28052e-25
121.5 5.2823e-25
122 5.28683e-25
122.5 5.29304e-25
123 5.29922e-25
123.5 5.30537e-25
124 5.3115e-25
124.5 5.3176e-25
125 5.32368e-25
125.5 5.33449e-25
126 5.34638e-25
126.5 5.35821e-25
127 5.37001e-25
127.5 5.38175e-25
128 5.39345e-25
128.5 5.40511e-25
129 5.42277e-25
129.5 5.44182e-25
130 5.46081e-25
