0.9 130 82
82
0.9 0
1 1.61372e-27
1.5 4.57914e-27
2 9.9288e-27
2.5 1.85139e-26
3 3.13567e-26
3.5 4.97163e-26
4 7.51787e-26
4.5 1.09784e-25
5 1.56202e-25
5.5 2.17977e-25
6 2.99821e-25
6.5 4.07851e-25
7 5.49373e-25
7.5 7.31256e-25
8 9.56138e-25
8.5 1.22043e-24
9 1.52489e-24
9.5 1.89234e-24
10 2.36667e-24
10.5 2.9992e-24
11 3.84404e-24
11.5 4.95816e-24
12 6.39314e-24
12.5 8.16817e-24
13 1.02205e-23
13.5 1.23532e-23
14 1.42471e-23
14.5 1.55995e-23
15 1.63119e-23
15.5 1.65211e-23
16 1.64332e-23
16.5 1.61522e-23
17 1.56514e-23
17.5 1.48707e-23
18 1.38213e-23
18.5 1.26018e-23
19 1.13397e-23
19.5 1.01353e-23
20 9.04398e-24
21 7.23856e-24
22 5.89872e-24
23 4.90377e-24
24 4.15145e-24
25 3.56981e-24
26 3.11043e-24
27 2.74075e-24
28 2.43853e-24
29 2.18825e-24
30 1.97885e-24
32 1.6523e-24
34 1.41503e-24
36 1.24049e-24
38 1.11132e-24
40 1.01555e-24
42 9.44572e-25
44 8.92072e-25
46 8.53339e-25
48 8.24841e-25
50 8.03914e-25
52 7.88549e-25
54 7.77224e-25
56 7.68791e-25
58 7.62382e-25
60 7.57342e-25
62 7.53176e-25
64 7.49514e-25
66 7.46079e-25
68 7.42666e-25
70 7.39126e-25
72 7.35351e-25
74 7.31268e-25
76 7.26826e-25
78 7.21996e-25
80 7.16764e-25
85 7.01925e-25
90 6.84735e-25
95 6.65549e-25
100 6.44814e-25
110 6.0067e-25
120 5.56281e-25
130 5.15465e-25
