0.9 130 82
82
0.9 0
1 2.79172e-27
1.5 8.06651e-27
2 1.7743e-26
2.5 3.35119e-26
3 5.74729e-26
3.5 9.23104e-26
4 1.41535e-25
4.5 2.0981e-25
5 3.03324e-25
5.5 4.3003e-25
6 5.99186e-25
6.5 8.19557e-25
7 1.09823e-24
7.5 1.44784e-24
8 1.9029e-24
8.5 2.52841e-24
9 3.42089e-24
9.5 4.72185e-24
10 6.64747e-24
10.5 9.52177e-24
11 1.37573e-23
11.5 1.95632e-23
12 2.59812e-23
12.5 3.0201e-23
13 3.04632e-23
13.5 2.87226e-23
14 2.7525e-23
14.5 2.77654e-23
15 2.91122e-23
15.5 3.05844e-23
16 3.10497e-23
16.5 2.99051e-23
17 2.74037e-23
17.5 2.42583e-23
18 2.10925e-23
18.5 1.82401e-23
19 1.58077e-23
19.5 1.37842e-23
20 1.21148e-23
21 9.56698e-24
22 7.78316e-24
23 6.49208e-24
24 5.52696e-24
25 4.78473e-24
26 4.20009e-24
27 3.73037e-24
28 3.34684e-24
29 3.02955e-24
30 2.76432e-24
32 2.35111e-24
34 2.05114e-24
36 1.83059e-24
38 1.66752e-24
40 1.54685e-24
42 1.45776e-24
44 1.39229e-24
46 1.34447e-24
48 1.30976e-24
50 1.28474e-24
52 1.26679e-24
54 1.25392e-24
56 1.2446e-24
58 1.2377e-24
60 1.23233e-24
62 1.22785e-24
64 1.22377e-24
66 1.21971e-24
68 1.21541e-24
70 1.21068e-24
72 1.20539e-24
74 1.19944e-24
76 1.19278e-24
78 1.18539e-24
80 1.17725e-24
85 1.15373e-24
90 1.12607e-24
95 1.09493e-24
100 1.06111e-24
110 9.88834e-25
120 9.15968e-25
130 8.4889e-25
