0.5 130 260
260
0.5 0
1 3.02377e-29
1.5 4.08497e-28
2 1.41639e-27
2.5 5.03847e-27
3 1.54652e-26
3.5 3.87465e-26
4 8.16108e-26
4.5 1.48879e-25
5 2.43801e-25
5.5 3.70737e-25
6 5.36676e-25
6.5 7.50814e-25
7 1.02095e-24
7.5 1.36002e-24
8 1.73049e-24
8.5 2.15388e-24
9 2.67057e-24
9.5 4.0016e-24
10 4.92622e-24
10.5 6.13581e-24
11 7.73656e-24
11.5 9.86194e-24
12 1.26771e-23
12.5 1.63672e-23
13 2.10498e-23
13.5 2.65755e-23
14 3.22088e-23
14.5 3.64954e-23
15 3.79112e-23
15.5 3.60818e-23
16 3.20606e-23
16.5 2.7314e-23
17 2.28315e-23
17.5 1.90146e-23
18 1.59149e-23
18.5 1.34437e-23
19 1.14806e-23
19.5 9.91479e-24
20 8.65596e-24
20.5 7.71557e-24
21 6.77518e-24
21.5 6.13035e-24
22 5.48552e-24
22.5 5.0273e-24
23 4.56908e-24
23.5 4.23329e-24
24 3.89751e-24
24.5 3.64498e-24
25 3.39246e-24
25.5 3.19838e-24
26 3.00429e-24
26.5 2.85238e-24
27 2.70046e-24
27.5 2.5797e-24
28 2.45894e-24
28.5 2.36169e-24
29 2.26443e-24
29.5 2.18522e-24
30 2.10601e-24
30.5 2.04643e-24
31 1.98686e-24
31.5 1.92729e-24
32 1.86771e-24
32.5 1.82619e-24
33 1.78468e-24
33.5 1.74316e-24
34 1.70164e-24
34.5 1.67199e-24
35 1.64233e-24
35.5 1.61268e-24
36 1.58302e-24
36.5 1.56142e-24
37 1.53982e-24
37.5 1.51822e-24
38 1.49661e-24
38.5 1.48061e-24
39 1.4646e-24
39.5 1.44859e-24
40 1.43259e-24
40.5 1.42055e-24
41 1.40851e-24
41.5 1.39647e-24
42 1.38442e-24
42.5 1.37523e-24
43 1.36603e-24
43.5 1.35684e-24
44 1.34764e-24
44.5 1.3405e-24
45 1.33335e-24
45.5 1.32621e-24
46 1.31906e-24
46.5 1.31341e-24
47 1.30776e-24
47.5 1.30211e-24
48 1.29645e-24
48.5 1.29188e-24
49 1.28731e-24
49.5 1.28273e-24
50 1.27816e-24
50.5 1.27437e-24
51 1.27057e-24
51.5 1.26677e-24
52 1.26298e-24
52.5 1.25973e-24
53 1.25648e-24
53.5 1.25324e-24
54 1.24999e-24
54.5 1.24712e-24
55 1.24426e-24
55.5 1.24139e-24
56 1.23853e-24
56.5 1.23591e-24
57 1.2333e-24
57.5 1.23068e-24
58 1.22807e-24
58.5 1.22561e-24
59 1.22315e-24
59.5 1.22069e-24
60 1.21823e-24
60.5 1.21586e-24
61 1.21348e-24
61.5 1.21111e-24
62 1.20873e-24
62.5 1.20638e-24
63 1.20403e-24
63.5 1.20167e-24
64 1.19932e-24
64.5 1.19696e-24
65 1.19459e-24
65.5 1.19223e-24
66 1.18986e-24
66.5 1.18745e-24
67 1.18503e-24
67.5 1.18262e-24
68 1.18021e-24
68.5 1.17773e-24
69 1.17525e-24
69.5 1.17278e-24
70 1.1703e-24
70.5 1.16773e-24
71 1.16517e-24
71.5 1.16261e-24
72 1.16004e-24
72.5 1.15739e-24
73 1.15473e-24
73.5 1.15207e-24
74 1.14941e-24
74.5 1.14665e-24
75 1.1439e-24
75.5 1.14114e-24
76 1.13839e-24
76.5 1.13553e-24
77 1.13267e-24
77.5 1.12981e-24
78 1.12695e-24
78.5 1.12399e-24
79 1.12103e-24
79.5 1.11806e-24
80 1.1151e-24
80.5 1.11197e-24
81 1.10884e-24
81.5 1.1057e-24
82 1.10257e-24
82.5 1.09944e-24
83 1.0963e-24
83.5 1.09317e-24
84 1.09004e-24
84.5 1.08691e-24
85 1.08377e-24
85.5 1.08042e-24
86 1.07707e-24
86.5 1.07371e-24
87 1.07036e-24
87.5 1.06701e-24
88 1.06365e-24
88.5 1.0603e-24
89 1.05695e-24
89.5 1.05359e-24
90 1.05024e-24
90.5 1.04671e-24
91 1.04319e-24
91.5 1.03966e-24
92 1.03613e-24
92.5 1.03261e-24
93 1.02908e-24
93.5 1.02556e-24
94 1.02203e-24
94.5 1.0185e-24
95 1.01498e-24
95.5 1.01133e-24
96 1.00768e-24
96.5 1.00403e-24
97 1.00039e-24
97.5 9.9674e-25
98 9.93092e-25
98.5 9.89445e-25
99 9.85797e-25
99.5 9.82149e-25
100 9.78502e-25
100.5 9.74791e-25
101 9.7108e-25
101.5 9.67369e-25
102 9.63658e-25
102.5 9.59947e-25
103 9.56237e-25
103.5 9.52526e-25
104 9.48815e-25
104.5 9.45104e-25
105 9.41393e-25
105.5 9.37682e-25
106 9.33971e-25
106.5 9.3026e-25
107 9.26549e-25
107.5 9.22839e-25
108 9.19128e-25
108.5 9.15417e-25
109 9.11706e-25
109.5 9.07995e-25
110 9.04284e-25
110.5 9.00688e-25
111 8.97093e-25
111.5 8.93497e-25
112 8.89901e-25
112.5 8.86305e-25
113 8.8271e-25
113.5 8.79114e-25
114 8.75518e-25
114.5 8.71922e-25
115 8.68327e-25
115.5 8.64731e-25
116 8.61135e-25
116.5 8.57539e-25
117 8.53944e-25
117.5 8.50348e-25
118 8.46752e-25
118.5 8.43157e-25
119 8.39561e-25
119.5 8.35965e-25
120 8.32369e-25
120.5 8.29124e-25
121 8.25878e-25
121.5 8.22632e-25
122 8.19387e-25
122.5 8.16141e-25
123 8.12895e-25
123.5 8.0965e-25
124 8.06404e-25
124.5 8.03158e-25
125 7.99912e-25
125.5 7.96667e-25
126 7.93421e-25
126.5 7.90175e-25
127 7.8693e-25
127.5 7.83684e-25
128 7.80438e-25
128.5 7.77193e-25
129 7.73947e-25
129.5 7.70701e-25
130 7.67456e-25
