0.9 130 82
82
0.9 0
1 1.89899e-28
1.5 4.82056e-28
2 9.60224e-28
2.5 1.67247e-27
3 2.67462e-27
3.5 4.03262e-27
4 5.82561e-27
4.5 8.15063e-27
5 1.11296e-26
5.5 1.49199e-26
6 1.97279e-26
6.5 2.58267e-26
7 3.35794e-26
7.5 4.34712e-26
8 5.61554e-26
8.5 7.25171e-26
9 9.3747e-26
9.5 1.21373e-25
10 1.57059e-25
10.5 2.01703e-25
11 2.53277e-25
11.5 3.04824e-25
12 3.48303e-25
12.5 3.84379e-25
13 4.23707e-25
13.5 4.78529e-25
14 5.58767e-25
14.5 6.74427e-25
15 8.39847e-25
15.5 1.07926e-24
16 1.43639e-24
16.5 1.9922e-24
17 2.88392e-24
17.5 4.20632e-24
18 5.43429e-24
18.5 5.65243e-24
19 5.5222e-24
19.5 5.73679e-24
20 6.16206e-24
21 6.23887e-24
22 4.88261e-24
23 3.47465e-24
24 2.54971e-24
25 2.01051e-24
26 1.71586e-24
27 1.56577e-24
28 1.47556e-24
29 1.37255e-24
30 1.23069e-24
32 9.27347e-25
34 7.11094e-25
36 5.7697e-25
38 4.92648e-25
40 4.37609e-25
42 4.00513e-25
44 3.7493e-25
46 3.57013e-25
48 3.44337e-25
50 3.35307e-25
52 3.28834e-25
54 3.24157e-25
56 3.20732e-25
58 3.18166e-25
60 3.16168e-25
62 3.14527e-25
64 3.13086e-25
66 3.11729e-25
68 3.10371e-25
70 3.0895e-25
72 3.07423e-25
74 3.05761e-25
76 3.03942e-25
78 3.01956e-25
80 2.99797e-25
85 2.93648e-25
90 2.86499e-25
95 2.78502e-25
100 2.69848e-25
110 2.51403e-25
120 2.3284e-25
130 2.15766e-25
