0.9 130 82
82
0.9 0
1 1.52173e-27
1.5 4.31292e-27
2 9.35106e-27
2.5 1.74516e-26
3 2.96079e-26
3.5 4.70645e-26
4 7.1421e-26
4.5 1.04782e-25
5 1.49974e-25
5.5 2.10849e-25
6 2.92654e-25
6.5 4.02327e-25
7 5.4824e-25
7.5 7.38762e-25
8 9.81103e-25
8.5 1.28743e-24
9 1.68792e-24
9.5 2.21835e-24
10 2.8523e-24
10.5 3.47924e-24
11 4.10754e-24
11.5 4.93431e-24
12 6.15177e-24
12.5 7.89785e-24
13 1.02734e-23
13.5 1.32676e-23
14 1.65732e-23
14.5 1.95107e-23
15 2.14239e-23
15.5 2.21655e-23
16 2.19142e-23
16.5 2.08323e-23
17 1.91113e-23
17.5 1.70485e-23
18 1.49455e-23
18.5 1.3003e-23
19 1.13083e-23
19.5 9.87361e-24
20 8.67542e-24
21 6.82883e-24
22 5.52848e-24
23 4.58728e-24
24 3.8856e-24
25 3.34806e-24
26 2.92643e-24
27 2.58908e-24
28 2.31469e-24
29 2.08851e-24
30 1.90007e-24
32 1.60787e-24
34 1.3971e-24
36 1.24319e-24
38 1.13024e-24
40 1.04734e-24
42 9.867e-25
44 9.42573e-25
46 9.10688e-25
48 8.87832e-25
50 8.71585e-25
52 8.60115e-25
54 8.52041e-25
56 8.46322e-25
58 8.42171e-25
60 8.38998e-25
62 8.36363e-25
64 8.33938e-25
66 8.31479e-25
68 8.28813e-25
70 8.25814e-25
72 8.22395e-25
74 8.18501e-25
76 8.14099e-25
78 8.09172e-25
80 8.03719e-25
85 7.87859e-25
90 7.69102e-25
95 7.47927e-25
100 7.24893e-25
110 6.75596e-25
120 6.25854e-25
130 5.80044e-25
