0.9 130 82
82
0.9 0
1 3.74651e-28
1.5 9.77485e-28
2 1.99115e-27
2.5 3.53416e-27
3 5.74538e-27
3.5 8.79064e-27
4 1.28717e-26
4.5 1.82388e-26
5 2.52095e-26
5.5 3.41953e-26
6 4.57391e-26
6.5 6.05667e-26
7 7.96578e-26
7.5 1.04342e-25
8 1.36416e-25
8.5 1.7823e-25
9 2.32528e-25
9.5 3.01496e-25
10 3.84163e-25
10.5 4.73295e-25
11 5.58775e-25
11.5 6.40712e-25
12 7.3453e-25
12.5 8.60798e-25
13 1.03852e-24
13.5 1.28765e-24
14 1.63434e-24
14.5 2.11544e-24
15 2.78053e-24
15.5 3.68497e-24
16 4.85535e-24
16.5 6.20319e-24
17 7.43427e-24
17.5 8.18224e-24
18 8.39737e-24
18.5 8.39587e-24
19 8.46877e-24
19.5 8.63771e-24
20 8.69759e-24
21 7.74292e-24
22 5.88911e-24
23 4.287e-24
24 3.1867e-24
25 2.45746e-24
26 1.96319e-24
27 1.6162e-24
28 1.3641e-24
29 1.1754e-24
30 1.03058e-24
32 8.26741e-25
34 6.94182e-25
36 6.04437e-25
38 5.42131e-25
40 4.98235e-25
42 4.6708e-25
44 4.44922e-25
46 4.29193e-25
48 4.18078e-25
50 4.10272e-25
52 4.04822e-25
54 4.01029e-25
56 3.98373e-25
58 3.96467e-25
60 3.95026e-25
62 3.93838e-25
64 3.92744e-25
66 3.91631e-25
68 3.90415e-25
70 3.89037e-25
72 3.87457e-25
74 3.85649e-25
76 3.83597e-25
78 3.81295e-25
80 3.78743e-25
85 3.71301e-25
90 3.62482e-25
95 3.52516e-25
100 3.41669e-25
110 3.18443e-25
120 2.95e-25
130 2.73407e-25
