0.9 130 82
82
0.9 0
1 1.89327e-28
1.5 4.79341e-28
2 9.52761e-28
2.5 1.65649e-27
3 2.64504e-27
3.5 3.98279e-27
4 5.74702e-27
4.5 8.03242e-27
5 1.0958e-26
5.5 1.46769e-26
6 1.93902e-26
6.5 2.53633e-26
7 3.29487e-26
7.5 4.26164e-26
8 5.49986e-26
8.5 7.09521e-26
9 9.16349e-26
9.5 1.18556e-25
10 1.53445e-25
10.5 1.97507e-25
11 2.49447e-25
11.5 3.03001e-25
12 3.49246e-25
12.5 3.8646e-25
13 4.24256e-25
13.5 4.75649e-25
14 5.514e-25
14.5 6.61671e-25
15 8.20354e-25
15.5 1.05063e-24
16 1.39407e-24
16.5 1.92682e-24
17 2.77472e-24
17.5 4.01435e-24
18 5.15233e-24
18.5 5.36896e-24
19 5.25278e-24
19.5 5.43238e-24
20 5.79465e-24
21 5.82971e-24
22 4.59642e-24
23 3.30219e-24
24 2.4384e-24
25 1.92852e-24
26 1.6462e-24
27 1.49902e-24
28 1.40834e-24
29 1.30768e-24
30 1.17323e-24
32 8.88358e-25
34 6.84256e-25
36 5.56926e-25
38 4.76613e-25
40 4.24121e-25
42 3.88742e-25
44 3.64365e-25
46 3.47322e-25
48 3.35294e-25
50 3.26751e-25
52 3.2065e-25
54 3.16261e-25
56 3.13061e-25
58 3.10673e-25
60 3.0882e-25
62 3.07299e-25
64 3.05958e-25
66 3.04687e-25
68 3.03406e-25
70 3.02057e-25
72 3.00597e-25
74 2.98998e-25
76 2.97243e-25
78 2.9532e-25
80 2.93225e-25
85 2.87242e-25
90 2.8027e-25
95 2.72461e-25
100 2.64004e-25
110 2.4597e-25
120 2.27815e-25
130 2.11113e-25
