0.9 130 82
82
0.9 0
1 5.96786e-28
1.5 1.56321e-27
2 3.19347e-27
2.5 5.68e-27
3 9.24713e-27
3.5 1.41612e-26
4 2.07443e-26
4.5 2.93929e-26
5 4.06053e-26
5.5 5.50198e-26
6 7.34693e-26
6.5 9.70572e-26
7 1.27265e-25
7.5 1.66098e-25
8 2.16279e-25
8.5 2.81411e-25
9 3.65864e-25
9.5 4.73571e-25
10 6.04239e-25
10.5 7.47131e-25
11 8.81782e-25
11.5 9.97774e-25
12 1.11154e-24
12.5 1.25247e-24
13 1.44433e-24
13.5 1.70324e-24
14 2.04225e-24
14.5 2.47355e-24
15 3.00677e-24
15.5 3.64341e-24
16 4.36806e-24
16.5 5.14037e-24
17 5.8959e-24
17.5 6.56135e-24
18 7.07574e-24
18.5 7.40116e-24
19 7.5211e-24
19.5 7.4387e-24
20 7.17865e-24
21 6.30058e-24
22 5.27839e-24
23 4.35323e-24
24 3.59851e-24
25 3.00546e-24
26 2.54262e-24
27 2.17898e-24
28 1.88987e-24
29 1.65694e-24
30 1.46686e-24
32 1.17908e-24
34 9.75813e-25
36 8.28463e-25
38 7.19821e-25
40 6.38866e-25
42 5.78147e-25
44 5.32421e-25
46 4.97885e-25
48 4.71733e-25
50 4.51869e-25
52 4.36715e-25
54 4.25078e-25
56 4.16056e-25
58 4.08961e-25
60 4.03272e-25
62 3.98592e-25
64 3.94618e-25
66 3.91121e-25
68 3.87927e-25
70 3.84904e-25
72 3.81955e-25
74 3.79006e-25
76 3.76006e-25
78 3.72915e-25
80 3.69709e-25
85 3.61099e-25
90 3.51601e-25
95 3.4129e-25
100 3.30329e-25
110 3.07309e-25
120 2.84371e-25
130 2.63368e-25
